0 0.094927 0.782514 -0.012725 0.674862 0.030477 0.631660 0.138129 0.739312
0 0.145423 0.842776 0.002615 0.708112 0.124222 0.579152 0.267029 0.713816
0 0.728943 0.404031 0.515622 0.190709 0.538568 0.167763 0.751890 0.381084
0 0.722569 0.438452 0.503298 0.219181 0.533044 0.189435 0.752315 0.408706
0 0.729368 0.480096 0.487150 0.237878 0.516047 0.208982 0.758265 0.451200
0 0.717470 0.523441 0.462504 0.268474 0.499049 0.231929 0.754015 0.486895
0 0.546785 0.805178 0.251238 0.479475 0.477946 0.273758 0.773493 0.599462
0 0.258552 0.712502 0.099200 0.571562 0.121841 0.545963 0.281194 0.686903
0 0.721011 0.560977 0.463186 0.293197 0.500410 0.257356 0.758235 0.525137
0 0.737442 0.392701 0.524120 0.179379 0.547067 0.156432 0.760389 0.369754
0 0.742401 0.374994 0.529079 0.161672 0.552026 0.138725 0.765348 0.352047
0 0.752315 0.363662 0.538993 0.150340 0.561940 0.127393 0.775262 0.340715
0 0.752315 0.350913 0.538993 0.137591 0.561941 0.114644 0.775262 0.327966
