0 0.997596 0.939904 -0.000000 0.939904 0.000000 0.680288 0.997596 0.680288
0 0.000000 0.392127 -0.000569 0.351403 0.537292 0.343891 0.537861 0.384615
0 0.600962 0.450721 -0.000000 0.450721 0.000000 0.375601 0.600962 0.375601
0 0.000000 0.510817 -0.001470 0.432186 0.646635 0.420072 0.648104 0.498703
0 0.000000 0.611478 -0.004485 0.515534 0.734697 0.480979 0.739183 0.576923
0 0.000000 0.724159 -0.005847 0.598228 0.840929 0.558914 0.846775 0.684844
0 0.000000 0.354567 -0.000482 0.320019 0.537378 0.312507 0.537861 0.347055
0 0.016526 0.332031 0.015306 0.297519 0.482553 0.280993 0.483774 0.315505
0 0.018569 0.302054 0.018029 0.271935 0.443100 0.264317 0.443639 0.294437
0 0.027382 0.276456 0.027043 0.247897 0.408315 0.243376 0.408654 0.271935
