0 0.470095 0.642593 0.437566 0.642593 0.437566 0.349073 0.470095 0.349073
0 0.438090 0.642592 0.410808 0.642592 0.410808 0.347222 0.438090 0.347222
0 0.411332 0.621296 0.388247 0.621296 0.388247 0.343518 0.411332 0.343518
0 0.385625 0.615741 0.362540 0.615741 0.362540 0.337963 0.385625 0.337963
0 0.364637 0.596297 0.343126 0.596297 0.343126 0.337964 0.364637 0.337964
0 0.341028 0.585185 0.320566 0.585185 0.320566 0.333333 0.341028 0.333333
0 0.322141 0.579630 0.301679 0.579630 0.301679 0.327778 0.322141 0.327778
0 0.302728 0.561111 0.282266 0.561111 0.282266 0.325927 0.302728 0.325927
0 0.301679 0.559260 0.281217 0.559260 0.281217 0.324074 0.301679 0.324074
0 0.283316 0.556482 0.267052 0.556482 0.267052 0.327778 0.283316 0.327778
0 0.251858 0.537507 0.244491 0.322222 0.263357 0.321577 0.270724 0.536861
0 0.729437 1.001147 0.726079 0.570056 0.992235 0.567983 0.995593 0.999074
0 0.240106 0.536024 0.232739 0.320740 0.251604 0.320094 0.258972 0.535379
0 0.226675 0.531579 0.219307 0.316294 0.238173 0.315649 0.245540 0.530933
0 0.219210 0.512313 0.210186 0.319903 0.223924 0.319258 0.232949 0.511669
0 0.204939 0.509349 0.195915 0.316939 0.209654 0.316295 0.218678 0.508705
