0 0.410264 0.552380 0.333870 0.552380 0.333870 0.095529 0.410264 0.095529
0 0.338462 0.552837 0.283654 0.552837 0.283654 0.171971 0.338462 0.171971
0 0.288726 0.562981 0.246779 0.562981 0.246779 0.222188 0.288726 0.222188
0 0.246827 0.559279 0.213149 0.559279 0.213149 0.253486 0.246827 0.253486
0 0.218221 0.569880 0.185096 0.569880 0.185096 0.286659 0.218221 0.286659
0 0.189207 0.562043 0.165769 0.562043 0.165769 0.308750 0.189207 0.308750
0 0.170841 0.560216 0.147332 0.560216 0.147332 0.325793 0.170841 0.325793
0 0.150577 0.560216 0.130721 0.560216 0.130721 0.342837 0.150577 0.342837
0 0.134904 0.559760 0.118798 0.559760 0.118798 0.363101 0.134904 0.363101
0 0.125240 0.570793 0.107740 0.570793 0.107740 0.382452 0.125240 0.382452
0 0.106779 0.567572 0.093462 0.567572 0.093462 0.390721 0.106779 0.390721
0 0.094808 0.566202 0.083317 0.566202 0.083317 0.394880 0.094808 0.394880
0 0.085168 0.566659 0.070841 0.566659 0.070841 0.404543 0.085168 0.404543
0 0.072284 0.560673 0.064904 0.560673 0.064904 0.418365 0.072284 0.418365
0 0.065817 0.557909 0.052885 0.557909 0.052885 0.429423 0.065817 0.429423
0 0.424303 1.000000 0.343125 1.000000 0.343125 0.718798 0.424303 0.718798
0 0.344087 1.000000 0.282957 1.000000 0.282957 0.695889 0.344087 0.695889
0 0.290601 0.999567 0.242861 0.999567 0.242861 0.673918 0.290601 0.673918
0 0.253365 0.966130 0.208462 0.966130 0.208462 0.654808 0.253365 0.654808
0 0.218029 0.918389 0.188413 0.918389 0.188413 0.640505 0.218029 0.640505
0 0.202740 0.875409 0.164543 0.875409 0.164543 0.625216 0.202740 0.625216
0 0.165505 0.846755 0.136851 0.846755 0.136851 0.615673 0.165505 0.615673
0 0.141635 0.810481 0.122524 0.810481 0.122524 0.608990 0.141635 0.608990
