1 0.295649 1.000000 0.233293 1.000000 0.233293 0.775721 0.295649 0.775721
1 0.233966 1.000000 0.196154 1.000000 0.196154 0.728558 0.233966 0.728558
1 0.762260 0.853125 0.592740 0.853125 0.592740 0.147187 0.762260 0.147187
1 0.564014 0.791947 0.444663 0.791947 0.444663 0.231707 0.564014 0.231707
1 0.447837 0.752957 0.361899 0.752957 0.361899 0.277067 0.447837 0.277067
1 0.360288 0.717139 0.284688 0.717139 0.284688 0.313678 0.360288 0.313678
1 0.143702 0.618966 0.116082 0.618966 0.116082 0.376370 0.143702 0.376370
1 0.121058 0.606274 0.091202 0.606274 0.091202 0.390745 0.121058 0.390745
1 0.103365 0.605168 0.081250 0.605168 0.081250 0.397933 0.103365 0.397933
1 0.089543 0.599087 0.068558 0.599087 0.068558 0.401779 0.089543 0.401779
1 0.081803 0.599087 0.050312 0.599087 0.050312 0.420024 0.081803 0.420024
1 0.563918 1.000000 0.450457 1.000000 0.450457 0.900144 0.563918 0.900144
1 0.444736 0.998678 0.353053 0.998678 0.353053 0.847428 0.444736 0.847428
1 0.362452 1.000000 0.290024 1.000000 0.290024 0.805048 0.362452 0.805048
1 0.284087 0.691923 0.235457 0.691923 0.235457 0.332163 0.284087 0.332163
1 0.245938 0.663750 0.195649 0.663750 0.195649 0.347091 0.245938 0.347091
1 0.207260 0.651587 0.165264 0.651587 0.165264 0.364760 0.207260 0.364760
1 0.169688 0.631130 0.134303 0.631130 0.134303 0.374712 0.169688 0.374712
1 0.210096 0.994543 0.168317 0.994543 0.168317 0.716611 0.210096 0.716611
1 0.178269 0.956082 0.145769 0.956082 0.145769 0.700697 0.178269 0.700697
1 0.153053 0.908341 0.119231 0.908341 0.119231 0.676827 0.153053 0.676827
1 0.131827 0.877163 0.105313 0.877163 0.105313 0.664880 0.131827 0.664880
1 0.070817 0.781010 0.046947 0.781010 0.046947 0.625096 0.070817 0.625096
1 0.079447 0.799567 0.060889 0.799567 0.060889 0.622452 0.079447 0.622452
1 0.090721 0.817476 0.074135 0.817476 0.074135 0.629736 0.090721 0.629736
1 0.113269 0.842692 0.086755 0.842692 0.086755 0.648317 0.113269 0.648317
