0 0.821826 0.825838 0.785051 0.824032 0.797643 0.567660 0.834418 0.569466
0 0.441238 0.677778 0.416054 0.677778 0.416054 0.481482 0.441238 0.481482
0 0.423924 0.675001 0.397691 0.675001 0.397691 0.482407 0.423924 0.482407
0 0.407660 0.663888 0.380378 0.663888 0.380378 0.480556 0.407660 0.480556
0 0.109129 0.550001 0.101259 0.550001 0.101259 0.433333 0.109129 0.433333
0 0.172613 0.562964 0.164743 0.562964 0.164743 0.446296 0.172613 0.446296
0 0.163169 0.561111 0.155299 0.561111 0.155299 0.444444 0.163169 0.444444
0 0.152151 0.557407 0.144281 0.557407 0.144281 0.440740 0.152151 0.440740
0 0.139559 0.555555 0.131689 0.555555 0.131689 0.438889 0.139559 0.438889
0 0.130115 0.553704 0.122245 0.553704 0.122245 0.437036 0.130115 0.437036
0 0.120147 0.550001 0.112277 0.550001 0.112277 0.433333 0.120147 0.433333
0 0.096013 0.548148 0.088143 0.548148 0.088143 0.431481 0.096013 0.431481
0 0.086044 0.549075 0.078174 0.549075 0.078174 0.432408 0.086044 0.432408
0 0.773138 0.808056 0.736363 0.806249 0.748955 0.549876 0.785729 0.551682
0 0.707660 0.778417 0.671076 0.775494 0.689544 0.544315 0.726128 0.547237
0 0.669885 0.769525 0.633300 0.766602 0.651768 0.535423 0.688353 0.538345
0 0.635467 0.745814 0.599825 0.742010 0.622036 0.533899 0.657678 0.537703
0 0.604407 0.738405 0.576004 0.736379 0.590976 0.526490 0.619379 0.528516
0 0.573347 0.726549 0.544944 0.724523 0.559916 0.514634 0.588319 0.516660
0 0.545645 0.723585 0.517242 0.721559 0.532214 0.511670 0.560617 0.513696
