0 0.599543 0.833630 0.564159 0.833630 0.564159 0.718486 0.599543 0.718486
0 0.112242 0.690150 0.096402 0.686522 0.112229 0.617422 0.128069 0.621050
0 0.098875 0.686470 0.083058 0.682847 0.098889 0.613723 0.114706 0.617345
0 0.085055 0.685075 0.069239 0.681453 0.085065 0.612353 0.100881 0.615975
0 0.072169 0.680932 0.058110 0.677712 0.073936 0.608611 0.087995 0.611831
0 0.580657 1.001815 0.575440 0.886928 0.615399 0.885113 0.620616 1.000000
0 0.544318 1.000569 0.540989 0.894611 0.578879 0.893421 0.582208 0.999378
0 0.544375 1.000000 0.510793 1.000000 0.510793 0.897452 0.544375 0.897452
0 0.510913 0.999207 0.479231 0.999207 0.479231 0.901707 0.510913 0.901707
0 0.476226 0.999784 0.445120 0.999784 0.445120 0.906490 0.476226 0.906490
0 0.442740 1.000000 0.414014 1.000000 0.414014 0.912476 0.442740 0.912476
0 0.411894 0.999976 0.384422 0.998728 0.388634 0.905963 0.416106 0.907210
0 0.388239 0.998627 0.358976 0.995809 0.368708 0.894738 0.397971 0.897556
0 0.353215 0.990598 0.323952 0.987780 0.333684 0.886709 0.362947 0.889527
0 0.333287 0.988628 0.303999 0.985808 0.313733 0.884713 0.343021 0.887533
0 0.305915 0.973337 0.276651 0.970519 0.285455 0.879091 0.314719 0.881909
0 0.271130 0.967861 0.253318 0.965072 0.267524 0.874350 0.285336 0.877139
0 0.251538 0.963486 0.233726 0.960697 0.247933 0.869975 0.265745 0.872764
0 0.229636 0.954045 0.215876 0.951145 0.234811 0.861291 0.248571 0.864191
0 0.215144 0.957499 0.197356 0.954713 0.211563 0.863991 0.229351 0.866777
0 0.198197 0.952018 0.180409 0.949232 0.194616 0.858511 0.212404 0.861297
0 0.174914 0.942561 0.160252 0.939176 0.180038 0.853473 0.194700 0.856858
0 0.160118 0.936666 0.141596 0.932695 0.159882 0.847397 0.178404 0.851368
0 0.142690 0.931449 0.124168 0.927478 0.142454 0.842180 0.160976 0.846151
0 0.122738 0.929959 0.104216 0.925988 0.122502 0.840690 0.141024 0.844661
0 0.106807 0.928969 0.091012 0.925583 0.109298 0.840286 0.125093 0.843672
0 0.090855 0.927959 0.073720 0.924286 0.092006 0.838988 0.109141 0.842661
0 0.081343 0.924155 0.066958 0.921071 0.085244 0.835773 0.099629 0.838857
0 0.068411 0.917507 0.049889 0.913536 0.068175 0.828238 0.086697 0.832209
0 0.053297 0.906395 0.035163 0.900920 0.059203 0.821297 0.077337 0.826772
0 0.039813 0.898812 0.021808 0.892927 0.047110 0.815515 0.065115 0.821400
0 0.026291 0.878929 0.011705 0.873963 0.033156 0.810951 0.047742 0.815917
0 0.013527 0.872054 -0.001060 0.867088 0.020391 0.804076 0.034978 0.809042
0 0.000000 0.864226 -0.014609 0.859253 0.006622 0.796886 0.021231 0.801859
0 0.645233 0.842816 0.608923 0.722553 0.643902 0.711992 0.680212 0.832255
0 0.560168 0.837620 0.527764 0.837620 0.527764 0.721971 0.560168 0.721971
0 0.526779 0.836106 0.500361 0.836106 0.500361 0.727957 0.526779 0.727957
0 0.500841 0.838606 0.474423 0.838606 0.474423 0.727452 0.500841 0.727452
0 0.464952 0.836106 0.436538 0.836106 0.436538 0.734423 0.464952 0.734423
0 0.433750 0.839784 0.410889 0.839784 0.410889 0.735096 0.433750 0.735096
0 0.408226 0.836102 0.384981 0.835046 0.389466 0.736277 0.412711 0.737333
0 0.380131 0.837460 0.357850 0.835628 0.365782 0.739151 0.388063 0.740983
0 0.355733 0.836161 0.333476 0.834331 0.341406 0.737877 0.363663 0.739707
0 0.332054 0.840320 0.309797 0.838490 0.317729 0.742012 0.339986 0.743842
0 0.312945 0.837820 0.290688 0.835990 0.298618 0.739536 0.320875 0.741366
0 0.293017 0.837821 0.270736 0.835989 0.278666 0.739535 0.300947 0.741367
0 0.270678 0.834795 0.248514 0.831877 0.261149 0.735902 0.283313 0.738820
0 0.249620 0.831232 0.227676 0.827086 0.245644 0.731989 0.267588 0.736135
0 0.229963 0.822171 0.209324 0.819454 0.220469 0.734800 0.241108 0.737517
0 0.208578 0.823876 0.193039 0.821830 0.203537 0.742085 0.219076 0.744131
0 0.192724 0.819607 0.173920 0.817132 0.184079 0.739960 0.202883 0.742436
0 0.173242 0.816188 0.154414 0.813709 0.164066 0.740399 0.182894 0.742878
0 0.154189 0.811736 0.139582 0.809161 0.152421 0.736341 0.167028 0.738916
0 0.136400 0.810606 0.121794 0.808031 0.134634 0.735211 0.149240 0.737786
0 0.121424 0.805243 0.106841 0.802672 0.119681 0.729853 0.134264 0.732424
0 0.106088 0.804861 0.091481 0.802285 0.104321 0.729466 0.118928 0.732042
0 0.087776 0.802141 0.073379 0.798578 0.091142 0.726801 0.105539 0.730364
0 0.073224 0.800613 0.060872 0.797693 0.077882 0.725733 0.090234 0.728653
0 0.056084 0.798714 0.043732 0.795794 0.060743 0.723834 0.073095 0.726754
0 0.042815 0.798161 0.030463 0.795241 0.047473 0.723282 0.059825 0.726202
0 0.033416 0.795949 0.021064 0.793029 0.038074 0.721070 0.050426 0.723990
0 0.024017 0.795949 0.011665 0.793029 0.028675 0.721070 0.041027 0.723990
0 0.655240 0.631971 0.617091 0.631971 0.617091 0.536899 0.655240 0.536899
0 0.588811 0.654116 0.581649 0.551697 0.612871 0.549514 0.620033 0.651933
0 0.562029 0.666962 0.552288 0.563911 0.582370 0.561067 0.592111 0.664118
0 0.525994 0.680928 0.522200 0.577463 0.552396 0.576356 0.556190 0.679821
0 0.498186 0.689717 0.494904 0.590781 0.517175 0.590042 0.520457 0.688978
0 0.488341 0.698293 0.459591 0.698293 0.459591 0.605529 0.488341 0.605529
0 0.460100 0.699301 0.433675 0.696850 0.442064 0.606420 0.468489 0.608871
0 0.433678 0.698005 0.412019 0.698005 0.412019 0.609591 0.433678 0.609591
0 0.410168 0.701707 0.390841 0.701707 0.390841 0.610962 0.410168 0.610962
0 0.388574 0.708858 0.364228 0.707241 0.370248 0.616599 0.394594 0.618216
0 0.359140 0.702615 0.341829 0.700398 0.352638 0.616015 0.369949 0.618232
0 0.338381 0.697532 0.321070 0.695314 0.331474 0.614102 0.348785 0.616320
0 0.318122 0.698467 0.300812 0.696249 0.311301 0.614370 0.328611 0.616587
0 0.299238 0.697084 0.281928 0.694867 0.292060 0.615777 0.309370 0.617994
0 0.278838 0.694851 0.261587 0.692211 0.273662 0.613298 0.290913 0.615938
0 0.260416 0.697605 0.244376 0.695150 0.256194 0.617924 0.272234 0.620379
0 0.241452 0.697749 0.225413 0.695295 0.237226 0.618092 0.253265 0.620546
0 0.223493 0.695465 0.207454 0.693011 0.219271 0.615785 0.235310 0.618239
0 0.208301 0.695465 0.192262 0.693011 0.204079 0.615785 0.220118 0.618239
0 0.189887 0.698688 0.173824 0.696230 0.185642 0.619004 0.201705 0.621462
0 0.174697 0.700515 0.158634 0.698057 0.170447 0.620855 0.186510 0.623313
0 0.160873 0.698688 0.144810 0.696230 0.156627 0.619004 0.172690 0.621462
0 0.141995 0.695004 0.125932 0.692546 0.136659 0.622448 0.152722 0.624906
0 0.124214 0.690150 0.108374 0.686522 0.124200 0.617422 0.140040 0.621050
0 0.059538 0.677104 0.044110 0.672002 0.066376 0.604675 0.081804 0.609777
0 0.047999 0.673476 0.032451 0.668752 0.053059 0.600923 0.068607 0.605647
0 0.602692 0.528077 0.567692 0.528077 0.567692 0.436442 0.602692 0.436442
0 0.571370 0.538197 0.539663 0.538197 0.539663 0.444712 0.571370 0.444712
0 0.544183 0.540505 0.514255 0.540505 0.514255 0.449327 0.544183 0.449327
0 0.514712 0.546034 0.490312 0.546034 0.490312 0.457620 0.514712 0.457620
0 0.488462 0.550649 0.460841 0.550649 0.460841 0.465433 0.488462 0.465433
0 0.460385 0.558942 0.440577 0.558942 0.440577 0.472812 0.460385 0.472812
0 0.429063 0.564928 0.406490 0.564928 0.406490 0.482476 0.429063 0.482476
0 0.410649 0.568149 0.388990 0.568149 0.388990 0.487548 0.410649 0.487548
0 0.388990 0.577813 0.371490 0.577813 0.371490 0.492620 0.388990 0.492620
0 0.368726 0.583341 0.347091 0.583341 0.347091 0.499976 0.368726 0.499976
0 0.347973 0.582901 0.330967 0.581771 0.336522 0.498133 0.353528 0.499262
0 0.324287 0.583797 0.307281 0.582667 0.312468 0.504569 0.329474 0.505699
0 0.301920 0.588272 0.285091 0.585577 0.298344 0.502833 0.315173 0.505528
0 0.281655 0.587816 0.264826 0.585120 0.278080 0.502376 0.294909 0.505072
0 0.267375 0.585989 0.250546 0.583293 0.263803 0.500525 0.280632 0.503221
0 0.246206 0.581837 0.229377 0.579142 0.241847 0.501287 0.258676 0.503983
0 0.230084 0.585999 0.213255 0.583303 0.225661 0.505852 0.242490 0.508548
0 0.214428 0.585532 0.197599 0.582836 0.209058 0.511295 0.225887 0.513991
0 0.198760 0.585990 0.183948 0.583618 0.195518 0.511389 0.210330 0.513762
0 0.180299 0.586391 0.165511 0.584022 0.176023 0.518392 0.190811 0.520761
0 0.163578 0.587461 0.148791 0.585092 0.159619 0.517491 0.174406 0.519860
0 0.141476 0.587928 0.126688 0.585559 0.137250 0.519620 0.152038 0.521989
0 0.124904 0.589764 0.110092 0.587392 0.121057 0.518937 0.135869 0.521310
0 0.094504 0.590919 0.080285 0.586217 0.101049 0.523432 0.115268 0.528134
0 0.070230 0.590481 0.055995 0.585828 0.077967 0.518606 0.092202 0.523259
0 0.048496 0.591634 0.034261 0.586981 0.056240 0.519736 0.070475 0.524389
0 0.031909 0.591177 0.017674 0.586524 0.039653 0.519279 0.053888 0.523932
0 0.023643 0.592095 0.009385 0.587435 0.031357 0.520213 0.045615 0.524873
0 0.637647 0.420726 0.628738 0.408509 0.703147 0.354250 0.712056 0.366467
0 0.528077 0.436250 0.492620 0.436250 0.492620 0.353341 0.528077 0.353341
0 0.493077 0.441322 0.472812 0.441322 0.472812 0.360721 0.493077 0.360721
0 0.471442 0.449135 0.448870 0.449135 0.448870 0.366250 0.471442 0.366250
0 0.445192 0.454663 0.420769 0.454663 0.420769 0.373149 0.445192 0.373149
0 0.422620 0.457428 0.395913 0.457428 0.395913 0.382452 0.422620 0.382452
0 0.395294 0.461305 0.370124 0.458615 0.377951 0.385378 0.403121 0.388068
0 0.370232 0.467792 0.351588 0.465799 0.360008 0.387016 0.378652 0.389009
0 0.348502 0.468572 0.330003 0.465510 0.342940 0.387365 0.361439 0.390428
0 0.330548 0.467196 0.313093 0.464306 0.324644 0.394534 0.342099 0.397424
0 0.312760 0.471211 0.295305 0.468321 0.306855 0.398549 0.324310 0.401438
0 0.293407 0.475369 0.275952 0.472479 0.287506 0.402684 0.304961 0.405573
0 0.276364 0.475826 0.258909 0.472936 0.270463 0.403140 0.287918 0.406030
0 0.257962 0.478128 0.240507 0.475238 0.251029 0.411680 0.268484 0.414570
0 0.243676 0.479037 0.226221 0.476147 0.236853 0.411925 0.254308 0.414815
0 0.227090 0.482735 0.209636 0.479846 0.220362 0.415054 0.237816 0.417943
0 0.215121 0.483177 0.197666 0.480288 0.208148 0.416967 0.225603 0.419856
0 0.201315 0.487334 0.183860 0.484444 0.194983 0.417257 0.212438 0.420147
0 0.189332 0.487782 0.171877 0.484892 0.182639 0.419887 0.200094 0.422777
0 0.177371 0.489634 0.159893 0.486740 0.170682 0.421569 0.188160 0.424462
0 0.146855 0.491471 0.134878 0.489488 0.144851 0.429250 0.156828 0.431233
0 0.130605 0.497000 0.118628 0.495017 0.128601 0.434779 0.140578 0.436762
0 0.116855 0.499885 0.104878 0.497902 0.114851 0.437663 0.126828 0.439646
0 0.103418 0.503394 0.091442 0.501411 0.101414 0.441173 0.113390 0.443156
0 0.093825 0.505005 0.081848 0.503022 0.091824 0.442760 0.103801 0.444743
0 0.081349 0.507889 0.069372 0.505906 0.079348 0.445644 0.091325 0.447627
0 0.452861 0.357957 0.426971 0.357957 0.426971 0.277668 0.452861 0.277668
0 0.425048 0.357957 0.408726 0.357957 0.408726 0.282788 0.425048 0.282788
0 0.407572 0.362067 0.385841 0.362067 0.385841 0.287236 0.407572 0.287236
0 0.386154 0.364639 0.363125 0.364639 0.363125 0.294904 0.386154 0.294904
0 0.363125 0.369736 0.346490 0.369736 0.346490 0.304183 0.363125 0.304183
0 0.340975 0.373394 0.322513 0.371519 0.328977 0.307880 0.347439 0.309755
0 0.327225 0.376279 0.308763 0.374404 0.315227 0.310765 0.333689 0.312640
0 0.310918 0.383656 0.292455 0.381781 0.299033 0.317017 0.317496 0.318892
0 0.157229 0.492581 0.145845 0.490696 0.155703 0.431145 0.167087 0.433030
0 0.293470 0.389828 0.275007 0.387953 0.281818 0.320893 0.300281 0.322768
0 0.278758 0.390477 0.260295 0.388602 0.267107 0.321543 0.285570 0.323418
0 0.263074 0.392722 0.244635 0.390849 0.251036 0.327831 0.269475 0.329704
0 0.244549 0.395909 0.230989 0.394532 0.237494 0.330486 0.251054 0.331863
0 0.224719 0.397306 0.212003 0.394580 0.225064 0.333656 0.237780 0.336382
0 0.210080 0.401272 0.197364 0.398546 0.210425 0.337622 0.223141 0.340348
0 0.194407 0.404469 0.181691 0.401743 0.194752 0.340819 0.207468 0.343545
0 0.179383 0.409565 0.166667 0.406839 0.179728 0.345916 0.192444 0.348642
0 0.166907 0.409902 0.154191 0.407176 0.167252 0.346252 0.179968 0.348978
0 0.150921 0.414060 0.138205 0.411334 0.151266 0.350411 0.163982 0.353137
0 0.131738 0.419183 0.118999 0.416452 0.132060 0.355529 0.144799 0.358260
0 0.115489 0.422474 0.102773 0.419748 0.115833 0.358824 0.128549 0.361550
0 0.626733 0.229508 0.596061 0.226771 0.602954 0.149530 0.633626 0.152267
0 0.594730 0.231929 0.572295 0.229927 0.579188 0.152686 0.601623 0.154688
0 0.572592 0.237433 0.550181 0.235433 0.557072 0.158216 0.579483 0.160216
0 0.547664 0.243659 0.525253 0.241659 0.532144 0.164442 0.554555 0.166442
0 0.521008 0.250253 0.498597 0.248253 0.505146 0.174867 0.527557 0.176867
0 0.498861 0.253715 0.478078 0.251860 0.484600 0.178785 0.505383 0.180640
0 0.475541 0.256888 0.457632 0.255290 0.463786 0.186333 0.481695 0.187931
0 0.453797 0.267006 0.431362 0.265004 0.438054 0.190013 0.460489 0.192015
0 0.435608 0.275088 0.415304 0.273276 0.421796 0.200537 0.442100 0.202349
0 0.416296 0.278507 0.395992 0.276695 0.402262 0.206445 0.422566 0.208257
0 0.397665 0.283916 0.377337 0.282102 0.383609 0.211829 0.403937 0.213643
0 0.379486 0.292263 0.359182 0.290451 0.365178 0.223266 0.385482 0.225078
0 0.359943 0.294491 0.339713 0.291792 0.348638 0.224908 0.368868 0.227607
0 0.338363 0.300132 0.322041 0.297954 0.330603 0.233787 0.346925 0.235965
0 0.320695 0.302777 0.304349 0.300596 0.312910 0.236429 0.329256 0.238610
0 0.306849 0.305950 0.290503 0.303769 0.299064 0.239602 0.315410 0.241783
0 0.291560 0.310277 0.275214 0.308096 0.283776 0.243929 0.300122 0.246110
0 0.273676 0.314893 0.257330 0.312712 0.265891 0.248545 0.282237 0.250726
0 0.258661 0.317768 0.242339 0.315590 0.250401 0.255164 0.266723 0.257342
0 0.245695 0.322393 0.229349 0.320212 0.237910 0.256045 0.254256 0.258226
0 0.233575 0.322292 0.219922 0.320470 0.227555 0.263261 0.241208 0.265083
0 0.221740 0.329027 0.208969 0.327323 0.216866 0.268136 0.229637 0.269840
0 0.209946 0.327918 0.198509 0.326392 0.206015 0.270135 0.217452 0.271661
0 0.200809 0.329798 0.190205 0.328383 0.198061 0.269505 0.208665 0.270920
0 0.191397 0.334652 0.180389 0.333183 0.187641 0.278833 0.198649 0.280302
0 0.179449 0.335370 0.168583 0.333920 0.175647 0.280976 0.186513 0.282426
0 0.159186 0.344962 0.148320 0.343512 0.155381 0.290591 0.166247 0.292041
0 0.141301 0.354481 0.130436 0.353031 0.137497 0.300110 0.148362 0.301560
0 0.539880 0.069639 0.506490 0.069639 0.506490 0.009327 0.539880 0.009327
0 0.507476 0.091058 0.481563 0.091058 0.481563 0.034736 0.507476 0.034736
