1 0.002116 0.002509 0.001817 0.000601 0.002375 0.000514 0.002673 0.002422
1 0.691733 1.004770 0.628527 0.403394 0.797906 0.385592 0.861112 0.986967
1 0.557884 0.992809 0.533478 0.455358 0.641900 0.450434 0.666306 0.987886
1 0.462706 0.952516 0.442269 0.502450 0.510347 0.499359 0.530784 0.949425
1 0.388508 0.943008 0.370734 0.551608 0.428439 0.548987 0.446212 0.940388
1 0.341733 0.868563 0.326487 0.532827 0.374564 0.530643 0.389809 0.866380
1 0.342884 0.809375 0.307284 0.809375 0.307284 0.508870 0.342884 0.508870
1 0.298798 0.770553 0.267548 0.770553 0.267548 0.510817 0.298798 0.510817
1 0.269567 0.750241 0.244470 0.750241 0.244470 0.505962 0.269567 0.505962
1 0.242162 0.722595 0.217067 0.722595 0.217067 0.504856 0.242162 0.504856
1 0.222813 0.708173 0.203845 0.708173 0.203845 0.502091 0.222813 0.502091
1 0.206780 0.692548 0.187788 0.692548 0.187788 0.499352 0.206780 0.499352
1 0.188655 0.673558 0.169663 0.673558 0.169663 0.492188 0.188655 0.492188
1 0.170530 0.667308 0.157452 0.667308 0.157452 0.498870 0.170530 0.498870
1 0.812116 0.069206 0.680337 0.069206 0.680337 0.000000 0.812116 0.000000
1 0.675745 0.162019 0.550841 0.162019 0.550841 0.000000 0.675745 0.000000
1 0.558870 0.225048 0.453438 0.225048 0.453438 0.000000 0.558870 0.000000
1 0.446562 0.272044 0.380095 0.272044 0.380095 0.000000 0.446562 0.000000
1 0.384687 0.308702 0.333125 0.308702 0.333125 0.000000 0.384687 0.000000
1 0.340000 0.336683 0.298894 0.336683 0.298894 0.028317 0.340000 0.028317
1 0.301537 0.361898 0.262405 0.361898 0.262405 0.080697 0.301537 0.080697
1 0.273030 0.389736 0.241202 0.389736 0.241202 0.127139 0.273030 0.127139
1 0.244447 0.393366 0.222787 0.393366 0.222787 0.165817 0.244447 0.165817
1 0.224639 0.403966 0.204831 0.403966 0.204831 0.192523 0.224639 0.192523
1 0.210361 0.422380 0.186419 0.422380 0.186419 0.204977 0.210361 0.204977
1 0.196995 0.421466 0.180433 0.421466 0.180433 0.226611 0.196995 0.226611
1 0.179037 0.420553 0.164663 0.420553 0.164663 0.235337 0.179037 0.235337
1 0.167981 0.426995 0.148173 0.426995 0.148173 0.249183 0.167981 0.249183
1 0.150937 0.440338 0.138053 0.440338 0.138053 0.277284 0.150937 0.277284
1 0.139206 0.440312 0.126587 0.440312 0.126587 0.299088 0.139206 0.299088
1 0.130384 0.441852 0.119255 0.441852 0.119255 0.308294 0.130384 0.308294
1 0.120456 0.443389 0.111202 0.443389 0.111202 0.315216 0.120456 0.315216
1 0.157284 0.651514 0.142331 0.651514 0.142331 0.494928 0.157284 0.494928
1 0.142331 0.640384 0.132331 0.640384 0.132331 0.495697 0.142331 0.495697
1 0.133486 0.629639 0.121970 0.629639 0.121970 0.490720 0.133486 0.490720
1 0.124280 0.619663 0.112764 0.619663 0.112764 0.490338 0.124280 0.490338
1 0.113919 0.615817 0.103173 0.615817 0.103173 0.490337 0.113919 0.490337
1 0.105866 0.605120 0.095889 0.605120 0.095889 0.489567 0.105866 0.489567
1 0.109327 0.442187 0.100361 0.442187 0.100361 0.319375 0.109327 0.319375
1 0.099736 0.441875 0.091731 0.441875 0.091731 0.331202 0.099736 0.331202
1 0.091419 0.441875 0.083750 0.441875 0.083750 0.338245 0.091419 0.338245
1 0.096202 0.590264 0.088845 0.590264 0.088845 0.483413 0.096202 0.483413
1 0.150769 0.946394 0.135852 0.901197 0.339031 0.834138 0.353948 0.879335
1 0.171466 0.998438 0.161056 0.954627 0.384903 0.901440 0.395312 0.945250
1 0.260577 0.048750 0.235912 0.048750 0.235912 0.004183 0.260577 0.004183
1 0.236706 0.078197 0.213630 0.078197 0.213630 0.000000 0.236706 0.000000
1 0.212044 0.112405 0.192139 0.112405 0.192139 0.000000 0.212044 0.000000
1 0.198509 0.129111 0.177813 0.129111 0.177813 0.000000 0.198509 0.000000
1 0.182595 0.147428 0.163509 0.147428 0.163509 0.000192 0.182595 0.000192
1 0.168269 0.166514 0.151562 0.166514 0.151562 0.000000 0.168269 0.000000
1 0.154736 0.184831 0.141227 0.184831 0.141227 0.010553 0.154736 0.010553
1 0.145986 0.198366 0.127692 0.198366 0.127692 0.034423 0.145986 0.034423
1 0.137595 0.222308 0.123030 0.222308 0.123030 0.061106 0.137595 0.061106
1 0.128389 0.227331 0.116491 0.227331 0.116491 0.086442 0.128389 0.086442
1 0.998437 0.998437 0.776562 0.998437 0.776562 0.182523 0.998437 0.182523
