0 0.664843 0.894444 0.234374 0.894444 0.234374 0.065277 0.664843 0.065277
0 0.991406 0.330556 0.952344 0.330556 0.952344 0.001389 0.991406 0.001389
0 0.959375 0.298611 0.921875 0.298611 0.921875 0.001389 0.959375 0.001389
0 0.930469 0.283333 0.895313 0.283333 0.895313 0.001389 0.930469 0.001389
0 0.903126 0.269445 0.870313 0.269445 0.870313 0.001389 0.903126 0.001389
0 0.878125 0.254167 0.849219 0.254167 0.849219 0.001389 0.878125 0.001389
0 0.855468 0.241667 0.827343 0.241667 0.827343 0.001389 0.855468 0.001389
0 0.835156 0.229167 0.806250 0.229167 0.806250 0.001389 0.835156 0.001389
0 0.813282 0.213889 0.789062 0.213889 0.789062 0.001389 0.813282 0.001389
0 0.796094 0.209723 0.771875 0.209723 0.771875 0.001390 0.796094 0.001390
0 0.778126 0.198611 0.756250 0.198611 0.756250 0.001389 0.778126 0.001389
0 0.762500 0.190277 0.739844 0.190277 0.739844 0.004167 0.762500 0.004167
0 0.746093 0.183333 0.726562 0.183333 0.726562 0.004167 0.746093 0.004167
0 0.732812 0.173611 0.713282 0.173611 0.713282 0.001389 0.732812 0.001389
0 0.721094 0.165278 0.702344 0.165278 0.702344 0.005556 0.721094 0.005556
0 0.707031 0.154167 0.688281 0.154167 0.688281 0.001389 0.707031 0.001389
0 0.694531 0.155556 0.678125 0.155556 0.678125 0.002778 0.694531 0.002778
0 0.635157 0.129167 0.573437 0.129167 0.573437 0.001389 0.635157 0.001389
