0 0.664843 0.894444 0.234374 0.894444 0.234374 0.065276 0.664843 0.065276
0 0.989844 0.297224 0.952344 0.297224 0.952344 0.001389 0.989844 0.001389
0 0.957031 0.283333 0.921875 0.283333 0.921875 0.001389 0.957031 0.001389
0 0.928907 0.269444 0.896093 0.269444 0.896093 0.001389 0.928907 0.001389
0 0.900781 0.255556 0.871875 0.255556 0.871875 0.002778 0.900781 0.002778
0 0.874219 0.241667 0.846094 0.241667 0.846094 0.001389 0.874219 0.001389
0 0.853125 0.231944 0.824219 0.231944 0.824219 0.004167 0.853125 0.004167
0 0.832032 0.213889 0.807813 0.213889 0.807813 0.001389 0.832032 0.001389
0 0.810937 0.208333 0.786718 0.208333 0.786718 0.001389 0.810937 0.001389
0 0.792188 0.197224 0.770312 0.197224 0.770312 0.001389 0.792188 0.001389
0 0.775000 0.186111 0.752344 0.186111 0.752344 0.001389 0.775000 0.001389
0 0.757031 0.179167 0.737501 0.179167 0.737501 0.001389 0.757031 0.001389
0 0.742969 0.175000 0.723438 0.175000 0.723438 0.002778 0.742969 0.002778
0 0.729688 0.161111 0.710938 0.161111 0.710938 0.001389 0.729688 0.001389
0 0.717969 0.155556 0.699219 0.155556 0.699219 0.002778 0.717969 0.002778
0 0.704687 0.155556 0.688281 0.155556 0.688281 0.002778 0.704687 0.002778
0 0.635157 0.129167 0.573437 0.129167 0.573437 0.001389 0.635157 0.001389
0 0.693080 0.152778 0.676674 0.152778 0.676674 0.000000 0.693080 0.000000
0 0.684152 0.134614 0.667745 0.134614 0.667745 0.000000 0.684152 0.000000
0 0.676116 0.134614 0.659709 0.134614 0.659709 0.000000 0.676116 0.000000
0 0.668080 0.134614 0.651673 0.134614 0.651673 0.000000 0.668080 0.000000
0 0.660044 0.134614 0.643638 0.134614 0.643638 0.000000 0.660044 0.000000
