0 0.855516 0.653935 0.785691 0.653935 0.785691 0.281173 0.855516 0.281173
0 0.915821 0.661344 0.843064 0.661344 0.843064 0.283556 0.915821 0.283556
0 0.123190 0.711736 0.080764 0.296019 0.150854 0.288867 0.193279 0.704583
0 0.741593 0.636152 0.670336 0.636152 0.670336 0.270380 0.741593 0.270380
0 0.688463 0.630224 0.613472 0.630224 0.613472 0.265763 0.688463 0.265763
0 0.405583 0.639380 0.331165 0.639380 0.331165 0.273820 0.405583 0.273820
0 0.980449 0.680609 0.904238 0.680609 0.904238 0.294335 0.980449 0.294335
0 0.526227 0.627260 0.458398 0.627260 0.458398 0.268492 0.526227 0.268492
0 0.307290 0.653999 0.271481 0.272855 0.343843 0.266056 0.379652 0.647200
0 0.633862 0.622815 0.562177 0.622815 0.562177 0.263855 0.633862 0.263855
0 0.469857 0.624296 0.401634 0.624296 0.401634 0.272085 0.469857 0.272085
0 0.797682 0.643562 0.725567 0.643562 0.725567 0.277457 0.797682 0.277457
0 0.580690 0.621332 0.511615 0.621332 0.511615 0.265872 0.580690 0.265872
0 0.998322 0.680609 0.964741 0.680609 0.964741 0.295996 0.998322 0.295996
0 0.027279 0.748966 -0.001038 0.748966 -0.001038 0.300885 0.027279 0.300885
0 0.101118 0.733959 0.007539 0.733959 0.007539 0.298341 0.101118 0.298341
