0 0.282369 0.676061 -0.009761 0.658397 0.000000 0.496969 0.292130 0.514634
0 0.093179 0.845103 -0.077946 0.768985 0.020271 0.548179 0.191396 0.624296
0 0.619879 0.635246 0.590637 0.635246 0.590637 0.237934 0.619879 0.237934
0 0.529991 0.780230 0.485157 0.780230 0.485157 0.298401 0.529991 0.298401
0 0.647153 0.598056 0.619371 0.598056 0.619371 0.216532 0.647153 0.216532
0 0.488278 0.851262 0.435118 0.851262 0.435118 0.335755 0.488278 0.335755
0 0.564785 0.721477 0.526135 0.721477 0.526135 0.282751 0.564785 0.282751
0 0.443072 0.916415 0.385256 0.916415 0.385256 0.357465 0.443072 0.357465
0 0.670748 0.558879 0.645876 0.558879 0.645876 0.206215 0.670748 0.206215
0 0.355503 0.539733 0.093036 0.491738 0.113609 0.379236 0.376076 0.427231
0 0.593158 0.677963 0.561538 0.677963 0.561538 0.254814 0.593158 0.254814
0 0.691022 0.532983 0.669108 0.532983 0.669108 0.197233 0.691022 0.197233
0 0.707301 0.517396 0.688982 0.517281 0.691020 0.190997 0.709339 0.191111
0 0.720622 0.489267 0.704769 0.489037 0.709226 0.181622 0.725079 0.181852
0 0.734909 0.465678 0.717701 0.465333 0.723610 0.170396 0.740819 0.170741
0 0.748192 0.450877 0.734316 0.450576 0.740584 0.161181 0.754460 0.161481
0 0.760892 0.428566 0.748699 0.428336 0.753809 0.157548 0.766002 0.157778
0 0.771529 0.412461 0.758657 0.412065 0.766771 0.148123 0.779643 0.148519
0 0.781146 0.389988 0.769820 0.389725 0.775662 0.138995 0.786988 0.139259
0 0.792757 0.376654 0.780163 0.376411 0.784887 0.131609 0.797482 0.131852
