0 0.789059 0.151558 0.726177 0.088677 0.760428 0.054426 0.823309 0.117307
0 0.603934 0.399536 0.521439 0.317041 0.555689 0.282790 0.638185 0.365286
0 0.502533 0.497009 0.423966 0.418442 0.460426 0.381981 0.538994 0.460549
0 0.667157 0.332386 0.586625 0.251854 0.620875 0.217604 0.701407 0.298135
0 0.696609 0.290096 0.624305 0.217792 0.632554 0.209543 0.704858 0.281847
0 0.703680 0.283024 0.631376 0.210721 0.639625 0.202472 0.711929 0.274776
0 0.709244 0.273269 0.636943 0.200967 0.645193 0.192717 0.717494 0.265019
0 0.713369 0.269144 0.641067 0.196843 0.649317 0.188593 0.721619 0.260894
0 0.719851 0.262662 0.647549 0.190360 0.655799 0.182110 0.728101 0.254412
0 0.727511 0.255002 0.655209 0.182700 0.663459 0.174451 0.735761 0.246752
0 0.730718 0.247603 0.658417 0.175301 0.666667 0.167051 0.738968 0.239353
0 0.736154 0.240074 0.663850 0.167770 0.672100 0.159520 0.744404 0.231824
0 0.740999 0.233135 0.668695 0.160831 0.676945 0.152581 0.749249 0.224885
0 0.746892 0.227242 0.674588 0.154938 0.682837 0.146689 0.755141 0.218993
0 0.752324 0.219712 0.680021 0.147408 0.688271 0.139158 0.760574 0.211462
0 0.755992 0.213950 0.683688 0.141647 0.691938 0.133397 0.764242 0.205700
0 0.760706 0.209236 0.688403 0.136932 0.696651 0.128683 0.768955 0.200987
