0 0.998437 0.458333 0.950000 0.458333 0.950000 0.369406 0.998437 0.369406
0 0.692187 0.502778 0.643750 0.502778 0.643750 0.386111 0.692187 0.386111
0 0.554688 0.500000 0.503125 0.500000 0.503125 0.388889 0.554688 0.388889
0 0.784375 0.500000 0.735937 0.500000 0.735937 0.386111 0.784375 0.386111
0 0.798333 0.490922 0.786667 0.490922 0.786667 0.388669 0.798333 0.388669
0 0.808333 0.490922 0.796667 0.490922 0.796667 0.388669 0.808333 0.388669
0 0.819167 0.487958 0.807500 0.487958 0.807500 0.385708 0.819167 0.385708
0 0.825000 0.487958 0.813333 0.487958 0.813333 0.385708 0.825000 0.385708
0 0.834167 0.487958 0.822500 0.487958 0.822500 0.385708 0.834167 0.385708
0 0.845000 0.487958 0.833333 0.487958 0.833333 0.385708 0.845000 0.385708
0 0.852500 0.484994 0.840833 0.484994 0.840833 0.382744 0.852500 0.382744
0 0.861667 0.483514 0.850000 0.483514 0.850000 0.381261 0.861667 0.381261
0 0.870000 0.482033 0.858333 0.482033 0.858333 0.379781 0.870000 0.379781
0 0.878333 0.482033 0.866667 0.482033 0.866667 0.379781 0.878333 0.379781
0 0.887500 0.480550 0.875833 0.480550 0.875833 0.378297 0.887500 0.378297
0 0.894167 0.479069 0.882500 0.479069 0.882500 0.376817 0.894167 0.376817
0 0.900833 0.479069 0.889167 0.479069 0.889167 0.376817 0.900833 0.376817
