0 0.664843 0.933161 0.234374 0.933161 0.234374 0.103993 0.664843 0.103993
0 0.999219 0.997049 0.960938 0.997049 0.960938 0.666493 0.999219 0.666493
0 0.965625 0.997049 0.928125 0.997049 0.928125 0.699826 0.965625 0.699826
0 0.935937 0.997048 0.900781 0.997048 0.900781 0.715104 0.935937 0.715104
0 0.907032 0.997049 0.874218 0.997049 0.874218 0.728993 0.907032 0.728993
0 0.879687 0.997049 0.850781 0.997049 0.850781 0.744271 0.879687 0.744271
0 0.855468 0.997049 0.827343 0.997049 0.827343 0.756771 0.855468 0.756771
0 0.835156 0.997049 0.806250 0.997049 0.806250 0.769271 0.835156 0.769271
0 0.810937 0.997049 0.786718 0.997049 0.786718 0.784549 0.810937 0.784549
0 0.793751 0.997047 0.769532 0.997047 0.769532 0.788714 0.793751 0.788714
0 0.775000 0.997049 0.753124 0.997049 0.753124 0.799826 0.775000 0.799826
0 0.759375 0.997050 0.736719 0.997050 0.736719 0.810939 0.759375 0.810939
0 0.742969 0.997050 0.723438 0.997050 0.723438 0.817882 0.742969 0.817882
0 0.726562 0.997049 0.707032 0.997049 0.707032 0.824826 0.726562 0.824826
0 0.713281 0.997049 0.694531 0.997049 0.694531 0.837326 0.713281 0.837326
0 0.701562 0.997049 0.682812 0.997049 0.682812 0.844271 0.701562 0.844271
0 0.688281 0.997049 0.671875 0.997049 0.671875 0.844271 0.688281 0.844271
0 0.635157 0.997049 0.573437 0.997049 0.573437 0.869271 0.635157 0.869271
0 0.676674 0.998438 0.660268 0.998438 0.660268 0.845660 0.676674 0.845660
0 0.668638 0.998438 0.652232 0.998438 0.652232 0.845660 0.668638 0.845660
0 0.658816 0.998438 0.642411 0.998438 0.642411 0.845660 0.658816 0.845660
0 0.652566 0.998438 0.636161 0.998438 0.636161 0.845660 0.652566 0.845660
0 0.642745 0.998438 0.626339 0.998438 0.626339 0.845660 0.642745 0.845660
