1 0.111612 0.821669 0.100098 0.820377 0.109109 0.740038 0.120623 0.741330
1 0.100152 0.818506 0.088678 0.817077 0.098670 0.736855 0.110144 0.738284
1 0.090014 0.812898 0.075186 0.810972 0.084505 0.739218 0.099333 0.741144
1 0.072616 0.809002 0.061144 0.807369 0.070989 0.738186 0.082461 0.739818
1 0.059595 0.806895 0.047226 0.805091 0.056991 0.738153 0.069359 0.739957
1 0.047431 0.799787 0.035933 0.798355 0.044203 0.731967 0.055702 0.733400
1 0.679037 0.617331 0.634887 0.520899 0.670818 0.504448 0.714969 0.600880
1 0.597830 0.629205 0.587148 0.524048 0.620367 0.520674 0.631049 0.625831
1 0.564263 0.637242 0.557442 0.531764 0.590761 0.529609 0.597581 0.635088
1 0.537817 0.647916 0.531134 0.544550 0.559994 0.542684 0.566677 0.646050
1 0.509942 0.651124 0.506509 0.547598 0.529552 0.546834 0.532985 0.650359
1 0.292288 0.826106 0.274812 0.825160 0.279588 0.736970 0.297063 0.737917
1 0.273111 0.827377 0.259405 0.826634 0.264028 0.741278 0.277734 0.742020
1 0.258973 0.827741 0.240658 0.826749 0.245280 0.741393 0.263595 0.742384
1 0.240286 0.826634 0.226119 0.825966 0.230147 0.740555 0.244314 0.741223
1 0.225259 0.826594 0.206650 0.825716 0.210678 0.740328 0.229288 0.741206
1 0.205069 0.826859 0.186459 0.825981 0.190484 0.740594 0.209094 0.741471
1 0.186344 0.827864 0.170687 0.826714 0.176948 0.741463 0.192605 0.742612
1 0.170342 0.824408 0.154706 0.823013 0.161892 0.742490 0.177528 0.743886
1 0.155270 0.821524 0.139634 0.820128 0.146820 0.739606 0.162456 0.741002
1 0.138258 0.824130 0.126717 0.823100 0.133905 0.742554 0.145445 0.743584
1 0.125519 0.823647 0.114002 0.822619 0.121187 0.742099 0.132705 0.743126
1 0.631373 0.787854 0.612245 0.671043 0.649252 0.664983 0.668380 0.781794
1 0.604355 0.803216 0.585227 0.686406 0.622256 0.680342 0.641384 0.797152
1 0.567473 0.808523 0.559092 0.691610 0.589112 0.689457 0.597494 0.806370
1 0.537116 0.813536 0.529312 0.704680 0.560745 0.702426 0.568549 0.811283
1 0.499222 0.829804 0.493984 0.714489 0.528156 0.712937 0.533394 0.828252
1 0.500241 0.841659 0.466659 0.841659 0.466659 0.734856 0.500241 0.734856
1 0.467284 0.835577 0.439470 0.835577 0.439470 0.735794 0.467284 0.735794
1 0.438822 0.829183 0.416755 0.829183 0.416755 0.730697 0.438822 0.730697
1 0.413245 0.830144 0.384447 0.830144 0.384447 0.730361 0.413245 0.730361
1 0.383509 0.827595 0.359831 0.827595 0.359831 0.730361 0.383509 0.730361
1 0.356322 0.829183 0.333294 0.829183 0.333294 0.737091 0.356322 0.737091
1 0.334495 0.832622 0.311428 0.831373 0.316634 0.735238 0.339702 0.736487
1 0.310556 0.826707 0.293080 0.825761 0.297856 0.737572 0.315333 0.738518
1 0.477552 0.661597 0.474381 0.566000 0.495428 0.565302 0.498598 0.660899
1 0.450438 0.664458 0.447267 0.568884 0.468312 0.568186 0.471483 0.663760
1 0.428914 0.674224 0.427913 0.578580 0.445412 0.578396 0.446414 0.674041
1 0.401269 0.683166 0.400269 0.587545 0.417769 0.587362 0.418769 0.682983
1 0.379806 0.686629 0.378847 0.595022 0.396347 0.594839 0.397306 0.686445
1 0.355908 0.687157 0.355053 0.605622 0.372577 0.605438 0.373431 0.686974
1 0.337484 0.693648 0.336602 0.609469 0.354102 0.609285 0.354984 0.693464
1 0.318527 0.698119 0.317675 0.616920 0.335175 0.616737 0.336027 0.697935
1 0.316373 0.698844 0.298873 0.698752 0.299298 0.617551 0.316798 0.617642
1 0.297431 0.701344 0.279931 0.701252 0.280356 0.620027 0.297856 0.620118
1 0.273717 0.704816 0.255594 0.703485 0.261283 0.626001 0.279406 0.627331
1 0.257070 0.710310 0.239570 0.710219 0.239995 0.629016 0.257495 0.629108
1 0.235123 0.714806 0.217623 0.714714 0.218048 0.633488 0.235548 0.633579
1 0.217695 0.717778 0.203153 0.717702 0.203578 0.636500 0.218120 0.636577
1 0.203173 0.718030 0.186923 0.718030 0.186923 0.642884 0.203173 0.642884
1 0.183050 0.719788 0.167598 0.718245 0.175267 0.641414 0.190719 0.642956
1 0.166580 0.717753 0.151128 0.716211 0.158469 0.642681 0.173920 0.644224
1 0.151846 0.719219 0.136393 0.717677 0.143731 0.644147 0.159184 0.645689
1 0.134906 0.720938 0.122562 0.719706 0.129902 0.646177 0.142245 0.647409
1 0.121564 0.720433 0.109222 0.719202 0.116561 0.645671 0.128903 0.646903
1 0.108416 0.720434 0.096073 0.719202 0.103413 0.645671 0.115755 0.646903
1 0.096295 0.722167 0.083952 0.720935 0.090194 0.658409 0.102538 0.659642
1 0.082181 0.724517 0.074791 0.723780 0.081016 0.661397 0.088406 0.662134
1 0.073634 0.730046 0.061292 0.728814 0.067759 0.664016 0.080102 0.665247
1 0.637825 0.438317 0.625516 0.343535 0.656816 0.339470 0.669125 0.434252
1 0.612312 0.460726 0.591906 0.368680 0.621102 0.362208 0.641508 0.454253
1 0.586447 0.478466 0.566041 0.386420 0.595236 0.379948 0.615642 0.471994
1 0.553634 0.499644 0.533228 0.407599 0.562423 0.401126 0.582830 0.493171
1 0.525391 0.518619 0.505786 0.430188 0.532494 0.424267 0.552099 0.512698
1 0.488494 0.538747 0.480769 0.444784 0.503839 0.442888 0.511564 0.536850
1 0.483209 0.541008 0.460069 0.540402 0.462536 0.446155 0.485677 0.446760
1 0.440692 0.549496 0.440077 0.461348 0.461134 0.461201 0.461750 0.549348
1 0.420284 0.554759 0.419669 0.466612 0.440727 0.466466 0.441341 0.554613
1 0.397856 0.566803 0.397241 0.478656 0.418273 0.478509 0.418889 0.566656
1 0.375000 0.563486 0.374423 0.480844 0.395480 0.480697 0.396056 0.563339
1 0.355059 0.565145 0.354508 0.486131 0.375566 0.485984 0.376117 0.564998
1 0.352712 0.571069 0.334156 0.570745 0.335556 0.490493 0.354113 0.490817
1 0.334803 0.572488 0.316272 0.572164 0.317673 0.491936 0.336205 0.492259
1 0.314464 0.577488 0.295909 0.577164 0.297267 0.499362 0.315822 0.499686
1 0.295378 0.583311 0.278891 0.583023 0.280247 0.505247 0.296734 0.505534
1 0.278552 0.587038 0.262062 0.586750 0.263420 0.508948 0.279909 0.509236
1 0.261941 0.589538 0.245452 0.589250 0.246809 0.511448 0.263298 0.511736
1 0.244920 0.597005 0.229369 0.596733 0.230728 0.518933 0.246280 0.519204
1 0.226080 0.601416 0.212067 0.601171 0.213319 0.529450 0.227331 0.529695
1 0.211181 0.602441 0.198130 0.602213 0.199323 0.533785 0.212375 0.534012
1 0.196125 0.605184 0.182784 0.604952 0.183900 0.541019 0.197241 0.541252
1 0.179595 0.606838 0.166311 0.605885 0.170884 0.542105 0.184169 0.543058
1 0.167144 0.607895 0.153836 0.606941 0.158409 0.543138 0.171717 0.544092
1 0.152937 0.609265 0.139655 0.608312 0.144227 0.544534 0.157509 0.545486
1 0.138419 0.612727 0.125111 0.611773 0.129683 0.547994 0.142991 0.548948
1 0.125245 0.612030 0.111962 0.611077 0.116534 0.547298 0.129817 0.548250
1 0.108225 0.612648 0.095051 0.610539 0.105164 0.547399 0.118337 0.549509
1 0.096109 0.612286 0.082959 0.610180 0.093074 0.547042 0.106223 0.549148
1 0.082263 0.612984 0.069089 0.610874 0.079203 0.547737 0.092377 0.549847
1 0.603413 0.350625 0.573655 0.350625 0.573655 0.264423 0.603413 0.264423
1 0.572259 0.362741 0.550456 0.362741 0.550456 0.280000 0.572259 0.280000
1 0.550456 0.377308 0.525530 0.377308 0.525530 0.291780 0.550456 0.291780
1 0.524495 0.388053 0.501298 0.388053 0.501298 0.304231 0.524495 0.304231
1 0.495433 0.402572 0.473269 0.402572 0.473269 0.322933 0.495433 0.322933
1 0.473966 0.410889 0.454567 0.410889 0.454567 0.329159 0.473966 0.329159
1 0.443148 0.428606 0.422380 0.428606 0.422380 0.345095 0.443148 0.345095
1 0.424470 0.437861 0.404038 0.437861 0.404038 0.359280 0.424470 0.359280
1 0.404736 0.444784 0.386034 0.444784 0.386034 0.367236 0.404736 0.367236
1 0.385697 0.454470 0.366298 0.454470 0.366298 0.374519 0.385697 0.374519
1 0.365963 0.460048 0.351442 0.460048 0.351442 0.383509 0.365963 0.383509
1 0.349688 0.464206 0.327884 0.464206 0.327884 0.394231 0.349688 0.394231
1 0.328795 0.469428 0.308716 0.468586 0.311733 0.396630 0.331813 0.397472
1 0.307331 0.473580 0.291047 0.472897 0.294063 0.400939 0.310347 0.401622
1 0.289111 0.475556 0.274820 0.474957 0.277836 0.403001 0.292127 0.403600
1 0.272571 0.479148 0.255493 0.478433 0.258509 0.406453 0.275587 0.407169
1 0.255086 0.480044 0.240031 0.478912 0.244866 0.414620 0.259920 0.415752
1 0.240241 0.496287 0.224550 0.495849 0.226561 0.423856 0.242252 0.424295
1 0.223680 0.495197 0.210406 0.494455 0.214228 0.426125 0.227502 0.426867
1 0.205169 0.502756 0.191478 0.502183 0.194350 0.433637 0.208041 0.434211
1 0.191756 0.504586 0.180203 0.504102 0.183220 0.432120 0.194773 0.432605
1 0.177527 0.503902 0.166311 0.502743 0.172689 0.441027 0.183905 0.442186
1 0.163744 0.510053 0.149802 0.508416 0.157073 0.446509 0.171016 0.448147
1 0.149488 0.515895 0.135545 0.514258 0.142820 0.452327 0.156763 0.453964
1 0.138527 0.520222 0.124583 0.518584 0.131858 0.456653 0.145802 0.458291
1 0.125547 0.521641 0.111605 0.520003 0.118877 0.458095 0.132819 0.459733
1 0.111411 0.525414 0.097469 0.523777 0.104744 0.461845 0.118686 0.463483
1 0.096988 0.528298 0.083045 0.526661 0.090320 0.464730 0.104263 0.466368
1 0.083719 0.533491 0.069777 0.531853 0.077052 0.469923 0.090994 0.471561
1 0.071316 0.532915 0.057372 0.531277 0.064647 0.469345 0.078591 0.470983
1 0.058622 0.537530 0.044680 0.535892 0.051955 0.473961 0.065897 0.475598
1 0.051892 0.542530 0.037948 0.540892 0.045223 0.478960 0.059167 0.480598
1 0.520456 0.284231 0.496803 0.284231 0.496803 0.203173 0.520456 0.203173
1 0.497956 0.294759 0.474303 0.294759 0.474303 0.213702 0.497956 0.213702
1 0.475456 0.306875 0.451803 0.306875 0.451803 0.225817 0.475456 0.225817
1 0.449784 0.318702 0.426130 0.318702 0.426130 0.237644 0.449784 0.237644
1 0.427861 0.329952 0.404206 0.329952 0.404206 0.248894 0.427861 0.248894
1 0.403630 0.344087 0.379977 0.344087 0.379977 0.263030 0.403630 0.263030
1 0.381130 0.350144 0.361538 0.350144 0.361538 0.269087 0.381130 0.269087
1 0.359734 0.356815 0.343230 0.356209 0.346202 0.275205 0.362706 0.275810
1 0.340894 0.361095 0.324366 0.360489 0.327087 0.286259 0.343616 0.286865
1 0.323417 0.364653 0.306912 0.364048 0.309634 0.289793 0.326139 0.290398
1 0.307262 0.373883 0.290758 0.373278 0.293481 0.299024 0.309986 0.299630
1 0.289680 0.376194 0.273152 0.375588 0.275705 0.305970 0.292233 0.306576
1 0.272652 0.380809 0.256123 0.380203 0.258598 0.312700 0.275127 0.313306
1 0.256780 0.390329 0.240275 0.389723 0.242764 0.321835 0.259269 0.322441
1 0.241331 0.393772 0.227133 0.393251 0.229556 0.327165 0.243755 0.327686
1 0.226311 0.393498 0.212739 0.393001 0.214916 0.333665 0.228488 0.334163
1 0.211600 0.398787 0.198028 0.398290 0.200203 0.338977 0.213775 0.339475
1 0.200544 0.404797 0.186970 0.404299 0.189144 0.344987 0.202717 0.345484
1 0.187802 0.409605 0.174230 0.409107 0.176405 0.349794 0.189977 0.350292
1 0.176264 0.415855 0.162691 0.415357 0.164866 0.356044 0.178439 0.356542
1 0.163283 0.420902 0.149709 0.420405 0.151884 0.361093 0.165458 0.361591
1 0.151745 0.425231 0.138172 0.424734 0.140153 0.370682 0.153727 0.371180
1 0.140216 0.432923 0.126642 0.432425 0.128703 0.376212 0.142277 0.376709
1 0.126984 0.440855 0.113412 0.440357 0.115587 0.381044 0.129159 0.381542
1 0.114005 0.447585 0.100431 0.447088 0.102606 0.387776 0.116180 0.388273
1 0.104678 0.453730 0.094180 0.453345 0.096356 0.394009 0.106855 0.394394
1 0.097323 0.454500 0.086825 0.454116 0.088998 0.394803 0.099497 0.395187
1 0.642965 0.234556 0.632306 0.223934 0.691456 0.164578 0.702116 0.175200
1 0.438558 0.226995 0.422356 0.226995 0.422356 0.153437 0.438558 0.153437
1 0.419255 0.233462 0.403053 0.233462 0.403053 0.159880 0.419255 0.159880
1 0.401803 0.242595 0.385625 0.242595 0.385625 0.169014 0.401803 0.169014
1 0.377308 0.255481 0.361106 0.255481 0.361106 0.181898 0.377308 0.181898
1 0.361514 0.259206 0.345313 0.259206 0.345313 0.192787 0.361514 0.192787
1 0.347838 0.268341 0.334519 0.268341 0.334519 0.199759 0.347838 0.199759
1 0.338678 0.267091 0.323317 0.267091 0.323317 0.205530 0.338678 0.205530
1 0.319456 0.279302 0.307445 0.278819 0.310109 0.212477 0.322120 0.212959
1 0.306820 0.284367 0.292845 0.283684 0.295919 0.220849 0.309894 0.221533
1 0.291487 0.291489 0.277848 0.290846 0.280820 0.227837 0.294459 0.228481
1 0.276512 0.300359 0.262873 0.299716 0.265844 0.236709 0.279483 0.237352
1 0.260309 0.305744 0.246672 0.305101 0.249642 0.242116 0.263280 0.242759
1 0.242858 0.314061 0.229219 0.313418 0.232191 0.250411 0.245830 0.251054
1 0.228817 0.315509 0.219862 0.315024 0.223275 0.252038 0.232230 0.252523
1 0.217112 0.322378 0.203473 0.321735 0.206445 0.258727 0.220084 0.259370
1 0.202162 0.328177 0.188523 0.327533 0.191106 0.272786 0.204745 0.273429
1 0.186372 0.333996 0.174534 0.333438 0.177402 0.272639 0.189239 0.273197
1 0.172673 0.341469 0.159011 0.340825 0.161630 0.285285 0.175292 0.285930
1 0.159139 0.345652 0.145500 0.345008 0.148120 0.289444 0.161759 0.290088
1 0.144187 0.355195 0.130548 0.354552 0.133167 0.299012 0.146806 0.299655
1 0.129236 0.364330 0.115573 0.363686 0.118192 0.308145 0.131855 0.308790
1 0.601081 0.065241 0.580144 0.065241 0.580144 0.000000 0.601081 0.000000
1 0.576155 0.077212 0.555720 0.077212 0.555720 0.001898 0.576155 0.001898
1 0.556731 0.087163 0.531803 0.087163 0.531803 0.013341 0.556731 0.013341
1 0.530312 0.096155 0.506875 0.096155 0.506875 0.022813 0.530312 0.022813
1 0.507884 0.108102 0.486947 0.108102 0.486947 0.038773 0.507884 0.038773
1 0.482956 0.118077 0.464905 0.118077 0.464905 0.047741 0.482956 0.047741
1 0.465505 0.130048 0.443077 0.130048 0.443077 0.059206 0.465505 0.059206
1 0.439087 0.140505 0.423148 0.140505 0.423148 0.068173 0.439087 0.068173
1 0.422139 0.150986 0.403701 0.150986 0.403701 0.079159 0.422139 0.079159
1 0.404687 0.159952 0.386755 0.159952 0.386755 0.094159 0.404687 0.094159
1 0.386755 0.169928 0.367812 0.169928 0.367812 0.106106 0.386755 0.106106
1 0.366322 0.181875 0.351370 0.181875 0.351370 0.117044 0.366322 0.117044
1 0.351852 0.189352 0.331923 0.189352 0.331923 0.124062 0.351852 0.124062
1 0.330433 0.201322 0.317477 0.201322 0.317477 0.139014 0.330433 0.139014
1 0.318462 0.203317 0.305000 0.203317 0.305000 0.148438 0.318462 0.148438
1 0.304495 0.210287 0.294544 0.210287 0.294544 0.152477 0.304495 0.152477
1 0.293030 0.211780 0.282572 0.211780 0.282572 0.156970 0.293030 0.156970
1 0.280206 0.219447 0.271244 0.219181 0.272991 0.160337 0.281953 0.160603
1 0.269486 0.226789 0.253684 0.225656 0.257894 0.166938 0.273695 0.168070
1 0.253272 0.238285 0.239009 0.237213 0.243724 0.174527 0.257986 0.175600
1 0.238009 0.242660 0.223745 0.241588 0.228456 0.178926 0.242720 0.179999
1 0.226042 0.247645 0.214728 0.246795 0.219439 0.184134 0.230753 0.184984
1 0.216852 0.254134 0.204159 0.254134 0.204159 0.196731 0.216852 0.196731
1 0.204159 0.255287 0.191755 0.255287 0.191755 0.209375 0.204159 0.209375
1 0.191178 0.260769 0.180216 0.260769 0.180216 0.212884 0.191178 0.212884
1 0.179928 0.266827 0.169544 0.266827 0.169544 0.220913 0.179928 0.220913
1 0.169831 0.274905 0.160023 0.274905 0.160023 0.225577 0.169831 0.225577
1 0.160313 0.281250 0.149062 0.281250 0.149062 0.233655 0.160313 0.233655
1 0.146178 0.296827 0.132331 0.296827 0.132331 0.251827 0.146178 0.251827
1 0.283254 0.139954 0.214504 0.065652 0.234375 0.047266 0.303125 0.121567
1 0.300070 0.124538 0.226562 0.049670 0.244562 0.031998 0.318070 0.106865
1 0.321679 0.121521 0.234569 0.040585 0.251953 0.021875 0.339063 0.102811
1 0.327911 0.104092 0.253125 0.023100 0.271595 0.006046 0.346381 0.087038
1 0.344419 0.090713 0.278125 0.015286 0.292082 0.003019 0.358376 0.078446
1 0.360560 0.084640 0.300000 0.010597 0.316002 -0.002491 0.376563 0.071552
1 0.373921 0.075303 0.321875 0.010597 0.340142 -0.004096 0.392187 0.060611
1 0.382236 0.060150 0.348437 0.005908 0.367764 -0.006135 0.401562 0.048108
1 0.231250 0.123130 0.171500 0.060352 0.191406 0.041406 0.251156 0.104184
