0 0.662560 0.996094 0.549880 0.996094 0.549880 0.661058 0.662560 0.661058
0 0.469952 0.997596 0.431490 0.997596 0.431490 0.698918 0.469952 0.698918
0 0.223858 0.997596 0.070613 0.997596 0.070613 0.667067 0.223858 0.667067
0 0.221459 1.001623 0.186147 0.679251 0.236623 0.673722 0.271935 0.996094
0 0.269545 1.003166 0.234226 0.683167 0.284693 0.677597 0.320012 0.997596
0 0.309617 1.017918 0.255930 0.668952 0.388020 0.648630 0.441707 0.997596
0 0.695613 0.987079 0.662560 0.987079 0.662560 0.661058 0.695613 0.661058
0 0.709127 0.978185 0.683558 0.978065 0.685096 0.652043 0.710665 0.652164
0 0.731663 0.967669 0.706094 0.967548 0.707632 0.641527 0.733201 0.641647
0 0.751194 0.951142 0.725626 0.951022 0.727163 0.625000 0.752732 0.625121
0 0.770733 0.928486 0.745192 0.928486 0.745192 0.625000 0.770733 0.625000
0 0.784255 0.914964 0.758714 0.914964 0.758714 0.611478 0.784255 0.611478
0 0.772236 0.896935 0.764687 0.613102 0.790250 0.612422 0.797798 0.896255
0 0.788762 0.887921 0.781213 0.604087 0.806776 0.603407 0.814325 0.887241
0 0.803865 0.873671 0.794825 0.611528 0.817283 0.610754 0.826322 0.872897
0 0.818889 0.860149 0.809849 0.598007 0.832307 0.597232 0.841346 0.859375
0 0.826401 0.851135 0.817361 0.588992 0.839819 0.588218 0.848858 0.850361
0 0.838420 0.842121 0.829381 0.579978 0.851838 0.579203 0.860878 0.841346
0 0.850439 0.831604 0.841400 0.569461 0.863857 0.568687 0.872897 0.830829
0 0.862458 0.822589 0.853419 0.560447 0.875876 0.559672 0.884916 0.821815
0 0.874478 0.818082 0.865438 0.555939 0.887896 0.555165 0.896935 0.817308
0 0.469952 0.997596 0.431490 0.997596 0.431490 0.698918 0.469952 0.698918
0 0.338880 0.691323 0.218149 0.666466 0.222356 0.646034 0.343087 0.670890
0 0.444048 0.697332 0.323317 0.672476 0.327524 0.652043 0.448255 0.676900
0 0.519531 0.997596 0.481070 0.997596 0.481070 0.670072 0.519531 0.670072
0 0.551082 0.990084 0.512620 0.990084 0.512620 0.662560 0.551082 0.662560
