1 0.422219 1.027764 0.289365 0.894909 0.305121 0.879153 0.437976 1.012007
1 0.821079 0.690695 0.300752 0.191718 0.427668 0.059372 0.947994 0.558348
1 0.679361 0.759336 0.258717 0.338692 0.349469 0.247940 0.770113 0.668584
1 0.574825 0.786056 0.234428 0.445659 0.303303 0.376784 0.643700 0.717181
1 0.497349 0.805434 0.212076 0.520160 0.258972 0.473264 0.544246 0.758537
1 0.437993 0.815631 0.191372 0.569011 0.232404 0.527979 0.479025 0.774599
1 0.391844 0.833565 0.162068 0.603789 0.196846 0.569012 0.426622 0.798787
1 0.364086 0.848812 0.153450 0.638176 0.182772 0.608854 0.393408 0.819490
1 0.328918 0.851140 0.143303 0.665525 0.169088 0.639739 0.354703 0.825355
1 0.307688 0.854795 0.136419 0.683525 0.156765 0.663179 0.328034 0.834448
1 0.283806 0.861849 0.123398 0.701441 0.143744 0.681094 0.304152 0.841502
1 0.269409 0.869719 0.126102 0.726411 0.146992 0.705521 0.290299 0.848829
1 0.259907 0.878133 0.118774 0.737000 0.136147 0.719628 0.277280 0.860761
1 0.249878 0.890337 0.118248 0.758706 0.139410 0.737544 0.271041 0.869175
1 0.812776 0.893873 0.744598 0.825695 0.824505 0.745788 0.892683 0.813966
1 0.745805 0.960844 0.638804 0.853843 0.708580 0.784068 0.815581 0.891068
1 0.701356 1.005293 0.557215 0.861152 0.601664 0.816703 0.745805 0.960844
1 0.663094 1.043555 0.495887 0.876348 0.538654 0.833582 0.705860 1.000789
1 0.637767 1.068882 0.448056 0.879170 0.480131 0.847095 0.669843 1.036807
1 0.611285 1.080678 0.415964 0.885356 0.449738 0.851582 0.645059 1.046903
1 0.563453 1.067726 0.380524 0.884796 0.405851 0.859469 0.588781 1.042399
1 0.517321 1.055351 0.353514 0.891544 0.372093 0.872966 0.535900 1.036773
1 0.380014 1.021594 0.254468 0.896048 0.275800 0.874716 0.401346 1.000262
1 0.485807 1.047465 0.328765 0.890423 0.343962 0.875226 0.501004 1.032268
1 0.450350 1.037912 0.302300 0.889861 0.319756 0.872405 0.467807 1.020455
1 0.399136 1.018212 0.273046 0.892122 0.284316 0.880852 0.410406 1.006942
