0 0.215857 0.747296 0.131468 0.747296 0.131468 0.313458 0.215857 0.313458
0 0.667110 0.719140 0.591273 0.719140 0.591273 0.306899 0.667110 0.306899
0 0.917372 0.788790 0.835194 0.788790 0.835194 0.342487 0.917372 0.342487
0 0.283489 0.728031 0.205550 0.728031 0.205550 0.308150 0.283489 0.308150
0 0.748836 0.732477 0.675475 0.732477 0.675475 0.323491 0.748836 0.323491
0 0.143160 0.762116 0.050540 0.762116 0.050540 0.318728 0.143160 0.318728
0 0.009560 0.788790 -0.001038 0.316760 0.073305 0.315091 0.083903 0.787121
0 0.476715 0.711730 0.401890 0.711730 0.401890 0.305665 0.476715 0.305665
0 0.998370 0.819981 0.935487 0.819981 0.935487 0.347230 0.998370 0.347230
0 0.347842 0.715451 0.273943 0.715451 0.273943 0.305883 0.347842 0.305883
0 0.413567 0.716176 0.337222 0.716176 0.337222 0.302018 0.413567 0.302018
0 0.599522 0.723585 0.528726 0.723585 0.528726 0.306082 0.599522 0.306082
0 0.539077 0.714694 0.466932 0.714694 0.466932 0.306220 0.539077 0.306220
0 0.822976 0.751742 0.744212 0.751742 0.744212 0.325358 0.822976 0.325358
0 0.465892 0.401122 0.426266 0.401122 0.426266 0.218420 0.465892 0.218420
