0 0.549219 0.998611 0.370313 0.998611 0.370313 0.581944 0.549219 0.581944
0 0.603125 0.998611 0.534375 0.998611 0.534375 0.575000 0.603125 0.575000
0 0.999219 0.998611 0.926562 0.998611 0.926562 0.584722 0.999219 0.584722
0 0.660938 0.998611 0.592188 0.998611 0.592188 0.575000 0.660938 0.575000
0 0.721875 0.998611 0.653125 0.998611 0.653125 0.575000 0.721875 0.575000
0 0.790625 0.998611 0.721875 0.998611 0.721875 0.575000 0.790625 0.575000
0 0.857031 0.998611 0.788281 0.998611 0.788281 0.575000 0.857031 0.575000
0 0.925781 0.998611 0.857031 0.998611 0.857031 0.575000 0.925781 0.575000
0 0.065402 0.679607 0.004629 0.675762 0.012665 0.548740 0.073437 0.552585
0 0.080020 0.669233 0.074430 0.549949 0.124098 0.547622 0.129688 0.666906
0 0.129688 0.660554 0.127012 0.547949 0.171743 0.546887 0.174418 0.659491
0 0.215348 0.662850 0.185045 0.662142 0.187620 0.551935 0.217924 0.552644
0 0.218973 0.658967 0.216271 0.554639 0.242187 0.553968 0.244890 0.658295
