0 0.331783 0.939110 0.276567 0.939110 0.276567 0.353377 0.331783 0.353377
0 0.151941 0.594306 -0.036610 0.513632 0.022992 0.374331 0.211543 0.455005
0 0.095068 0.720256 0.000000 0.720256 0.000000 0.523160 0.095068 0.523160
0 0.530704 0.643903 0.496312 0.643903 0.496312 0.238955 0.530704 0.238955
0 0.462516 0.735280 0.417836 0.735280 0.417836 0.273668 0.462516 0.273668
0 0.498181 0.685396 0.461211 0.685396 0.461211 0.255285 0.498181 0.255285
0 0.419515 0.805929 0.370279 0.805929 0.370279 0.285878 0.419515 0.285878
0 0.251792 0.508927 -0.003160 0.452250 0.018710 0.353871 0.273662 0.410547
0 0.373786 0.861876 0.323066 0.861876 0.323066 0.309178 0.373786 0.309178
0 0.556652 0.605347 0.527892 0.605347 0.527892 0.232195 0.556652 0.232195
0 0.582281 0.570665 0.554749 0.570665 0.554749 0.225689 0.582281 0.225689
0 0.605279 0.548146 0.579143 0.548146 0.579143 0.216322 0.605279 0.216322
