0 0.433436 0.657836 0.390296 0.657836 0.390296 0.171150 0.433436 0.171150
0 0.023799 0.602268 0.005268 0.496925 0.272340 0.449945 0.290871 0.555287
0 0.100735 0.413741 -0.000000 0.413741 0.000000 0.180009 0.100735 0.180009
0 0.391335 0.633368 0.340161 0.633368 0.340161 0.094357 0.391335 0.094357
0 0.555915 0.733525 0.523535 0.733525 0.523535 0.355551 0.555915 0.355551
0 0.584244 0.737992 0.556688 0.737992 0.556688 0.390495 0.584244 0.390495
0 0.522652 0.719336 0.490390 0.719336 0.490390 0.313282 0.522652 0.313282
0 0.495180 0.697920 0.464408 0.697920 0.464408 0.277186 0.495180 0.277186
0 0.347461 0.609645 0.292079 0.609645 0.292079 0.038286 0.347461 0.038286
0 0.466595 0.681443 0.431437 0.681443 0.431437 0.230198 0.466595 0.230198
0 0.608469 0.746600 0.583059 0.746600 0.583059 0.418566 0.608469 0.418566
0 0.000016 0.512914 -0.026475 0.358706 0.177497 0.323667 0.203987 0.477876
0 0.616263 0.746854 0.606398 0.443814 0.626022 0.443176 0.635887 0.746215
0 0.634370 0.754253 0.625184 0.471961 0.644538 0.471331 0.653725 0.753623
0 0.650727 0.761472 0.644491 0.497154 0.663229 0.496712 0.669465 0.761030
0 0.673907 0.769025 0.663031 0.520935 0.676428 0.520347 0.687303 0.768438
0 0.688880 0.774630 0.677497 0.540238 0.690611 0.539602 0.701994 0.773993
