0 0.648887 0.996721 0.021661 0.369494 0.356416 0.034739 0.983643 0.661965
0 0.666969 0.032247 0.465944 -0.168778 0.489127 -0.191962 0.690152 0.009064
0 0.634939 0.039866 0.447496 -0.147577 0.470170 -0.170251 0.657613 0.017192
0 0.556160 0.059908 0.397962 -0.098290 0.416113 -0.116442 0.574312 0.041757
0 0.607239 0.047731 0.430741 -0.128767 0.452150 -0.150176 0.628647 0.026322
0 0.698413 0.021490 0.493412 -0.183511 0.508504 -0.198603 0.713505 0.006398
0 0.536851 0.067181 0.383287 -0.086383 0.400421 -0.103517 0.553985 0.050047
0 0.476295 0.081842 0.343563 -0.050890 0.358602 -0.065929 0.491334 0.066803
0 0.578773 0.052579 0.413014 -0.113179 0.432938 -0.133103 0.598697 0.032655
0 0.496704 0.077760 0.355752 -0.063192 0.371598 -0.079039 0.512550 0.061913
0 0.515690 0.073389 0.367810 -0.074491 0.384724 -0.091405 0.532604 0.056475
0 0.464812 0.093088 0.332080 -0.039644 0.347118 -0.054683 0.479850 0.078049
0 0.443089 0.089111 0.324504 -0.032068 0.337584 -0.044869 0.456170 0.076310
0 0.433619 0.098581 0.315033 -0.022598 0.328114 -0.035399 0.446700 0.085780
0 0.414062 0.095388 0.306826 -0.014390 0.319919 -0.027180 0.427155 0.082598
0 0.407117 0.102333 0.299882 -0.007446 0.312975 -0.020236 0.420210 0.089543
0 0.401108 0.099092 0.299881 -0.007446 0.311335 -0.018329 0.412562 0.088209
0 0.393532 0.106668 0.292305 0.000130 0.303760 -0.010753 0.404986 0.095785
0 0.387850 0.112350 0.286623 0.005812 0.298077 -0.005071 0.399304 0.101467
0 0.379642 0.120558 0.278416 0.014020 0.289870 0.003137 0.391096 0.109674
0 0.322629 0.162425 0.226320 0.066116 0.278015 0.014421 0.374324 0.110730
