0 0.896515 0.693440 0.851533 0.516116 0.998189 0.478913 1.043172 0.656237
0 0.680517 0.917478 0.620910 0.917478 0.620910 0.323345 0.680517 0.323345
0 0.561581 0.769651 0.512351 0.769651 0.512351 0.284534 0.561581 0.284534
0 0.774372 0.565169 0.752268 0.441685 0.992352 0.398709 1.014456 0.522193
0 0.620261 0.844332 0.561592 0.844332 0.561592 0.302850 0.620261 0.302850
0 0.476645 0.670135 0.439324 0.670135 0.439324 0.249372 0.476645 0.249372
0 0.515425 0.718735 0.473849 0.718735 0.473849 0.259329 0.515425 0.259329
0 0.748545 0.999074 0.680121 0.999074 0.680121 0.349966 0.748545 0.349966
0 0.722887 0.481697 0.692666 0.372035 0.932463 0.305953 0.962683 0.415615
0 0.439017 0.627982 0.407416 0.627982 0.407416 0.229200 0.439017 0.229200
0 0.407230 0.582846 0.379556 0.582846 0.379556 0.215574 0.407230 0.215574
