0 0.664843 0.933161 0.234374 0.933161 0.234374 0.103993 0.664843 0.103993
0 0.987500 0.997049 0.950000 0.997049 0.950000 0.701214 0.987500 0.701214
0 0.953906 0.997048 0.918750 0.997048 0.918750 0.715104 0.953906 0.715104
0 0.925001 0.995660 0.892188 0.995660 0.892188 0.727604 0.925001 0.727604
0 0.896875 0.997049 0.867969 0.997049 0.867969 0.744271 0.896875 0.744271
0 0.872656 0.995660 0.844531 0.995660 0.844531 0.755382 0.872656 0.755382
0 0.850000 0.997049 0.821094 0.997049 0.821094 0.769271 0.850000 0.769271
0 0.828907 0.995660 0.804688 0.995660 0.804688 0.783160 0.828907 0.783160
0 0.810937 0.990104 0.786718 0.990104 0.786718 0.781771 0.810937 0.781771
0 0.790625 0.997049 0.768749 0.997049 0.768749 0.801214 0.790625 0.801214
0 0.774219 0.995661 0.751563 0.995661 0.751563 0.809550 0.774219 0.809550
0 0.756250 0.995660 0.736719 0.995660 0.736719 0.816493 0.756250 0.816493
0 0.728906 0.994271 0.710156 0.994271 0.710156 0.834548 0.728906 0.834548
0 0.714844 0.995660 0.696094 0.995660 0.696094 0.842882 0.714844 0.842882
0 0.704687 0.995660 0.688281 0.995660 0.688281 0.842882 0.704687 0.842882
0 0.635157 0.997049 0.573437 0.997049 0.573437 0.869271 0.635157 0.869271
0 0.741406 0.997049 0.721876 0.997049 0.721876 0.819271 0.741406 0.819271
0 0.675787 0.998757 0.672887 0.849853 0.689286 0.849533 0.692187 0.998438
0 0.665966 0.998757 0.663064 0.849853 0.679464 0.849534 0.682366 0.998438
0 0.655252 0.998757 0.652350 0.849853 0.668750 0.849533 0.671652 0.998438
0 0.649002 0.998757 0.646100 0.849853 0.662500 0.849533 0.665402 0.998438
0 0.641859 0.998757 0.638957 0.849853 0.655357 0.849533 0.658259 0.998438
