0 0.178411 0.682437 -0.026416 0.648067 0.000000 0.490638 0.204827 0.525007
0 0.088143 0.812949 -0.000000 0.812949 0.000000 0.600003 0.088143 0.600003
0 0.559996 0.641612 0.530126 0.641612 0.530126 0.264304 0.559996 0.264304
0 0.278336 0.557143 0.011752 0.496851 0.036736 0.386385 0.303320 0.446676
0 0.437628 0.831060 0.391876 0.831060 0.391876 0.342088 0.437628 0.342088
0 0.528564 0.682665 0.495502 0.682665 0.495502 0.283168 0.528564 0.283168
0 0.497953 0.721678 0.467131 0.721678 0.467131 0.303310 0.497953 0.303310
0 0.394076 0.901379 0.343308 0.901379 0.343308 0.365672 0.394076 0.365672
0 0.349589 0.962309 0.295727 0.962309 0.295727 0.391449 0.349589 0.391449
0 0.590143 0.616936 0.561835 0.616936 0.561835 0.257151 0.590143 0.257151
0 0.470105 0.774412 0.433515 0.774412 0.433515 0.314642 0.470105 0.314642
0 0.614496 0.574718 0.588378 0.574718 0.588378 0.250196 0.614496 0.250196
0 0.631129 0.548636 0.610074 0.548007 0.619029 0.247890 0.640084 0.248519
0 0.649445 0.526372 0.631857 0.525777 0.641384 0.244220 0.658972 0.244815
0 0.668164 0.499483 0.652886 0.499104 0.659433 0.235177 0.674711 0.235556
0 0.684159 0.475945 0.667513 0.475377 0.675903 0.229432 0.692550 0.230000
0 0.696502 0.450680 0.684125 0.450035 0.695912 0.223800 0.708290 0.224444
