0 0.853725 0.840657 0.692357 0.740515 0.836744 0.507853 0.998111 0.607995
0 0.674609 0.759798 0.568311 0.670236 0.744908 0.460639 0.851207 0.550201
0 0.430745 0.453703 0.407660 0.453703 0.407660 0.244444 0.430745 0.244444
0 0.552779 0.693828 0.477020 0.614666 0.657295 0.442142 0.733054 0.521304
0 0.999475 0.895489 0.899055 0.895489 0.899055 0.771007 0.999475 0.771007
0 0.454879 0.456481 0.431794 0.456481 0.431794 0.247222 0.454879 0.247222
0 0.552466 0.437037 0.529381 0.437037 0.529381 0.227778 0.552466 0.227778
0 0.465330 0.643465 0.402309 0.571690 0.571816 0.422855 0.634837 0.494630
0 0.378006 0.596978 0.335992 0.536123 0.516433 0.411546 0.558447 0.472401
0 0.319190 0.567685 0.277020 0.509630 0.444924 0.387670 0.487093 0.445726
0 0.249744 0.534648 0.225603 0.487407 0.402512 0.397004 0.426653 0.444244
0 0.204334 0.508243 0.186779 0.472593 0.352854 0.390811 0.370409 0.426461
0 0.182610 0.774082 0.157445 0.441664 0.188266 0.439330 0.213431 0.771749
0 0.148314 0.741781 0.119061 0.428887 0.147242 0.426253 0.176495 0.739146
0 0.115155 0.699775 0.104932 0.417037 0.122621 0.416397 0.132844 0.699135
0 0.384100 0.430627 0.375286 0.266388 0.397692 0.265185 0.406506 0.429425
