0 0.690989 0.934754 0.245315 0.934754 0.245315 0.081046 0.690989 0.081046
0 0.981821 0.993925 0.947897 0.993925 0.947897 0.705964 0.981821 0.705964
0 0.952141 0.993474 0.920287 0.993474 0.920287 0.723724 0.952141 0.723724
0 0.925324 0.992228 0.894153 0.992228 0.894153 0.738621 0.925324 0.738621
0 0.874602 0.993146 0.848712 0.993146 0.848712 0.767381 0.874602 0.767381
0 0.898723 0.992507 0.870289 0.992507 0.870289 0.754061 0.898723 0.754061
0 0.999219 0.994036 0.977884 0.994036 0.977884 0.691315 0.999219 0.691315
0 0.854294 0.994794 0.830018 0.994794 0.830018 0.777945 0.854294 0.777945
0 0.832971 0.997131 0.809129 0.997131 0.809129 0.787858 0.832971 0.787858
0 0.778176 0.998071 0.757920 0.998071 0.757920 0.816993 0.778176 0.816993
0 0.814053 0.998229 0.792611 0.998229 0.792611 0.798686 0.814053 0.798686
0 0.795446 0.998393 0.773854 0.998393 0.773854 0.809914 0.795446 0.809914
0 0.747350 0.998731 0.744168 0.828935 0.759816 0.828642 0.762998 0.998438
0 0.733958 0.998731 0.730777 0.828935 0.746424 0.828642 0.749605 0.998438
0 0.721458 0.998731 0.718277 0.828935 0.733924 0.828642 0.737105 0.998437
0 0.708098 0.998981 0.702958 0.851299 0.718571 0.850756 0.723712 0.998438
0 0.697383 0.998981 0.692243 0.851299 0.707857 0.850756 0.712998 0.998438
0 0.686669 0.998981 0.681529 0.851299 0.697143 0.850756 0.702283 0.998438
0 0.676848 0.998981 0.671708 0.851299 0.687321 0.850756 0.692462 0.998438
0 0.669705 0.998981 0.664565 0.851299 0.680179 0.850756 0.685319 0.998438
0 0.661669 0.998981 0.656528 0.851299 0.672143 0.850755 0.677284 0.998438
0 0.665989 0.998437 0.595536 0.998437 0.595536 0.865411 0.665989 0.865411
