1 0.707621 1.000000 0.652620 1.000000 0.652620 0.810192 0.707621 0.810192
1 0.423342 0.852404 0.244783 0.852404 0.244783 0.166755 0.423342 0.166755
1 0.545576 0.797019 0.426225 0.797019 0.426225 0.227861 0.545576 0.227861
1 0.641082 0.755000 0.551323 0.755000 0.551323 0.272740 0.641082 0.272740
1 0.714616 0.718702 0.642043 0.718702 0.642043 0.286106 0.714616 0.286106
1 0.761419 0.697692 0.704111 0.697692 0.704111 0.327188 0.761419 0.327188
1 0.803414 0.659495 0.757596 0.659495 0.757596 0.348197 0.803414 0.348197
1 0.835889 0.642308 0.792932 0.642308 0.792933 0.350096 0.835889 0.350096
1 0.866442 0.628942 0.833028 0.628942 0.833028 0.353918 0.866442 0.353918
1 0.884423 0.616490 0.854952 0.616490 0.854952 0.380192 0.884423 0.380192
1 0.906058 0.606827 0.880746 0.606827 0.880746 0.381130 0.906058 0.381130
1 0.918052 0.599447 0.896850 0.599447 0.896850 0.393101 0.918052 0.393101
1 0.931851 0.599928 0.911129 0.599928 0.911129 0.405986 0.931851 0.405986
1 0.949808 0.598990 0.919880 0.598990 0.919880 0.417043 0.949808 0.417043
1 0.556563 1.000000 0.427837 1.000000 0.427837 0.875865 0.556563 0.875865
1 0.648485 0.995841 0.560480 0.995841 0.560480 0.851442 0.648485 0.851442
1 0.762644 1.000000 0.722764 1.000000 0.722764 0.773077 0.762644 0.773077
1 0.825889 0.994471 0.791515 0.994471 0.791515 0.708437 0.825889 0.708437
1 0.799760 1.000000 0.755770 1.000000 0.755770 0.720817 0.799760 0.720817
1 0.853847 0.952188 0.818509 0.952188 0.818509 0.694351 0.853847 0.694351
1 0.893966 0.873894 0.855745 0.873894 0.855745 0.673341 0.893966 0.673341
1 0.951249 0.779351 0.931201 0.779351 0.931201 0.616058 0.951249 0.616058
1 0.937884 0.797500 0.917836 0.797500 0.917836 0.620817 0.937884 0.620817
1 0.926418 0.815649 0.906371 0.815649 0.906371 0.626562 0.926418 0.626562
1 0.913052 0.842380 0.886322 0.842380 0.886322 0.641827 0.913052 0.641827
