0 0.109828 0.663588 0.000783 0.663588 0.000783 0.422938 0.109828 0.422938
0 0.495636 0.649054 0.461834 0.649054 0.461834 0.245067 0.495636 0.245067
0 0.547246 0.581661 0.520208 0.581661 0.520208 0.222864 0.547246 0.222864
0 0.522056 0.614968 0.492220 0.614968 0.492220 0.229820 0.522056 0.229820
0 0.464400 0.697364 0.426402 0.697364 0.426402 0.278421 0.464400 0.278421
0 0.569976 0.539977 0.546354 0.539977 0.546354 0.217155 0.569976 0.217155
0 0.429782 0.735239 0.382552 0.735239 0.382552 0.292493 0.429782 0.292493
0 0.594334 0.490923 0.573347 0.490923 0.573347 0.202222 0.594334 0.202222
0 0.593494 0.462767 0.593267 0.191127 0.611752 0.191111 0.611980 0.462751
0 0.629144 0.434868 0.610850 0.434527 0.615494 0.185215 0.633788 0.185556
0 0.649597 0.415411 0.631166 0.415335 0.632147 0.178072 0.650577 0.178148
0 0.663860 0.396179 0.648059 0.396081 0.649467 0.170642 0.665268 0.170741
0 0.675333 0.374082 0.663978 0.373833 0.668603 0.163084 0.679958 0.163333
