0 0.016784 0.658147 -0.004325 0.281192 0.051006 0.278093 0.072115 0.655048
0 0.324519 0.997596 -0.000000 0.997596 0.000000 0.381611 0.324519 0.381611
0 0.400985 1.001593 0.298978 0.997596 0.323235 0.378438 0.425242 0.382434
0 0.497139 1.003996 0.395132 1.000000 0.419389 0.380842 0.521396 0.384838
0 0.591000 1.002703 0.493344 0.997294 0.527344 0.383413 0.625000 0.388822
0 0.670761 1.002710 0.573104 0.997301 0.606971 0.385817 0.704627 0.391226
0 0.067866 0.661151 0.046756 0.284196 0.102088 0.281098 0.123197 0.658053
0 0.118948 0.661151 0.097838 0.284196 0.153169 0.281098 0.174279 0.658053
0 0.162517 0.665659 0.141408 0.288704 0.196739 0.285605 0.217849 0.662560
0 0.201345 0.395700 0.196815 0.283954 0.247874 0.281884 0.252404 0.393630
0 0.249422 0.401709 0.244892 0.289964 0.295951 0.287894 0.300481 0.399639
0 0.302006 0.400207 0.297476 0.288462 0.348535 0.286392 0.353065 0.398137
