0 0.402413 0.893517 0.359391 0.893517 0.359391 0.396296 0.402413 0.396296
0 0.438090 0.833333 0.399790 0.833333 0.399790 0.376853 0.438090 0.376853
0 0.362539 0.969444 0.309025 0.969444 0.309025 0.400000 0.362539 0.400000
0 0.467996 0.780556 0.435992 0.780556 0.435992 0.350926 0.467996 0.350926
0 0.492130 0.732407 0.464848 0.732407 0.464848 0.333333 0.492130 0.333333
0 0.532004 0.666667 0.509968 0.666667 0.509968 0.315741 0.532004 0.315741
0 0.059287 0.983333 0.000525 0.983333 0.000525 0.666667 0.059287 0.666667
0 0.552466 0.628704 0.530430 0.628704 0.530430 0.306482 0.552466 0.306482
0 0.513641 0.691666 0.488457 0.691666 0.488457 0.325926 0.513641 0.325926
0 0.039267 0.883840 -0.037124 0.869022 -0.000000 0.677646 0.076390 0.692465
0 0.145567 0.741268 -0.029879 0.705870 -0.000000 0.557778 0.175446 0.593176
0 0.218451 0.651441 -0.019954 0.612911 0.000000 0.489442 0.238405 0.527971
0 0.276987 0.569626 0.028949 0.520946 0.044721 0.440580 0.292760 0.489259
0 0.566626 0.602317 0.547931 0.601920 0.554232 0.305528 0.572928 0.305926
0 0.580894 0.581623 0.567451 0.581251 0.575224 0.299999 0.588667 0.300370
0 0.592655 0.556128 0.579308 0.555694 0.587913 0.290678 0.601259 0.291111
0 0.602712 0.544694 0.588796 0.544156 0.598886 0.283166 0.612802 0.283704
0 0.612787 0.523913 0.600151 0.523427 0.609610 0.277662 0.622246 0.278148
0 0.622814 0.509043 0.610907 0.508643 0.618733 0.275896 0.630640 0.276296
0 0.631206 0.485269 0.622806 0.484962 0.630635 0.270434 0.639035 0.270741
0 0.638761 0.482306 0.630361 0.481999 0.638190 0.267470 0.646590 0.267777
0 0.647155 0.474896 0.638756 0.474589 0.646585 0.260061 0.654984 0.260368
0 0.658068 0.470450 0.649668 0.470144 0.657497 0.255615 0.665897 0.255921
