0 0.869012 0.384788 0.651404 0.120051 0.694747 0.084424 0.912355 0.349161
0 0.314703 0.944451 0.060024 0.689773 0.113662 0.636135 0.368341 0.890813
0 0.390880 0.855177 0.143425 0.607723 0.193105 0.558043 0.440560 0.805497
0 0.751269 0.450849 0.535242 0.233620 0.574260 0.194818 0.790287 0.412047
0 0.358029 0.900603 0.103922 0.646496 0.153892 0.596526 0.407998 0.850633
0 0.709083 0.485160 0.493903 0.269981 0.538187 0.225698 0.753366 0.440877
0 0.494627 0.728377 0.258333 0.492083 0.304492 0.445923 0.540786 0.682217
0 0.282195 0.988044 0.027213 0.733062 0.074760 0.685515 0.329742 0.940497
0 0.427454 0.812316 0.183673 0.568534 0.230409 0.521798 0.474190 0.765580
0 0.609632 0.577809 0.394822 0.362999 0.439280 0.318540 0.654091 0.533351
0 0.775384 0.440559 0.568077 0.191709 0.610834 0.156090 0.818141 0.404940
0 0.670834 0.517121 0.457109 0.303397 0.501908 0.258598 0.715632 0.472322
0 0.647753 0.550167 0.428558 0.330971 0.469782 0.289748 0.688977 0.508943
0 0.835262 0.407182 0.611040 0.157323 0.651436 0.121072 0.875658 0.370931
0 0.558749 0.655872 0.327115 0.424238 0.370779 0.380574 0.602413 0.612208
0 0.923380 0.353066 0.701587 0.076660 0.744810 0.041977 0.966603 0.318384
0 0.588735 0.617502 0.362949 0.391716 0.403196 0.351469 0.628982 0.577255
0 0.460114 0.771273 0.219581 0.530739 0.264753 0.485567 0.505286 0.726101
0 0.529894 0.688919 0.295841 0.454866 0.336310 0.414396 0.570363 0.648449
