0 0.434278 0.833630 0.398894 0.833630 0.398894 0.718486 0.434278 0.718486
0 0.886195 0.690150 0.870368 0.621050 0.886209 0.617422 0.902036 0.686522
0 0.899563 0.686469 0.883731 0.617345 0.899548 0.613723 0.915380 0.682847
0 0.913383 0.685075 0.897556 0.615975 0.913372 0.612353 0.929198 0.681453
0 0.926269 0.680932 0.910443 0.611831 0.924502 0.608611 0.940328 0.677712
0 0.417780 1.001815 0.377821 1.000000 0.383039 0.885113 0.422998 0.886928
0 0.454120 1.000569 0.416229 0.999378 0.419559 0.893421 0.457449 0.894611
0 0.487644 1.000000 0.454063 1.000000 0.454063 0.897452 0.487644 0.897452
0 0.519207 0.999207 0.487525 0.999207 0.487525 0.901707 0.519207 0.901707
0 0.553317 0.999784 0.522211 0.999784 0.522211 0.906490 0.553317 0.906490
0 0.584423 1.000000 0.555698 1.000000 0.555698 0.912476 0.584423 0.912476
0 0.586544 0.999976 0.582332 0.907210 0.609804 0.905963 0.614016 0.998728
0 0.610198 0.998627 0.600466 0.897556 0.629730 0.894738 0.639462 0.995809
0 0.645222 0.990598 0.635491 0.889527 0.664754 0.886709 0.674486 0.987780
0 0.665150 0.988628 0.655416 0.887533 0.684704 0.884713 0.694438 0.985808
0 0.692522 0.973337 0.683718 0.881909 0.712983 0.879091 0.721787 0.970519
0 0.727307 0.967861 0.713101 0.877139 0.730914 0.874350 0.745120 0.965072
0 0.746900 0.963486 0.732692 0.872764 0.750505 0.869975 0.764712 0.960697
0 0.768802 0.954045 0.749867 0.864191 0.763627 0.861291 0.782562 0.951145
0 0.783293 0.957499 0.769086 0.866777 0.786875 0.863991 0.801081 0.954713
0 0.800241 0.952018 0.786034 0.861297 0.803822 0.858511 0.818029 0.949232
0 0.823524 0.942561 0.803737 0.856858 0.818400 0.853473 0.838186 0.939176
0 0.838320 0.936666 0.820034 0.851368 0.838556 0.847397 0.856842 0.932695
0 0.855748 0.931449 0.837462 0.846151 0.855984 0.842180 0.874270 0.927478
0 0.875700 0.929959 0.857413 0.844660 0.875935 0.840690 0.894222 0.925988
0 0.891631 0.928969 0.873344 0.843672 0.889139 0.840286 0.907426 0.925583
0 0.907582 0.927959 0.889296 0.842661 0.906431 0.838988 0.924718 0.924286
0 0.917095 0.924155 0.898809 0.838857 0.913194 0.835773 0.931480 0.921071
0 0.930027 0.917507 0.911740 0.832209 0.930263 0.828238 0.948549 0.913536
0 0.945141 0.906395 0.921100 0.826772 0.939234 0.821297 0.963274 0.900920
0 0.958625 0.898812 0.933323 0.821400 0.951328 0.815515 0.976630 0.892927
0 0.972147 0.878929 0.950695 0.815917 0.965281 0.810951 0.986733 0.873963
0 0.984911 0.872054 0.963459 0.809042 0.978047 0.804076 0.999498 0.867088
0 0.998438 0.864226 0.977206 0.801859 0.991816 0.796886 1.013047 0.859253
0 0.353204 0.842816 0.318225 0.832255 0.354535 0.711992 0.389515 0.722553
0 0.470673 0.837620 0.438270 0.837620 0.438270 0.721971 0.470673 0.721971
0 0.498076 0.836106 0.471659 0.836106 0.471659 0.727957 0.498076 0.727957
0 0.524015 0.838606 0.497597 0.838606 0.497597 0.727452 0.524015 0.727452
0 0.561899 0.836106 0.533486 0.836106 0.533486 0.734423 0.561899 0.734423
0 0.587548 0.839784 0.564687 0.839784 0.564687 0.735096 0.587548 0.735096
0 0.590212 0.836102 0.585727 0.737333 0.608972 0.736278 0.613457 0.835047
0 0.618307 0.837460 0.610375 0.740983 0.632656 0.739151 0.640588 0.835628
0 0.642704 0.836161 0.634774 0.739707 0.657031 0.737877 0.664961 0.834331
0 0.666384 0.840320 0.658451 0.743842 0.680709 0.742012 0.688641 0.838490
0 0.685493 0.837820 0.677563 0.741366 0.699819 0.739536 0.707749 0.835990
0 0.705421 0.837821 0.697491 0.741367 0.719772 0.739535 0.727702 0.835989
0 0.727760 0.834795 0.715124 0.738820 0.737288 0.735902 0.749924 0.831877
0 0.748818 0.831232 0.730849 0.736135 0.752793 0.731989 0.770762 0.827086
0 0.768474 0.822171 0.757329 0.737517 0.777968 0.734800 0.789113 0.819454
0 0.789859 0.823876 0.779362 0.744131 0.794901 0.742085 0.805399 0.821830
0 0.805713 0.819607 0.795555 0.742436 0.814359 0.739961 0.824517 0.817132
0 0.825196 0.816188 0.815544 0.742878 0.834372 0.740399 0.844024 0.813709
0 0.844248 0.811736 0.831409 0.738916 0.846017 0.736341 0.858856 0.809161
0 0.862037 0.810606 0.849197 0.737786 0.863804 0.735211 0.876644 0.808031
0 0.877014 0.805243 0.864174 0.732424 0.878757 0.729853 0.891597 0.802672
0 0.892349 0.804861 0.879509 0.732042 0.894116 0.729466 0.906956 0.802285
0 0.910662 0.802141 0.892898 0.730364 0.907296 0.726801 0.925059 0.798578
0 0.925214 0.800613 0.908203 0.728653 0.920556 0.725733 0.937566 0.797693
0 0.942354 0.798714 0.925343 0.726754 0.937695 0.723834 0.954706 0.795794
0 0.955623 0.798161 0.938613 0.726202 0.950965 0.723282 0.967975 0.795241
0 0.965021 0.795949 0.948012 0.723990 0.960364 0.721070 0.977373 0.793029
0 0.974420 0.795949 0.957410 0.723990 0.969762 0.721070 0.986772 0.793029
0 0.381347 0.631971 0.343197 0.631971 0.343197 0.536899 0.381347 0.536899
0 0.409626 0.654116 0.378404 0.651933 0.385566 0.549514 0.416789 0.551697
0 0.436409 0.666962 0.406327 0.664118 0.416068 0.561067 0.446150 0.563911
0 0.472444 0.680928 0.442248 0.679821 0.446042 0.576356 0.476238 0.577463
0 0.500251 0.689717 0.477981 0.688978 0.481263 0.590042 0.503534 0.590781
0 0.538846 0.698293 0.510096 0.698293 0.510096 0.605529 0.538846 0.605529
0 0.538337 0.699301 0.529948 0.608871 0.556373 0.606420 0.564763 0.696850
0 0.586418 0.698005 0.564759 0.698005 0.564759 0.609591 0.586418 0.609591
0 0.607597 0.701707 0.588270 0.701707 0.588270 0.610962 0.607597 0.610962
0 0.609863 0.708858 0.603843 0.618216 0.628189 0.616599 0.634210 0.707241
0 0.639298 0.702615 0.628488 0.618232 0.645800 0.616015 0.656609 0.700398
0 0.660056 0.697532 0.649652 0.616320 0.666963 0.614102 0.677367 0.695314
0 0.680315 0.698467 0.669826 0.616588 0.687137 0.614370 0.697626 0.696250
0 0.699199 0.697084 0.689067 0.617994 0.706378 0.615776 0.716509 0.694866
0 0.719600 0.694851 0.707524 0.615938 0.724775 0.613298 0.736851 0.692211
0 0.738021 0.697605 0.726204 0.620379 0.742244 0.617924 0.754062 0.695150
0 0.756986 0.697749 0.745172 0.620546 0.761212 0.618092 0.773025 0.695295
0 0.774945 0.695465 0.763128 0.618239 0.779167 0.615785 0.790984 0.693011
0 0.790137 0.695465 0.778319 0.618239 0.794358 0.615785 0.806176 0.693011
0 0.808551 0.698688 0.796732 0.621462 0.812795 0.619004 0.824613 0.696230
0 0.823741 0.700515 0.811928 0.623313 0.827991 0.620855 0.839804 0.698057
0 0.837565 0.698688 0.825748 0.621462 0.841811 0.619004 0.853628 0.696230
0 0.856443 0.695004 0.845716 0.624906 0.861778 0.622448 0.872506 0.692546
0 0.874223 0.690150 0.858397 0.621050 0.874238 0.617422 0.890064 0.686522
0 0.938900 0.677104 0.916633 0.609777 0.932061 0.604675 0.954327 0.672002
0 0.950439 0.673476 0.929830 0.605647 0.945378 0.600923 0.965987 0.668752
0 0.430746 0.528077 0.395745 0.528077 0.395745 0.436442 0.430746 0.436442
0 0.458774 0.538197 0.427067 0.538197 0.427067 0.444712 0.458774 0.444712
0 0.484183 0.540505 0.454254 0.540505 0.454254 0.449327 0.484183 0.449327
0 0.508125 0.546034 0.483726 0.546034 0.483726 0.457620 0.508125 0.457620
0 0.537597 0.550649 0.509975 0.550649 0.509975 0.465433 0.537597 0.465433
0 0.557860 0.558942 0.538052 0.558942 0.538052 0.472812 0.557860 0.472812
0 0.591947 0.564928 0.569374 0.564928 0.569374 0.482476 0.591947 0.482476
0 0.609447 0.568149 0.587788 0.568149 0.587788 0.487548 0.609447 0.487548
0 0.626948 0.577813 0.609447 0.577813 0.609447 0.492620 0.626948 0.492620
0 0.651347 0.583341 0.629712 0.583341 0.629712 0.499976 0.651347 0.499976
0 0.650465 0.582901 0.644910 0.499262 0.661916 0.498133 0.667471 0.581771
0 0.674151 0.583797 0.668963 0.505699 0.685969 0.504569 0.691157 0.582667
0 0.696518 0.588272 0.683264 0.505528 0.700093 0.502833 0.713347 0.585577
0 0.716783 0.587816 0.703529 0.505072 0.720357 0.502376 0.733611 0.585120
0 0.731063 0.585989 0.717806 0.503221 0.734635 0.500525 0.747892 0.583294
0 0.752232 0.581838 0.739761 0.503983 0.756590 0.501287 0.769060 0.579142
0 0.768354 0.585999 0.755947 0.508548 0.772776 0.505852 0.785182 0.583303
0 0.784010 0.585532 0.772551 0.513991 0.789379 0.511295 0.800838 0.582836
0 0.799678 0.585990 0.788108 0.513762 0.802919 0.511389 0.814490 0.583618
0 0.818138 0.586391 0.807627 0.520761 0.822415 0.518392 0.832927 0.584022
0 0.834860 0.587461 0.824032 0.519860 0.838819 0.517491 0.849647 0.585092
0 0.856961 0.587928 0.846399 0.521989 0.861188 0.519620 0.871750 0.585559
0 0.873534 0.589764 0.862568 0.521310 0.877380 0.518937 0.888346 0.587392
0 0.903934 0.590919 0.883169 0.528134 0.897388 0.523432 0.918153 0.586217
0 0.928208 0.590481 0.906236 0.523259 0.920470 0.518606 0.942443 0.585828
0 0.949941 0.591634 0.927962 0.524389 0.942198 0.519736 0.964177 0.586981
0 0.966529 0.591177 0.944549 0.523932 0.958785 0.519279 0.980764 0.586524
0 0.974795 0.592095 0.952823 0.524873 0.967080 0.520213 0.989053 0.587435
0 0.360791 0.420726 0.286382 0.366467 0.295291 0.354249 0.369700 0.408509
0 0.505818 0.436250 0.470360 0.436250 0.470360 0.353341 0.505818 0.353341
0 0.525626 0.441322 0.505360 0.441322 0.505360 0.360721 0.525626 0.360721
0 0.549567 0.449135 0.526995 0.449135 0.526995 0.366250 0.549567 0.366250
0 0.577669 0.454663 0.553245 0.454663 0.553245 0.373149 0.577669 0.373149
0 0.602524 0.457428 0.575817 0.457428 0.575817 0.382452 0.602524 0.382452
0 0.603144 0.461305 0.595317 0.388068 0.620486 0.385378 0.628313 0.458615
0 0.628206 0.467792 0.619786 0.389009 0.638430 0.387016 0.646850 0.465799
0 0.649935 0.468572 0.636999 0.390428 0.655497 0.387365 0.668434 0.465509
0 0.667890 0.467196 0.656339 0.397424 0.673794 0.394534 0.685345 0.464306
0 0.685678 0.471211 0.674127 0.401438 0.691582 0.398549 0.703133 0.468321
0 0.705030 0.475369 0.693476 0.405573 0.710931 0.402684 0.722486 0.472479
0 0.722073 0.475826 0.710519 0.406030 0.727975 0.403141 0.739529 0.472937
0 0.740475 0.478128 0.729953 0.414570 0.747409 0.411680 0.757931 0.475238
0 0.754762 0.479037 0.744130 0.414815 0.761585 0.411925 0.772217 0.476147
0 0.771348 0.482735 0.760622 0.417943 0.778076 0.415054 0.788802 0.479846
0 0.783317 0.483177 0.772834 0.419856 0.790289 0.416967 0.800772 0.480288
0 0.797123 0.487334 0.786000 0.420147 0.803455 0.417257 0.814578 0.484444
0 0.809106 0.487782 0.798344 0.422777 0.815798 0.419887 0.826561 0.484892
0 0.821067 0.489634 0.810277 0.424462 0.827755 0.421569 0.838545 0.486740
0 0.851583 0.491471 0.841609 0.431233 0.853586 0.429250 0.863560 0.489488
0 0.867832 0.497000 0.857859 0.436762 0.869837 0.434779 0.879809 0.495017
0 0.881583 0.499885 0.871610 0.439646 0.883586 0.437663 0.893559 0.497902
0 0.895019 0.503394 0.885047 0.443156 0.897023 0.441173 0.906995 0.501411
0 0.904613 0.505005 0.894637 0.444743 0.906614 0.442760 0.916590 0.503022
0 0.917089 0.507889 0.907112 0.447627 0.919089 0.445644 0.929066 0.505906
0 0.571466 0.357957 0.545576 0.357957 0.545576 0.277668 0.571466 0.277668
0 0.589712 0.357957 0.573389 0.357957 0.573389 0.282788 0.589712 0.282788
0 0.612597 0.362067 0.590865 0.362067 0.590865 0.287236 0.612597 0.287236
0 0.635312 0.364639 0.612284 0.364639 0.612284 0.294904 0.635312 0.294904
0 0.651947 0.369736 0.635313 0.369736 0.635313 0.304183 0.651947 0.304183
0 0.657463 0.373394 0.650999 0.309755 0.669461 0.307880 0.675925 0.371519
0 0.671212 0.376279 0.664748 0.312640 0.683210 0.310765 0.689674 0.374404
0 0.687520 0.383656 0.680941 0.318892 0.699405 0.317017 0.705983 0.381781
0 0.841209 0.492581 0.831351 0.433030 0.842735 0.431146 0.852593 0.490696
0 0.704967 0.389828 0.698156 0.322768 0.716619 0.320893 0.723431 0.387953
0 0.719680 0.390477 0.712868 0.323418 0.731331 0.321543 0.738142 0.388602
0 0.735364 0.392722 0.728963 0.329704 0.747402 0.327831 0.753803 0.390849
0 0.753888 0.395909 0.747383 0.331863 0.760944 0.330486 0.767449 0.394532
0 0.773718 0.397306 0.760658 0.336382 0.773374 0.333656 0.786435 0.394580
0 0.788357 0.401272 0.775297 0.340348 0.788013 0.337622 0.801073 0.398546
0 0.804030 0.404469 0.790969 0.343545 0.803686 0.340819 0.816747 0.401743
0 0.819055 0.409565 0.805993 0.348642 0.818709 0.345916 0.831771 0.406839
0 0.831530 0.409902 0.818470 0.348978 0.831186 0.346252 0.844247 0.407176
0 0.847517 0.414060 0.834455 0.353137 0.847171 0.350411 0.860233 0.411334
0 0.866700 0.419183 0.853639 0.358260 0.866378 0.355529 0.879439 0.416452
0 0.882949 0.422474 0.869888 0.361550 0.882604 0.358824 0.895665 0.419748
0 0.371705 0.229508 0.364812 0.152267 0.395483 0.149530 0.402377 0.226771
0 0.403708 0.231929 0.396814 0.154688 0.419249 0.152686 0.426143 0.229927
0 0.425845 0.237433 0.418954 0.160216 0.441366 0.158216 0.448256 0.235433
0 0.450774 0.243659 0.443883 0.166442 0.466294 0.164442 0.473184 0.241659
0 0.477429 0.250253 0.470880 0.176867 0.493291 0.174867 0.499840 0.248253
0 0.499577 0.253715 0.493054 0.180640 0.513838 0.178785 0.520360 0.251860
0 0.522897 0.256888 0.516743 0.187931 0.534652 0.186333 0.540805 0.255290
0 0.544641 0.267006 0.537948 0.192015 0.560383 0.190013 0.567076 0.265004
0 0.562830 0.275088 0.556337 0.202349 0.576641 0.200537 0.583134 0.273276
0 0.582142 0.278507 0.575871 0.208257 0.596175 0.206445 0.602445 0.276695
0 0.600773 0.283916 0.594501 0.213643 0.614829 0.211829 0.621101 0.282102
0 0.618951 0.292263 0.612955 0.225078 0.633259 0.223266 0.639256 0.290451
0 0.638495 0.294491 0.629570 0.227607 0.649799 0.224907 0.658724 0.291792
0 0.660075 0.300132 0.651513 0.235965 0.667835 0.233787 0.676397 0.297954
0 0.677742 0.302777 0.669181 0.238610 0.685527 0.236429 0.694089 0.300596
0 0.691589 0.305950 0.683028 0.241783 0.699374 0.239602 0.707935 0.303769
0 0.706878 0.310277 0.698316 0.246110 0.714662 0.243929 0.723224 0.308096
0 0.724761 0.314893 0.716200 0.250726 0.732547 0.248545 0.741108 0.312712
0 0.739777 0.317768 0.731714 0.257342 0.748037 0.255164 0.756099 0.315590
0 0.752742 0.322393 0.744181 0.258226 0.760527 0.256045 0.769089 0.320212
0 0.764862 0.322292 0.757229 0.265083 0.770883 0.263261 0.778516 0.320470
0 0.776698 0.329027 0.768801 0.269840 0.781572 0.268136 0.789469 0.327323
0 0.788492 0.327918 0.780986 0.271661 0.792422 0.270135 0.799929 0.326392
0 0.797629 0.329798 0.789773 0.270920 0.800377 0.269505 0.808233 0.328383
0 0.807040 0.334652 0.799788 0.280302 0.810797 0.278833 0.818048 0.333183
0 0.818989 0.335370 0.811925 0.282426 0.822791 0.280976 0.829855 0.333920
0 0.839252 0.344962 0.832190 0.292041 0.843056 0.290591 0.850118 0.343512
0 0.857137 0.354481 0.850076 0.301560 0.860941 0.300110 0.868002 0.353031
0 0.491948 0.069639 0.458558 0.069639 0.458558 0.009327 0.491948 0.009327
0 0.516874 0.091058 0.490961 0.091058 0.490961 0.034736 0.516874 0.034736
