0 0.732614 0.965601 0.252408 0.965601 0.252408 0.071893 0.732614 0.071893
0 0.954987 0.270000 0.922995 0.270000 0.922995 0.003831 0.954987 0.003831
0 0.928463 0.257174 0.899459 0.257174 0.899459 0.005068 0.928463 0.005068
0 0.984162 0.290018 0.951702 0.290018 0.951702 0.004224 0.984162 0.004224
0 0.858410 0.217462 0.833176 0.217462 0.833176 0.002886 0.858410 0.002886
0 0.819351 0.201576 0.797773 0.201576 0.797773 0.000092 0.819351 0.000092
0 0.904576 0.243637 0.877060 0.243637 0.877060 0.003246 0.904576 0.003246
0 0.999219 0.306676 0.980998 0.306676 0.980998 0.006776 0.999219 0.006776
0 0.880580 0.232353 0.855082 0.232353 0.855082 0.002729 0.880580 0.002729
0 0.837098 0.210269 0.815490 0.210269 0.815490 0.000533 0.837098 0.000533
0 0.802007 0.188421 0.781371 0.188421 0.781371 0.000454 0.802007 0.000454
0 0.785043 0.187967 0.764406 0.187967 0.764406 0.000000 0.785043 0.000000
0 0.771650 0.163193 0.751014 0.163193 0.751014 0.000000 0.771650 0.000000
0 0.758257 0.163193 0.737621 0.163193 0.737621 0.000000 0.758257 0.000000
0 0.746650 0.163193 0.726014 0.163193 0.726014 0.000000 0.746650 0.000000
0 0.730193 0.149071 0.717539 0.148887 0.719710 -0.000184 0.732364 0.000000
0 0.717693 0.149071 0.705039 0.148887 0.707210 -0.000184 0.719864 0.000000
0 0.709657 0.149071 0.697003 0.148887 0.699174 -0.000184 0.711828 0.000000
0 0.699836 0.149071 0.687182 0.148887 0.689353 -0.000184 0.702007 0.000000
0 0.692693 0.149071 0.680039 0.148887 0.682210 -0.000184 0.694864 0.000000
0 0.688864 0.147315 0.611607 0.147315 0.611607 0.000000 0.688864 0.000000
