0 0.241723 0.573493 -0.015150 0.543892 0.000000 0.412420 0.256873 0.442020
0 0.098274 0.700175 -0.045184 0.661799 0.000089 0.492559 0.143547 0.530935
0 0.385421 0.912072 0.326179 0.912072 0.326179 0.361160 0.385421 0.361160
0 0.559891 0.646921 0.527209 0.646921 0.527209 0.281353 0.559891 0.281353
0 0.325650 0.990810 0.255724 0.990810 0.255724 0.393244 0.325650 0.393244
0 0.441013 0.830299 0.387977 0.830299 0.387977 0.340909 0.441013 0.340909
0 0.590775 0.592651 0.560681 0.592651 0.560681 0.260602 0.590775 0.260602
0 0.483183 0.765834 0.440883 0.765834 0.440883 0.318124 0.483183 0.318124
0 0.523739 0.695223 0.489313 0.695223 0.489313 0.300478 0.523739 0.300478
0 0.594338 0.564343 0.588915 0.258220 0.613851 0.257778 0.619274 0.563902
0 0.641061 0.533447 0.618997 0.533203 0.622217 0.242718 0.644281 0.242963
0 0.662766 0.500894 0.641286 0.500605 0.644837 0.237118 0.666317 0.237407
0 0.675026 0.471440 0.656247 0.470741 0.665376 0.225597 0.684155 0.226296
0 0.691832 0.456806 0.674921 0.456148 0.684033 0.221935 0.700944 0.222593
0 0.704151 0.441813 0.690871 0.441329 0.699207 0.212849 0.712487 0.213333
0 0.716938 0.425563 0.702623 0.425028 0.710764 0.207243 0.725079 0.207778
