0 0.803148 0.998611 0.258330 0.998611 0.258330 0.073622 0.803148 0.073622
0 0.991075 0.277288 0.957649 0.277288 0.957649 0.003962 0.991075 0.003962
0 0.934067 0.249476 0.905797 0.249476 0.905797 0.006125 0.934067 0.006125
0 0.961868 0.260847 0.929832 0.260847 0.929832 0.005001 0.961868 0.005001
0 0.909963 0.234917 0.882407 0.234917 0.882407 0.005632 0.909963 0.005632
0 0.999219 0.298942 0.982970 0.298942 0.982970 0.009406 0.999219 0.009406
0 0.885802 0.223893 0.860263 0.223893 0.860263 0.002644 0.885802 0.002644
0 0.843676 0.206272 0.821826 0.206272 0.821826 0.001971 0.843676 0.001971
0 0.864944 0.212579 0.840892 0.212579 0.840892 0.003308 0.864944 0.003308
0 0.826596 0.194467 0.805662 0.194467 0.805662 0.001065 0.826596 0.001065
0 0.793560 0.171132 0.772627 0.171132 0.772627 0.000000 0.793560 0.000000
0 0.808739 0.193401 0.787805 0.193401 0.787805 0.000000 0.808739 0.000000
0 0.778381 0.171132 0.757448 0.171132 0.757448 0.000000 0.778381 0.000000
0 0.762500 0.152079 0.744949 0.152079 0.744949 0.000000 0.762500 0.000000
0 0.751786 0.152079 0.734234 0.152079 0.734234 0.000000 0.751786 0.000000
0 0.741072 0.152079 0.723520 0.152079 0.723520 0.000000 0.741072 0.000000
0 0.714286 0.131437 0.713370 0.004417 0.726774 0.004320 0.727690 0.131341
0 0.705357 0.127022 0.704441 0.000000 0.717845 -0.000096 0.718761 0.126926
0 0.631155 0.123501 0.628572 -0.000000 0.705792 -0.001615 0.708375 0.121885
