0 0.150657 0.671718 0.084775 0.671718 0.084775 0.353681 0.150657 0.353681
0 0.093978 0.679128 0.028374 0.679128 0.028374 0.348987 0.093978 0.348987
0 0.304232 0.652453 0.246263 0.652453 0.246263 0.362535 0.304232 0.362535
0 0.255816 0.661344 0.195750 0.661344 0.195750 0.363117 0.255816 0.363117
0 0.207497 0.670236 0.144853 0.670236 0.144853 0.357818 0.207497 0.357818
0 0.328071 0.658325 0.277611 0.655631 0.292970 0.367924 0.343430 0.370618
0 0.781532 0.756188 0.744645 0.754668 0.758203 0.425587 0.795089 0.427107
0 0.999475 0.851089 0.974262 0.851089 0.974262 0.446267 0.999475 0.446267
0 0.382887 0.645092 0.335137 0.645092 0.335137 0.366700 0.382887 0.366700
0 0.841973 0.784344 0.794321 0.783064 0.803373 0.446195 0.851025 0.447476
0 0.888982 0.818429 0.842598 0.815622 0.864426 0.454938 0.910810 0.457745
0 0.953620 0.842140 0.900371 0.840144 0.914370 0.466654 0.967619 0.468650
0 0.042255 0.695102 0.000207 0.695102 0.000207 0.352092 0.042255 0.352092
