0 0.260651 0.787308 0.173048 0.787308 0.173048 0.324477 0.260651 0.324477
0 0.514790 0.729513 0.434220 0.729513 0.434220 0.308262 0.514790 0.308262
0 0.189598 0.794717 0.096770 0.794717 0.096770 0.328190 0.189598 0.328190
0 0.812271 0.746931 0.729413 0.746931 0.729413 0.307163 0.812271 0.307163
0 0.441587 0.744332 0.362336 0.744332 0.362336 0.312001 0.441587 0.312001
0 0.976749 0.785461 0.880900 0.785461 0.880900 0.310912 0.976749 0.310912
0 0.734808 0.741493 0.658772 0.741493 0.658772 0.303509 0.734808 0.303509
0 0.666285 0.736557 0.590409 0.736557 0.590409 0.302877 0.666285 0.302877
0 0.595371 0.736923 0.521403 0.736923 0.521403 0.304754 0.595371 0.304754
0 0.354005 0.766561 0.273037 0.766561 0.273037 0.321343 0.354005 0.321343
0 0.891566 0.763231 0.801581 0.763231 0.801581 0.307096 0.891566 0.307096
0 0.114155 0.813982 0.021419 0.813982 0.021419 0.332889 0.114155 0.332889
0 0.999475 0.797145 0.956075 0.797145 0.956075 0.321701 0.999475 0.321701
