0 0.591412 0.965959 0.005102 0.379649 0.309490 0.075262 0.895799 0.661571
0 0.707423 0.054454 0.473685 -0.179285 0.501306 -0.206906 0.735044 0.026833
0 0.660650 0.054085 0.450482 -0.156083 0.476999 -0.182599 0.687167 0.027569
0 0.630512 0.062617 0.431147 -0.136747 0.456006 -0.161606 0.655371 0.037758
0 0.601909 0.071580 0.412364 -0.117965 0.435568 -0.141168 0.625112 0.048377
0 0.576190 0.075692 0.397449 -0.103050 0.417889 -0.123489 0.596630 0.055252
0 0.554401 0.083732 0.384499 -0.086170 0.404386 -0.106058 0.574288 0.063845
0 0.527577 0.088950 0.366513 -0.072114 0.386953 -0.092553 0.548016 0.068510
0 0.508242 0.090606 0.357982 -0.059654 0.375108 -0.076779 0.525368 0.073481
0 0.488537 0.098525 0.342206 -0.047806 0.359332 -0.064932 0.505664 0.081399
0 0.471167 0.102146 0.331710 -0.037311 0.347178 -0.052778 0.486635 0.086679
0 0.451157 0.106442 0.319557 -0.025158 0.335577 -0.041178 0.467177 0.090422
0 0.437407 0.110372 0.310717 -0.016319 0.324528 -0.030129 0.451218 0.096561
0 0.423659 0.114300 0.301880 -0.007480 0.315690 -0.021290 0.437469 0.100490
0 0.405981 0.114300 0.293041 0.001359 0.306299 -0.011899 0.419240 0.101041
0 0.393767 0.118658 0.285737 0.010628 0.298995 -0.002630 0.407025 0.105400
0 0.384068 0.124427 0.277021 0.017379 0.288621 0.005778 0.395669 0.112826
0 0.290033 0.185072 0.199680 0.094720 0.243323 0.051077 0.333675 0.141430
