0 0.758638 0.915850 0.245223 0.915850 0.245223 0.008464 0.758638 0.008464
0 0.969524 0.994739 0.936612 0.994739 0.936612 0.724567 0.969524 0.724567
0 0.942372 0.993946 0.911932 0.993946 0.911932 0.739142 0.942372 0.739142
0 0.998868 0.992443 0.964666 0.992443 0.964666 0.703640 0.998868 0.703640
0 0.869519 0.994653 0.844023 0.994653 0.844023 0.776200 0.869519 0.776200
0 0.892773 0.995057 0.866491 0.995057 0.866491 0.766176 0.892773 0.766176
0 0.915945 0.994917 0.889269 0.994917 0.889269 0.756010 0.915945 0.756010
0 0.848617 0.997214 0.826757 0.997214 0.826757 0.785631 0.848617 0.785631
0 0.829939 0.997350 0.807159 0.997350 0.807159 0.796326 0.829939 0.796326
0 0.778268 0.997068 0.757540 0.997068 0.757540 0.826597 0.778268 0.826597
0 0.811189 0.998438 0.788409 0.998438 0.788409 0.797414 0.811189 0.797414
0 0.797796 0.998438 0.775016 0.998438 0.775016 0.813015 0.797796 0.813015
0 0.766661 0.998437 0.749107 0.998437 0.749107 0.838419 0.766661 0.838419
0 0.753268 0.998437 0.735714 0.998437 0.735714 0.838419 0.753268 0.838419
0 0.742554 0.998437 0.725000 0.998437 0.725000 0.838419 0.742554 0.838419
0 0.718825 0.998887 0.713771 0.862686 0.725893 0.862236 0.730947 0.998438
0 0.717040 0.998887 0.711986 0.862686 0.724107 0.862236 0.729161 0.998438
0 0.708111 0.998887 0.703058 0.862686 0.715179 0.862236 0.720232 0.998438
0 0.698290 0.998887 0.693236 0.862686 0.705357 0.862236 0.710411 0.998438
0 0.620215 0.999388 0.618273 0.858829 0.687054 0.857879 0.688995 0.998438
