1 0.523491 0.813830 0.198188 0.488527 0.263460 0.423256 0.588763 0.748559
1 0.458220 0.834092 0.186935 0.562808 0.230263 0.519480 0.501548 0.790764
1 0.413432 0.851038 0.165638 0.603245 0.201197 0.567686 0.448991 0.815479
1 0.384127 0.860014 0.164074 0.639961 0.189860 0.614175 0.409913 0.834228
1 0.351678 0.865878 0.150391 0.664590 0.172657 0.642323 0.373945 0.843611
1 0.329020 0.869804 0.147654 0.688438 0.163292 0.672800 0.344658 0.854166
1 0.298934 0.889726 0.136333 0.727125 0.162510 0.700948 0.325111 0.863548
1 0.280951 0.887379 0.129297 0.735725 0.143371 0.721651 0.295025 0.873305
1 0.061731 0.391470 -0.018652 0.311087 0.048557 0.243878 0.128940 0.324261
1 0.076434 0.465869 -0.048500 0.340936 -0.006770 0.299206 0.118163 0.424140
1 0.090032 0.526382 -0.071957 0.364393 -0.040069 0.332505 0.121920 0.494494
1 0.081601 0.571391 -0.098677 0.391113 -0.063985 0.356421 0.116293 0.536699
1 0.085357 0.615466 -0.118837 0.411272 -0.092117 0.384552 0.112077 0.588746
1 0.085340 0.646419 -0.109777 0.451302 -0.084926 0.426452 0.110191 0.621569
1 0.084864 0.671271 -0.091504 0.494902 -0.071804 0.475201 0.104565 0.651570
1 0.089079 0.696120 -0.076019 0.531022 -0.059124 0.514126 0.105975 0.679225
1 0.090984 0.716756 -0.061010 0.564762 -0.050234 0.553985 0.101760 0.705980
1 0.096066 0.739720 -0.048058 0.595596 -0.033950 0.581488 0.110174 0.725612
1 0.097425 0.755732 -0.043163 0.615143 -0.030958 0.602939 0.109630 0.743527
1 0.092276 0.771761 -0.029055 0.650431 -0.016035 0.637411 0.105296 0.758741
1 0.097953 0.799705 -0.028799 0.672953 -0.017122 0.661276 0.109630 0.788028
