0 0.754823 0.986315 0.245055 0.986315 0.245055 0.081423 0.754823 0.081423
0 0.967714 0.273263 0.935240 0.273263 0.935240 0.003559 0.967714 0.003559
0 0.998798 0.291295 0.963066 0.291295 0.963066 0.007445 0.998798 0.007445
0 0.940457 0.256513 0.910285 0.256513 0.910285 0.004961 0.940457 0.004961
0 0.868549 0.223080 0.843633 0.223080 0.843633 0.003826 0.868549 0.003826
0 0.891619 0.231602 0.865805 0.231602 0.865805 0.003256 0.891619 0.003256
0 0.913794 0.248184 0.885278 0.248184 0.885278 0.004336 0.913794 0.004336
0 0.829537 0.201496 0.806967 0.201496 0.806967 0.001283 0.829537 0.001283
0 0.848181 0.211997 0.824405 0.211997 0.824405 0.001936 0.848181 0.001936
0 0.777241 0.171710 0.756943 0.171710 0.756943 0.001504 0.777241 0.001504
