0 0.201562 0.997222 0.085938 0.997222 0.085938 0.777778 0.201562 0.777778
0 0.240621 0.997579 0.210000 0.997222 0.212712 0.764723 0.243333 0.765081
0 0.270621 0.997584 0.240000 0.997222 0.242712 0.767497 0.273333 0.767858
0 0.296454 0.996095 0.265833 0.995742 0.268611 0.754622 0.299232 0.754975
0 0.330625 0.977958 0.300000 0.977958 0.300000 0.748778 0.330625 0.748778
0 0.349118 0.966401 0.323333 0.966103 0.325882 0.745516 0.351667 0.745814
0 0.343333 0.955728 0.339942 0.743263 0.365833 0.742850 0.369223 0.955315
0 0.364167 0.941428 0.360815 0.731354 0.383333 0.730995 0.386685 0.941069
0 0.380000 0.932536 0.376649 0.722462 0.399167 0.722103 0.402518 0.932177
0 0.400833 0.925128 0.392156 0.719929 0.410833 0.719139 0.419510 0.924338
0 0.412500 0.914753 0.403825 0.709556 0.422500 0.708767 0.431175 0.913963
0 0.426667 0.905861 0.417079 0.712122 0.435806 0.711196 0.445394 0.904934
0 0.457500 0.895489 0.439167 0.895489 0.439167 0.716175 0.457500 0.716175
0 0.452500 0.883633 0.445551 0.705977 0.461649 0.705347 0.468598 0.883004
