0 0.102413 0.646526 -0.051495 0.571917 0.023216 0.417797 0.177125 0.492406
0 0.407069 0.894700 0.346513 0.894700 0.346513 0.320691 0.407069 0.320691
0 0.240560 0.541676 -0.017782 0.507675 0.000210 0.370971 0.258552 0.404972
0 0.462919 0.811214 0.408221 0.811214 0.408221 0.299913 0.462919 0.299913
0 0.506424 0.742072 0.462776 0.742072 0.462776 0.283948 0.506424 0.283948
0 0.000000 0.707284 -0.000124 0.574263 0.042789 0.574223 0.042913 0.707244
0 0.543032 0.694129 0.504756 0.694129 0.504756 0.267341 0.543032 0.267341
0 0.574512 0.641919 0.542654 0.641919 0.542654 0.243827 0.574512 0.243827
0 0.606109 0.602240 0.574227 0.602240 0.574227 0.233790 0.606109 0.233790
0 0.307450 0.467296 0.100389 0.396303 0.139004 0.283677 0.346065 0.354670
0 0.753856 0.400949 0.741852 0.400518 0.750850 0.149939 0.762854 0.150370
0 0.765545 0.373000 0.750428 0.372050 0.764527 0.147569 0.779643 0.148519
