0 0.265478 0.658381 0.209339 0.658381 0.209339 0.355556 0.265478 0.355556
0 0.311647 0.646526 0.257607 0.646526 0.257607 0.354630 0.311647 0.354630
0 0.118573 0.674682 0.057713 0.674682 0.057713 0.359259 0.118573 0.359259
0 0.999475 0.799074 0.947534 0.799074 0.947534 0.414815 0.999475 0.414815
0 0.354670 0.645042 0.300630 0.645042 0.300630 0.356481 0.354670 0.356481
0 0.218783 0.659863 0.162644 0.659863 0.162644 0.354629 0.218783 0.354629
0 0.064008 0.683573 0.005246 0.683573 0.005246 0.359259 0.064008 0.359259
0 0.169465 0.668755 0.112277 0.668755 0.112277 0.356482 0.169465 0.356482
0 0.398741 0.637654 0.347849 0.637654 0.347849 0.354629 0.398741 0.354629
0 0.438615 0.634690 0.387723 0.634690 0.387723 0.354630 0.438615 0.354630
0 0.988982 0.782882 0.880378 0.782882 0.880378 0.409259 0.988982 0.409259
0 0.479538 0.628762 0.429696 0.628762 0.429696 0.354630 0.479538 0.354630
0 0.669465 0.612461 0.615950 0.612461 0.615950 0.359259 0.669465 0.359259
0 0.706715 0.611111 0.657923 0.611111 0.657923 0.362963 0.706715 0.362963
0 0.516264 0.625798 0.470094 0.625798 0.470094 0.354630 0.516264 0.354630
0 0.735572 0.630555 0.689402 0.630555 0.689402 0.358333 0.735572 0.358333
