0 0.866969 0.747296 0.782581 0.747296 0.782581 0.313458 0.866969 0.313458
0 0.407164 0.719140 0.331328 0.719140 0.331328 0.306899 0.407164 0.306899
0 0.163244 0.788790 0.081065 0.788790 0.081065 0.342487 0.163244 0.342487
0 0.792887 0.728031 0.714948 0.728031 0.714948 0.308150 0.792887 0.308150
0 0.322963 0.732477 0.249601 0.732477 0.249601 0.323491 0.322963 0.323491
0 0.947897 0.762116 0.855277 0.762116 0.855277 0.318728 0.947897 0.318728
0 0.988877 0.788790 0.914534 0.787121 0.925132 0.315091 0.999475 0.316760
0 0.596548 0.711730 0.521723 0.711730 0.521723 0.305665 0.596548 0.305665
0 0.062950 0.819981 0.000067 0.819981 0.000067 0.347230 0.062950 0.347230
0 0.724495 0.715451 0.650596 0.715451 0.650596 0.305883 0.724495 0.305883
0 0.661215 0.716176 0.584871 0.716176 0.584871 0.302018 0.661215 0.302018
0 0.469712 0.723585 0.398915 0.723585 0.398915 0.306082 0.469712 0.306082
0 0.531506 0.714694 0.459361 0.714694 0.459361 0.306220 0.531506 0.306220
0 0.254225 0.751742 0.175461 0.751742 0.175461 0.325358 0.254225 0.325358
0 0.572171 0.401122 0.532545 0.401122 0.532545 0.218420 0.572171 0.218420
