0 0.990405 1.024001 0.670724 0.929573 0.792523 0.517227 1.112205 0.611656
0 0.647555 0.870501 0.461700 0.716176 0.702917 0.425675 0.888772 0.580000
0 0.418048 0.733959 0.310089 0.588969 0.610613 0.365199 0.718573 0.510189
0 0.256034 0.602068 0.201720 0.476295 0.513997 0.341441 0.568311 0.467213
0 0.150262 0.495369 0.128000 0.410363 0.433561 0.330339 0.455824 0.415345
0 0.120932 1.000581 0.100188 0.377281 0.145468 0.375774 0.166212 0.999074
0 0.791605 0.467213 0.759780 0.463493 0.787408 0.227141 0.819233 0.230861
0 0.760546 0.464249 0.730967 0.461763 0.750575 0.228491 0.780154 0.230977
0 0.726128 0.458321 0.696550 0.455835 0.716158 0.222563 0.745736 0.225049
0 0.692550 0.456839 0.662972 0.454353 0.682580 0.221081 0.712158 0.223568
0 0.656453 0.452394 0.626875 0.449907 0.646483 0.216635 0.676061 0.219121
0 0.622875 0.450912 0.593297 0.448426 0.612905 0.215154 0.642483 0.217640
0 0.589297 0.453875 0.559719 0.451389 0.579327 0.218118 0.608905 0.220604
0 0.558237 0.458321 0.528009 0.455996 0.546768 0.212150 0.576996 0.214476
0 0.534732 0.447948 0.501002 0.446325 0.512135 0.215007 0.545866 0.216630
0 0.499475 0.397562 0.471531 0.396018 0.481847 0.209358 0.509791 0.210903
0 0.465058 0.479068 0.437113 0.477522 0.451626 0.215286 0.479571 0.216833
0 0.386149 0.372369 0.360789 0.370358 0.372542 0.222167 0.397901 0.224178
0 0.358447 0.354587 0.333050 0.353064 0.340609 0.227038 0.366006 0.228561
0 0.336621 0.354587 0.311224 0.353064 0.318783 0.227038 0.344180 0.228561
