0 0.603550 0.698026 0.323680 0.698026 0.323680 0.642798 0.603550 0.642798
0 0.643562 0.900083 0.317880 0.900083 0.317880 0.838432 0.643562 0.838432
0 0.643589 0.997967 0.309060 0.997967 0.309060 0.944591 0.643589 0.944591
0 0.642080 0.961039 0.314666 0.961039 0.314666 0.891300 0.642080 0.891300
0 0.616887 0.737534 0.325386 0.737534 0.325386 0.685285 0.616887 0.685285
0 0.634670 0.842913 0.321543 0.842913 0.321543 0.780630 0.634670 0.780630
0 0.625779 0.789738 0.323324 0.789738 0.323324 0.728977 0.625779 0.728977
0 0.814087 0.044602 0.404843 0.044602 0.404843 -0.001038 0.814087 -0.001038
0 0.600586 0.650664 0.318760 0.650664 0.318760 0.602477 0.600586 0.602477
0 0.784854 0.116349 0.417207 0.096517 0.419662 0.051008 0.787308 0.070840
0 0.775962 0.175110 0.408316 0.155278 0.410770 0.109770 0.778417 0.129602
0 0.749287 0.224638 0.381641 0.204806 0.384096 0.159298 0.751742 0.179130
0 0.700778 0.266663 0.373554 0.266663 0.373554 0.194460 0.700778 0.194460
