0 0.723551 0.947821 0.253081 0.947821 0.253081 0.075692 0.723551 0.075692
0 0.979836 0.284186 0.945816 0.284186 0.945816 0.001749 0.979836 0.001749
0 0.999219 0.306664 0.974628 0.306664 0.974628 0.007768 0.999219 0.007768
0 0.921925 0.255369 0.893018 0.255369 0.893018 0.005976 0.921925 0.005976
0 0.898197 0.239993 0.870127 0.239993 0.870127 0.005975 0.898197 0.005975
0 0.950286 0.270825 0.917178 0.270825 0.917178 0.004669 0.950286 0.004669
0 0.874215 0.229238 0.847827 0.229238 0.847827 0.004963 0.874215 0.004963
0 0.853964 0.220729 0.829514 0.220729 0.829514 0.003376 0.853964 0.003376
0 0.833610 0.210124 0.810634 0.210124 0.810634 0.001867 0.833610 0.001867
0 0.816910 0.197703 0.794884 0.197703 0.794885 0.000094 0.816910 0.000094
0 0.780768 0.177842 0.760188 0.177842 0.760188 0.001531 0.780768 0.001531
0 0.798863 0.189688 0.777713 0.189688 0.777713 0.000599 0.798863 0.000599
0 0.768268 0.176311 0.747688 0.176311 0.747688 0.000000 0.768268 0.000000
0 0.751747 0.155576 0.734380 0.155227 0.737507 -0.000349 0.754875 0.000000
0 0.739248 0.155576 0.721880 0.155227 0.725007 -0.000349 0.742375 0.000000
0 0.729426 0.155577 0.712058 0.155227 0.715186 -0.000349 0.732554 0.000000
0 0.714278 0.134775 0.696945 0.133918 0.703614 -0.000858 0.720947 0.000000
0 0.705349 0.134775 0.688017 0.133918 0.694685 -0.000858 0.712018 0.000000
0 0.695528 0.134775 0.678195 0.133918 0.684864 -0.000858 0.702197 0.000000
0 0.687492 0.134775 0.670160 0.133918 0.676829 -0.000858 0.694161 0.000000
0 0.679456 0.134775 0.662124 0.133918 0.668793 -0.000858 0.686125 0.000000
0 0.723551 0.947821 0.253081 0.947821 0.253081 0.075692 0.723551 0.075692
0 0.677009 0.132625 0.610937 0.132625 0.610937 0.000000 0.677009 0.000000
