1 0.450627 0.602816 0.436385 0.421861 0.558411 0.412256 0.572654 0.593212
1 0.998438 0.280962 0.942284 0.280962 0.942284 0.254231 0.998438 0.254231
1 0.888724 0.390255 0.790358 0.283654 0.830339 0.246762 0.928704 0.353363
1 0.793019 0.401803 0.726583 0.317378 0.785995 0.270625 0.852432 0.355050
1 0.641205 0.398539 0.603582 0.297913 0.674396 0.271437 0.712019 0.372063
1 0.620793 0.403029 0.550769 0.403029 0.550769 0.300385 0.620793 0.300385
1 0.556322 0.410192 0.476755 0.410192 0.476755 0.306731 0.556322 0.306731
1 0.459534 0.423565 0.388163 0.411237 0.405635 0.310089 0.477005 0.322417
1 0.360776 0.437822 0.294062 0.403976 0.342829 0.307851 0.409543 0.341697
1 0.288541 0.446183 0.221849 0.412346 0.270618 0.316221 0.337310 0.350058
1 0.073019 0.469899 0.024760 0.426139 0.119625 0.321519 0.167885 0.365279
1 0.154305 0.463815 0.092999 0.414347 0.186151 0.298901 0.247458 0.348369
1 0.033029 0.447839 -0.003725 0.410745 0.076810 0.330947 0.113564 0.368040
1 0.916512 0.592873 0.802805 0.423019 0.894233 0.361814 1.007939 0.531667
1 0.792510 0.601625 0.691560 0.423923 0.787226 0.369577 0.888175 0.547279
1 0.273055 0.676526 0.150442 0.631414 0.232449 0.408522 0.355063 0.453634
1 0.663849 0.617700 0.606486 0.421538 0.712064 0.390664 0.769428 0.586826
