0 0.840077 0.419077 0.556661 0.135661 0.615944 0.076377 0.899361 0.359793
0 0.388861 0.874485 0.113339 0.598962 0.163823 0.548478 0.439346 0.824000
0 0.695602 0.530021 0.425719 0.260138 0.477127 0.208730 0.747010 0.478613
0 0.788804 0.457776 0.509295 0.178267 0.562459 0.125102 0.841969 0.404612
0 0.349590 0.927886 0.070294 0.648590 0.122128 0.596756 0.401424 0.876052
0 0.648686 0.564362 0.385515 0.301190 0.437559 0.249146 0.700731 0.512317
0 0.895866 0.380054 0.607247 0.091435 0.667699 0.030982 0.956319 0.319601
0 0.423257 0.821227 0.153278 0.551249 0.206298 0.498229 0.476277 0.768207
0 0.936690 0.353683 0.652908 0.043041 0.703915 -0.003555 0.987696 0.307086
0 0.490729 0.724415 0.224997 0.458683 0.276292 0.407388 0.542024 0.673120
0 0.741741 0.494360 0.467135 0.219754 0.518826 0.168062 0.793432 0.442669
0 0.459437 0.772472 0.190072 0.503106 0.241488 0.451690 0.510854 0.721055
0 0.605426 0.601335 0.342412 0.338321 0.393729 0.287004 0.656743 0.550018
0 0.529460 0.683588 0.261492 0.415620 0.313770 0.363342 0.581738 0.631310
0 0.571294 0.645946 0.301661 0.376314 0.352162 0.325813 0.621794 0.595446
0 0.310630 0.986248 0.027594 0.703212 0.079389 0.651417 0.362425 0.934453
0 0.301833 1.007553 0.015293 0.721014 0.034820 0.701488 0.321359 0.988027
