0 1.000000 0.926178 0.890529 0.926178 0.890529 0.258846 1.000000 0.258846
0 0.953894 0.934087 0.678654 0.934087 0.678654 0.332115 0.953894 0.332115
0 0.726178 1.000000 0.510337 1.000000 0.510337 0.361779 0.726178 0.361779
0 0.516274 0.997452 0.304399 0.997452 0.304399 0.411322 0.516274 0.411322
0 0.298462 1.000000 0.106370 1.000000 0.106370 0.464784 0.298462 0.464784
0 0.092957 1.000000 -0.000000 1.000000 0.000000 0.493582 0.092957 0.493582
0 0.919760 0.116971 0.728341 0.116971 0.728341 0.000000 0.919760 0.000000
0 0.726707 0.169760 0.553438 0.169760 0.553438 0.000000 0.726707 0.000000
0 0.375216 0.211034 0.230000 0.211034 0.230000 0.000000 0.375216 0.000000
0 0.201947 0.278678 0.086442 0.278678 0.086442 0.000000 0.201947 0.000000
0 0.069928 0.286923 -0.000000 0.286923 0.000000 0.000000 0.069928 0.000000
