0 0.219382 0.654258 0.143530 0.654258 0.143530 0.298341 0.219382 0.298341
0 0.998074 0.711923 0.923291 0.711923 0.923291 0.325791 0.998074 0.325791
0 0.159532 0.661669 0.085475 0.661669 0.085475 0.301044 0.159532 0.301044
0 0.376535 0.657222 0.310621 0.657222 0.310621 0.300307 0.376535 0.300307
0 0.321723 0.648330 0.255797 0.648330 0.255797 0.299279 0.321723 0.299279
0 0.874085 0.699875 0.798660 0.699875 0.798660 0.315936 0.874085 0.315936
0 0.753758 0.693947 0.687335 0.693947 0.687335 0.311050 0.753758 0.311050
0 0.270054 0.648331 0.205801 0.648331 0.205801 0.298771 0.270054 0.298771
0 0.698390 0.686537 0.628090 0.686537 0.628090 0.310666 0.698390 0.310666
0 0.939023 0.698393 0.856161 0.698393 0.856161 0.322977 0.939023 0.322977
0 0.425182 0.658705 0.361350 0.658705 0.361350 0.302224 0.425182 0.302224
0 0.811704 0.696911 0.739201 0.696911 0.739201 0.314392 0.811704 0.314392
0 0.038853 0.677334 -0.001038 0.677334 -0.001038 0.299789 0.038853 0.299789
0 0.472735 0.660186 0.410549 0.660186 0.410549 0.303541 0.472735 0.303541
0 0.530703 0.666114 0.461559 0.666114 0.461559 0.304046 0.530703 0.304046
0 0.638339 0.677646 0.563978 0.677646 0.563978 0.308421 0.638339 0.308421
0 0.100262 0.667310 0.017529 0.667310 0.017529 0.300572 0.100262 0.300572
