1 0.121370 0.275169 0.107452 0.275169 0.107452 0.176250 0.121370 0.176250
1 0.083903 0.585366 0.066842 0.584889 0.069414 0.492808 0.086475 0.493284
1 0.067028 0.584452 0.049967 0.583975 0.052539 0.491895 0.069600 0.492372
1 0.882870 0.808605 0.857250 0.621577 0.911385 0.614161 0.937005 0.801189
1 0.834000 0.815518 0.800477 0.641431 0.853162 0.631286 0.886686 0.805372
1 0.778989 0.820552 0.761133 0.647770 0.811419 0.642574 0.829275 0.815355
1 0.727112 0.825560 0.712398 0.653929 0.762527 0.649631 0.777241 0.821263
1 0.714591 0.823102 0.663149 0.823102 0.663149 0.663991 0.714591 0.663991
1 0.627319 0.837284 0.617742 0.685059 0.674458 0.681491 0.684034 0.833716
1 0.622477 0.824303 0.575817 0.824303 0.575817 0.677139 0.622477 0.677139
1 0.098631 0.582599 0.081594 0.582123 0.084228 0.487761 0.101266 0.488237
1 0.581202 0.803966 0.546514 0.803966 0.546514 0.664591 0.581202 0.664591
1 0.531563 0.801562 0.499255 0.801562 0.499255 0.656803 0.531563 0.656803
1 0.497477 0.800361 0.465769 0.800361 0.465769 0.657405 0.497477 0.657405
1 0.455602 0.787813 0.428678 0.787813 0.428678 0.653822 0.455602 0.653822
1 0.428678 0.780625 0.399977 0.780625 0.399976 0.652019 0.428678 0.652019
1 0.399375 0.773462 0.375433 0.773462 0.375433 0.649639 0.399375 0.649639
1 0.369869 0.765494 0.344734 0.763780 0.353400 0.636670 0.378534 0.638384
1 0.349134 0.768678 0.322213 0.768678 0.322213 0.641852 0.349134 0.641852
1 0.326394 0.759087 0.298870 0.759087 0.298870 0.638870 0.326394 0.638870
1 0.298870 0.754303 0.275553 0.754303 0.275553 0.635288 0.298870 0.635288
1 0.270316 0.751853 0.245825 0.750655 0.251464 0.635358 0.275955 0.636556
1 0.249231 0.747741 0.225962 0.747741 0.225962 0.631683 0.249231 0.631683
1 0.226634 0.743991 0.206273 0.743991 0.206273 0.631419 0.226634 0.631419
1 0.205866 0.738581 0.185505 0.738581 0.185505 0.631009 0.205866 0.631009
1 0.188005 0.736106 0.166394 0.736106 0.166394 0.628919 0.188005 0.628919
1 0.166394 0.727787 0.147284 0.727787 0.147284 0.628509 0.166394 0.628509
1 0.148534 0.730697 0.130264 0.730697 0.130264 0.627259 0.148534 0.627259
1 0.128287 0.715391 0.109622 0.714216 0.116039 0.612230 0.134705 0.613404
1 0.111870 0.704195 0.093230 0.703023 0.099213 0.607920 0.117853 0.609093
1 0.092567 0.697860 0.075869 0.696809 0.081855 0.601684 0.098553 0.602734
1 0.075405 0.691563 0.058683 0.690510 0.064667 0.595409 0.081389 0.596461
1 0.060453 0.687813 0.043731 0.686760 0.049716 0.591659 0.066437 0.592711
1 0.043409 0.680769 0.026711 0.679718 0.032695 0.584592 0.049394 0.585643
1 0.002328 0.001305 0.002183 0.000897 0.002292 0.000858 0.002438 0.001266
1 0.891995 0.550817 0.831491 0.550817 0.831491 0.367764 0.891995 0.367764
1 0.776817 0.552755 0.770669 0.385054 0.821669 0.383184 0.827817 0.550885
1 0.731702 0.562727 0.725731 0.399903 0.769884 0.398284 0.775855 0.561108
1 0.689775 0.567737 0.683953 0.408973 0.724672 0.407480 0.730494 0.566244
1 0.635437 0.572184 0.629972 0.423124 0.669202 0.421686 0.674667 0.570746
1 0.593366 0.576241 0.588102 0.432683 0.624303 0.431355 0.629567 0.574913
1 0.558953 0.580149 0.553906 0.442499 0.588091 0.441245 0.593137 0.578895
1 0.519464 0.584227 0.514452 0.447538 0.548180 0.446302 0.553192 0.582991
1 0.486545 0.587797 0.481648 0.454256 0.513430 0.453091 0.518327 0.586631
1 0.454530 0.588717 0.449816 0.460197 0.479195 0.459119 0.483909 0.587639
1 0.432439 0.592185 0.427717 0.463425 0.449603 0.462622 0.454325 0.591383
1 0.401152 0.596914 0.396367 0.466448 0.425747 0.465370 0.430531 0.595837
1 0.375003 0.594049 0.370347 0.467042 0.392856 0.466217 0.397512 0.593223
1 0.369437 0.589817 0.342981 0.589078 0.346403 0.466528 0.372859 0.467267
1 0.340591 0.591668 0.314158 0.590930 0.317581 0.468380 0.344014 0.469119
1 0.314180 0.596146 0.287291 0.595395 0.290603 0.476811 0.317492 0.477562
1 0.283267 0.595660 0.260319 0.595019 0.263391 0.485037 0.286339 0.485678
1 0.258431 0.593533 0.238055 0.592964 0.241041 0.486034 0.261417 0.486603
1 0.235556 0.591089 0.218134 0.590602 0.221055 0.486074 0.238477 0.486561
1 0.216656 0.588269 0.194622 0.587653 0.197502 0.484567 0.219536 0.485183
1 0.194109 0.585866 0.172073 0.585250 0.174952 0.482164 0.196988 0.482779
1 0.171584 0.585889 0.149550 0.585274 0.152430 0.482188 0.174464 0.482803
1 0.149037 0.584497 0.131977 0.584020 0.134856 0.480936 0.151917 0.481412
1 0.131802 0.583969 0.114741 0.583492 0.117620 0.480406 0.134681 0.480883
1 0.115672 0.578920 0.098634 0.578444 0.101514 0.475358 0.118552 0.475834
1 0.962716 0.222933 0.905409 0.222933 0.905409 0.040697 0.962716 0.040697
1 0.860897 0.255511 0.835847 0.085883 0.890376 0.077830 0.915427 0.247458
1 0.818445 0.284027 0.791020 0.118372 0.843694 0.109652 0.871119 0.275306
1 0.757956 0.320111 0.740387 0.155709 0.787212 0.150705 0.804781 0.315107
1 0.715209 0.346364 0.686603 0.187380 0.730656 0.179453 0.759263 0.338437
1 0.655895 0.367023 0.640264 0.215761 0.677445 0.211919 0.693076 0.363181
1 0.650769 0.371755 0.612572 0.371755 0.612572 0.218173 0.650769 0.218173
1 0.613366 0.381298 0.571970 0.381298 0.571970 0.233294 0.613366 0.233294
1 0.576755 0.390866 0.541731 0.390866 0.541731 0.242838 0.576755 0.242838
1 0.540937 0.395625 0.504327 0.395625 0.504327 0.255577 0.540937 0.255577
1 0.508317 0.394037 0.476491 0.394037 0.476491 0.258750 0.508317 0.258750
1 0.475697 0.398030 0.444663 0.398030 0.444663 0.261947 0.475697 0.261947
1 0.443750 0.401995 0.412019 0.401995 0.412019 0.265912 0.443750 0.265912
1 0.416009 0.397213 0.388220 0.397213 0.388220 0.269905 0.416009 0.269905
1 0.389014 0.403822 0.362139 0.403822 0.362139 0.276419 0.389014 0.276419
1 0.365216 0.406852 0.333366 0.406852 0.333366 0.283702 0.365216 0.283702
1 0.335288 0.411875 0.308412 0.411875 0.308412 0.288702 0.335288 0.288702
1 0.312259 0.414544 0.283102 0.414544 0.283102 0.292884 0.312259 0.292884
1 0.289616 0.421491 0.261611 0.421491 0.261611 0.300169 0.289616 0.300169
1 0.264280 0.421827 0.235505 0.421827 0.235505 0.305192 0.264280 0.305192
1 0.237044 0.426852 0.214014 0.426852 0.214014 0.312500 0.237044 0.312500
1 0.215553 0.427620 0.197116 0.427620 0.197116 0.319736 0.215553 0.319736
1 0.197116 0.429544 0.169111 0.429544 0.169111 0.320553 0.197116 0.320553
1 0.167956 0.429544 0.147620 0.429544 0.147620 0.321322 0.167956 0.321322
1 0.150697 0.429111 0.132644 0.429111 0.132644 0.318966 0.150697 0.318966
1 0.133030 0.424134 0.113845 0.424134 0.113845 0.322861 0.133030 0.322861
1 0.113077 0.417259 0.096587 0.417259 0.096587 0.324736 0.113077 0.324736
1 0.093894 0.414544 0.076611 0.414544 0.076611 0.323630 0.093894 0.323630
1 0.078148 0.412644 0.059736 0.412644 0.059736 0.318630 0.078148 0.318630
1 0.059352 0.411491 0.044375 0.411491 0.044375 0.313702 0.059352 0.313702
1 0.864447 0.053463 0.806081 0.053463 0.806081 0.001058 0.864447 0.001058
1 0.811394 0.076009 0.762308 0.076009 0.762308 0.000000 0.811394 0.000000
1 0.768942 0.087933 0.719206 0.087933 0.719206 0.000000 0.768942 0.000000
1 0.723173 0.110481 0.675433 0.110481 0.675433 0.000000 0.723173 0.000000
1 0.670794 0.129063 0.628341 0.129063 0.628341 0.000000 0.670794 0.000000
1 0.638966 0.146298 0.596514 0.146298 0.596514 0.000000 0.638966 0.000000
1 0.582595 0.166202 0.546780 0.166202 0.546780 0.017644 0.582595 0.017644
1 0.556058 0.180769 0.518269 0.180769 0.518269 0.035553 0.556058 0.035553
1 0.518919 0.189398 0.491081 0.189398 0.491081 0.046827 0.518919 0.046827
1 0.493727 0.213269 0.459255 0.213269 0.459255 0.068702 0.493727 0.068702
1 0.461898 0.212620 0.430720 0.212620 0.430720 0.078655 0.461898 0.078655
1 0.432716 0.223220 0.400216 0.223220 0.400216 0.089255 0.432716 0.089255
1 0.401514 0.230409 0.370023 0.230409 0.370023 0.100553 0.401514 0.100553
1 0.368366 0.233727 0.343486 0.233727 0.343486 0.105530 0.368366 0.105530
1 0.344037 0.231514 0.318077 0.231514 0.318077 0.108294 0.344037 0.108294
1 0.316419 0.233727 0.291537 0.233727 0.291537 0.108845 0.316419 0.108845
1 0.288773 0.234280 0.268317 0.234280 0.268317 0.118773 0.288773 0.118773
1 0.267837 0.250312 0.245673 0.250312 0.245673 0.129831 0.267837 0.129831
1 0.245169 0.253630 0.223005 0.253630 0.223005 0.138678 0.245169 0.138678
1 0.220241 0.262477 0.197091 0.262477 0.197091 0.146419 0.220241 0.146419
1 0.200361 0.262477 0.182716 0.262477 0.182716 0.151947 0.200361 0.151947
1 0.177009 0.263575 0.161378 0.262427 0.169433 0.152747 0.185064 0.153895
1 0.162764 0.266898 0.141827 0.266898 0.141827 0.160794 0.162764 0.160794
1 0.141827 0.269111 0.124639 0.269111 0.124639 0.167428 0.141827 0.167428
1 0.106947 0.274087 0.088727 0.274087 0.088727 0.174591 0.106947 0.174591
1 0.084856 0.278486 0.067764 0.278486 0.067764 0.187308 0.084856 0.187308
1 0.068269 0.283462 0.053894 0.283462 0.053894 0.187308 0.068269 0.187308
1 0.051202 0.288991 0.038991 0.288991 0.038991 0.190072 0.051202 0.190072
1 0.036780 0.284567 0.019687 0.284567 0.019687 0.193942 0.036780 0.193942
1 0.023509 0.286227 0.009206 0.286227 0.009206 0.200023 0.023509 0.200023
1 0.009688 0.295072 0.000000 0.295072 0.000000 0.205553 0.009688 0.205553
1 0.491731 0.015912 0.441995 0.015912 0.441995 0.000000 0.491731 0.000000
1 0.442452 0.022837 0.411611 0.022837 0.411611 0.000000 0.442452 0.000000
1 0.412981 0.035720 0.385817 0.035720 0.385817 0.000000 0.412981 0.000000
1 0.384905 0.042163 0.358197 0.042163 0.358197 0.000000 0.384905 0.000000
1 0.358655 0.048606 0.335169 0.048606 0.335169 0.000000 0.358655 0.000000
1 0.330553 0.057356 0.306155 0.057356 0.306155 0.000000 0.330553 0.000000
1 0.301995 0.068412 0.278053 0.068412 0.278053 0.000000 0.301995 0.000000
1 0.278053 0.074398 0.259183 0.074398 0.259183 0.000000 0.278053 0.000000
1 0.257331 0.081322 0.237523 0.081322 0.237523 0.000000 0.257331 0.000000
1 0.232933 0.090072 0.213581 0.090072 0.213581 0.000000 0.232933 0.000000
1 0.216345 0.093294 0.194688 0.093294 0.194688 0.000000 0.216345 0.000000
1 0.196995 0.099736 0.179495 0.099736 0.179495 0.000000 0.196995 0.000000
1 0.181803 0.107116 0.158773 0.107116 0.158773 0.000264 0.181803 0.000264
1 0.156009 0.115384 0.139423 0.115384 0.139423 0.010384 0.156009 0.010384
1 0.142188 0.122308 0.126538 0.122308 0.126538 0.020986 0.142188 0.020986
1 0.128845 0.135192 0.104905 0.135192 0.104905 0.027428 0.128845 0.027428
1 0.109037 0.139352 0.089688 0.139352 0.089688 0.038942 0.109037 0.038942
1 0.086923 0.147162 0.070361 0.147162 0.070361 0.049544 0.086923 0.049544
1 0.071731 0.153630 0.057452 0.153630 0.057452 0.057356 0.071731 0.057356
1 0.061155 0.162380 0.043173 0.162380 0.043173 0.066106 0.061155 0.066106
1 0.939548 0.554910 0.902749 0.355087 0.965625 0.343508 1.002424 0.543331
