0 0.194914 0.631914 -0.039293 0.563777 -0.000000 0.428714 0.234208 0.496851
0 0.106611 0.748968 -0.000000 0.748968 0.000000 0.549814 0.106611 0.549814
0 0.439634 0.827713 0.382022 0.827713 0.382022 0.357489 0.439634 0.357489
0 0.563263 0.635627 0.526451 0.635627 0.526451 0.290673 0.563263 0.290673
0 0.299783 0.553923 0.065576 0.499093 0.090031 0.394630 0.324239 0.449460
0 0.384031 0.906222 0.324749 0.906222 0.324749 0.389327 0.384031 0.389327
0 0.522824 0.702651 0.482244 0.702651 0.482244 0.306931 0.522824 0.306931
0 0.484341 0.757630 0.441121 0.757630 0.441121 0.329598 0.484341 0.329598
0 0.564953 0.598370 0.563166 0.278291 0.590260 0.278139 0.592046 0.598219
0 0.615320 0.565768 0.591815 0.565768 0.591815 0.265185 0.615320 0.265185
0 0.637010 0.537697 0.611962 0.537612 0.612938 0.250285 0.637985 0.250370
0 0.636306 0.500564 0.635362 0.233787 0.658972 0.233704 0.659916 0.500480
0 0.674692 0.474052 0.655316 0.473886 0.657435 0.226131 0.676810 0.226296
0 0.690887 0.453520 0.671853 0.453045 0.677713 0.218414 0.696747 0.218889
0 0.708873 0.422328 0.690712 0.421926 0.695374 0.211080 0.713536 0.211481
