0 0.737719 0.688497 0.702950 0.530935 0.998438 0.465731 1.033206 0.623293
0 0.920368 0.852513 0.815436 0.625779 0.977709 0.550680 1.082640 0.777414
0 0.618008 0.916404 0.561175 0.916404 0.561175 0.358922 0.618008 0.358922
0 0.476485 0.721146 0.438394 0.721146 0.438394 0.275690 0.476485 0.275690
0 0.382315 0.590701 0.355783 0.590701 0.355783 0.222085 0.382315 0.222085
0 0.568694 0.847093 0.515314 0.847093 0.515314 0.334571 0.568694 0.334571
0 0.518227 0.779235 0.472931 0.779235 0.472931 0.296906 0.518227 0.296906
0 0.633208 0.530425 0.621732 0.425391 0.879445 0.397234 0.890920 0.502269
0 0.355896 0.560076 0.330290 0.560076 0.330290 0.203663 0.355896 0.203663
0 0.412549 0.639846 0.381604 0.639846 0.381604 0.238321 0.412549 0.238321
0 0.441388 0.680759 0.409423 0.680759 0.409423 0.252753 0.441388 0.252753
0 0.331605 0.529011 0.308883 0.529011 0.308883 0.198502 0.331605 0.198502
0 0.292823 0.509542 0.291197 0.185556 0.312866 0.185447 0.314492 0.509433
0 0.280607 0.496466 0.274408 0.181852 0.293183 0.181482 0.299382 0.496096
0 0.268985 0.474106 0.261816 0.167037 0.277096 0.166680 0.284265 0.473749
0 0.252654 0.448854 0.248175 0.163333 0.259646 0.163153 0.264125 0.448674
0 0.243817 0.428136 0.235583 0.155926 0.247826 0.155556 0.256059 0.427765
0 0.231072 0.410504 0.221942 0.146667 0.237632 0.146124 0.246762 0.409961
0 0.221172 0.394236 0.211239 0.135989 0.227605 0.135359 0.237538 0.393607
0 0.209731 0.370457 0.201166 0.131543 0.218188 0.130932 0.226754 0.369847
