0 0.086395 0.949160 0.000841 0.336538 0.116610 0.320371 0.202164 0.932993
0 0.256439 0.957973 0.122536 0.291466 0.287693 0.258286 0.421597 0.924793
0 0.386959 0.954026 0.266767 0.276442 0.434651 0.246662 0.554843 0.924247
0 0.498137 0.899940 0.439543 0.249399 0.605037 0.234493 0.663631 0.885034
0 0.606310 0.866887 0.570252 0.234375 0.717833 0.225962 0.753890 0.858474
0 0.834856 0.840174 0.700961 0.839844 0.702464 0.231370 0.836359 0.231701
0 0.919318 0.824259 0.795613 0.823317 0.800120 0.231370 0.923825 0.232312
0 0.982897 0.802739 0.870733 0.799279 0.888762 0.214844 1.000926 0.218304
0 0.319351 0.270433 0.188444 0.229188 0.215685 0.142728 0.346592 0.183973
0 0.417007 0.244892 0.312359 0.212061 0.329868 0.156250 0.434517 0.189081
0 0.487620 0.244892 0.383626 0.186027 0.400481 0.156250 0.504475 0.215115
0 0.616790 0.261479 0.476286 0.175616 0.493630 0.147236 0.634133 0.233099
0 0.652848 0.240445 0.537200 0.169772 0.553912 0.142424 0.669560 0.213098
0 0.718953 0.226924 0.603305 0.156250 0.620017 0.128903 0.735665 0.199577
0 0.851165 0.217909 0.735517 0.147236 0.752229 0.119888 0.867877 0.190562
0 0.998438 0.273438 0.848197 0.207332 0.860381 0.179640 1.010622 0.245746
0 0.998437 0.237380 0.848197 0.171274 0.860381 0.143582 1.010622 0.209688
