0 0.749213 0.396296 0.706716 0.396296 0.706716 0.160186 0.749213 0.160186
0 0.711962 0.399074 0.669466 0.399074 0.669466 0.162964 0.711962 0.162964
0 0.608079 0.403703 0.565583 0.403703 0.565583 0.167593 0.608079 0.167593
0 0.887722 0.400925 0.845226 0.400925 0.845226 0.164815 0.887722 0.164815
0 0.929696 0.397222 0.887199 0.397222 0.887199 0.161112 0.929696 0.161112
0 0.443337 0.432408 0.400840 0.432408 0.400840 0.196297 0.443337 0.196297
0 0.409759 0.431480 0.367262 0.431480 0.367262 0.195370 0.409759 0.195370
0 0.379328 0.452777 0.344176 0.452777 0.344176 0.193518 0.379328 0.193518
0 0.349423 0.477778 0.314271 0.477778 0.314271 0.204630 0.349423 0.204630
0 0.830220 0.995511 0.522938 0.897000 0.656866 0.479243 0.964149 0.577754
0 0.528856 0.848800 0.328257 0.715084 0.540638 0.396471 0.741238 0.530187
0 0.294937 0.730286 0.193075 0.608729 0.484916 0.364171 0.586779 0.485729
0 0.122866 0.639674 0.069675 0.540560 0.403472 0.361423 0.456663 0.460536
0 0.046170 0.556861 0.012422 0.473943 0.314625 0.350944 0.348374 0.433862
0 0.287068 0.364239 0.284530 0.211846 0.306401 0.211481 0.308938 0.363875
0 0.258526 0.367203 0.255989 0.214810 0.277859 0.214445 0.280397 0.366839
0 0.229978 0.365951 0.228299 0.223595 0.250157 0.223337 0.251836 0.365694
0 0.208947 0.359004 0.204750 0.231467 0.226653 0.230746 0.230850 0.358283
0 0.185443 0.367896 0.181245 0.240359 0.203148 0.239638 0.207345 0.367175
