0 0.077524 0.638221 0.052284 0.638221 0.052284 0.116587 0.077524 0.116587
0 0.111178 0.651442 0.083534 0.651442 0.083534 0.105769 0.111178 0.105769
0 0.134014 0.674279 0.101562 0.674279 0.101562 0.097356 0.134014 0.097356
0 0.154447 0.692909 0.126803 0.692909 0.126803 0.088341 0.154447 0.088341
0 0.175481 0.713341 0.146635 0.713341 0.146635 0.089543 0.175481 0.089543
0 0.206731 0.740385 0.168269 0.740385 0.168269 0.079327 0.206731 0.079327
0 0.227764 0.765625 0.197716 0.765625 0.197716 0.070914 0.227764 0.070914
0 0.259615 0.783654 0.218750 0.783654 0.218750 0.064904 0.259615 0.064904
0 0.946145 1.011230 0.443209 0.997596 0.470622 -0.013634 0.973558 0.000000
0 0.448891 0.985870 0.390625 0.984075 0.421001 -0.001795 0.479267 0.000000
0 0.393424 0.922624 0.345441 0.920504 0.386211 -0.002120 0.434195 0.000000
0 0.354567 0.895433 0.306571 0.893464 0.342629 0.014557 0.390625 0.016526
0 0.321514 0.863882 0.273500 0.862149 0.303548 0.029817 0.351563 0.031551
0 0.292661 0.821777 0.251803 0.821214 0.262628 0.035495 0.303486 0.036058
