1 0.547810 0.602816 0.425784 0.593212 0.440027 0.412256 0.562053 0.421861
1 0.056154 0.280962 -0.000000 0.280962 0.000000 0.254231 0.056154 0.254231
1 0.109714 0.390255 0.069733 0.353363 0.168098 0.246762 0.208079 0.283654
1 0.205418 0.401803 0.146006 0.355050 0.212442 0.270625 0.271855 0.317378
1 0.357233 0.398539 0.286418 0.372063 0.324041 0.271437 0.394856 0.297913
1 0.447668 0.403029 0.377644 0.403029 0.377644 0.300385 0.447668 0.300385
1 0.521683 0.410192 0.442115 0.410192 0.442115 0.306731 0.521683 0.306731
1 0.538904 0.423565 0.521433 0.322417 0.592803 0.310089 0.610274 0.411237
1 0.637661 0.437822 0.588894 0.341697 0.655608 0.307851 0.704375 0.403976
1 0.709897 0.446183 0.661127 0.350058 0.727820 0.316221 0.776589 0.412346
1 0.925418 0.469899 0.830553 0.365279 0.878812 0.321519 0.973678 0.426139
1 0.844132 0.463815 0.750980 0.348369 0.812286 0.298901 0.905439 0.414347
1 0.965408 0.447839 0.884873 0.368040 0.921627 0.330947 1.002162 0.410745
1 0.081925 0.592873 -0.009502 0.531667 0.104205 0.361814 0.195632 0.423019
1 0.205928 0.601625 0.110262 0.547279 0.211212 0.369577 0.306877 0.423923
1 0.725382 0.676526 0.643375 0.453634 0.765988 0.408522 0.847996 0.631414
1 0.334589 0.617700 0.229010 0.586826 0.286373 0.390664 0.391952 0.421538
