1 0.284721 0.728367 0.204509 0.303858 0.272514 0.291008 0.352725 0.715517
1 0.049481 0.518268 0.004647 0.280999 0.034220 0.275411 0.079055 0.512680
1 0.074075 0.525077 0.027265 0.277344 0.056862 0.271751 0.103672 0.519484
1 0.102370 0.545682 0.050556 0.271469 0.080130 0.265881 0.131944 0.540094
1 0.125885 0.581301 0.071847 0.295327 0.101445 0.289734 0.155483 0.575708
1 0.153241 0.591851 0.090983 0.262367 0.120556 0.256779 0.182814 0.586263
1 0.186998 0.610267 0.123853 0.276085 0.166631 0.268002 0.229777 0.602184
1 0.231875 0.658533 0.162700 0.292437 0.206634 0.284136 0.275809 0.650231
1 0.369128 0.845497 0.307481 0.304430 0.437219 0.289648 0.498866 0.830716
1 0.574930 0.915239 0.416492 0.915239 0.416492 0.277617 0.574930 0.277617
1 0.753702 0.998438 0.545769 0.998438 0.545769 0.283005 0.753702 0.283005
1 0.998438 0.998438 0.777452 0.998438 0.777452 0.263197 0.998438 0.263197
1 0.192785 1.000082 0.168019 0.962023 0.393983 0.814977 0.418750 0.853036
1 0.176562 0.970258 0.149334 0.933783 0.359392 0.776976 0.386621 0.813451
1 0.148437 0.921806 0.126875 0.891307 0.334688 0.744388 0.356250 0.774887
1 0.120312 0.887420 0.100264 0.855589 0.311202 0.722737 0.331250 0.754569
1 0.109375 0.848347 0.089868 0.818038 0.291431 0.688312 0.310937 0.718620
1 0.096875 0.821777 0.074452 0.785889 0.258753 0.670736 0.281176 0.706624
1 0.087500 0.785828 0.067679 0.754730 0.244242 0.642196 0.264062 0.673294
1 0.059375 0.767072 0.040545 0.736743 0.221795 0.624210 0.240625 0.654539
1 0.050000 0.743628 0.032007 0.716014 0.202320 0.605043 0.220313 0.632658
1 0.028946 0.720485 0.015625 0.697656 0.192929 0.594199 0.206250 0.617028
1 0.294403 1.020829 0.264638 0.985442 0.430179 0.846201 0.459944 0.881588
1 0.414340 1.026606 0.377841 0.998438 0.466341 0.883763 0.502841 0.911931
