1 0.781129 0.677596 0.736371 0.677596 0.736371 0.366466 0.781129 0.366466
1 0.819254 0.656034 0.766201 0.656034 0.766201 0.377524 0.819254 0.377524
1 0.838052 0.660457 0.801587 0.660457 0.801587 0.402380 0.838052 0.402380
1 0.860168 0.648317 0.829206 0.648317 0.829206 0.420625 0.860168 0.420625
1 0.877283 0.645553 0.850770 0.645553 0.850770 0.425048 0.877283 0.425048
1 0.891658 0.628413 0.872307 0.628413 0.872307 0.427260 0.891658 0.427260
1 0.907140 0.620673 0.881153 0.620673 0.881153 0.430577 0.907140 0.430577
1 0.920938 0.599688 0.899951 0.599688 0.899951 0.429471 0.920938 0.429471
1 0.931995 0.597476 0.914326 0.597476 0.914326 0.433894 0.931995 0.433894
1 0.954111 0.601875 0.935312 0.601875 0.935312 0.449351 0.954111 0.449351
1 0.940289 0.598029 0.924255 0.598029 0.924255 0.444928 0.940289 0.444928
1 0.599254 1.000000 0.495169 1.000000 0.495169 0.901298 0.599254 0.901298
1 0.658461 1.000000 0.588750 1.000000 0.588750 0.839231 0.658461 0.839231
1 0.719567 1.000000 0.654640 1.000000 0.654640 0.801995 0.719567 0.801995
1 0.753967 1.000000 0.713847 1.000000 0.713847 0.780986 0.753967 0.780986
1 0.788918 1.000000 0.751900 1.000000 0.751900 0.752428 0.788918 0.752428
1 0.819327 1.000000 0.780626 1.000000 0.780626 0.733077 0.819327 0.733077
1 0.836995 0.969062 0.813246 0.969062 0.813246 0.725337 0.836995 0.725337
1 0.855793 0.933702 0.826491 0.933702 0.826491 0.696611 0.855793 0.696611
1 0.874591 0.904952 0.854688 0.904952 0.854688 0.687212 0.874591 0.687212
1 0.417236 0.798462 0.244376 0.798462 0.244376 0.127115 0.417236 0.127115
1 0.545192 0.788918 0.431563 0.788918 0.431563 0.220697 0.545192 0.220697
1 0.625409 0.736394 0.542332 0.736394 0.542332 0.278966 0.625409 0.278966
1 0.694183 0.718245 0.633053 0.718245 0.633053 0.326707 0.694183 0.326707
1 0.740961 0.699135 0.684616 0.699135 0.684616 0.348678 0.740961 0.348678
1 0.890049 0.876779 0.867957 0.876779 0.867957 0.683894 0.890049 0.683894
1 0.907740 0.843053 0.890049 0.843053 0.890049 0.670072 0.907740 0.670072
1 0.920457 0.830889 0.903871 0.830889 0.903871 0.659591 0.920457 0.659591
1 0.934254 0.816538 0.919904 0.816538 0.919904 0.652957 0.934254 0.652957
1 0.943653 0.792212 0.925986 0.792212 0.925986 0.655168 0.943653 0.655168
1 0.932068 0.984543 0.914375 0.984543 0.914375 0.823726 0.932068 0.823726
1 0.849038 1.000000 0.820408 1.000000 0.820408 0.970096 0.849038 0.970096
1 0.865456 1.000000 0.839495 1.000000 0.839495 0.941106 0.865456 0.941106
1 0.882043 1.000000 0.859375 1.000000 0.859375 0.913462 0.882043 0.913462
1 0.899182 0.998029 0.873198 0.998029 0.873198 0.881971 0.899182 0.881971
1 0.912980 1.000000 0.895865 1.000000 0.895865 0.859856 0.912980 0.859856
