0 0.245291 0.679493 -0.019451 0.646525 0.000525 0.486111 0.265268 0.519080
0 0.105119 0.856824 -0.051334 0.820301 0.000525 0.598148 0.156978 0.634670
0 0.311784 0.570006 0.040075 0.530081 0.057358 0.412468 0.329066 0.452393
0 0.552465 0.642593 0.521510 0.642593 0.521510 0.293519 0.552465 0.293519
0 0.437040 0.815741 0.386674 0.815741 0.386674 0.362963 0.437040 0.362963
0 0.483735 0.749074 0.440188 0.749074 0.440188 0.338889 0.483735 0.338889
0 0.523609 0.688889 0.488982 0.688889 0.488982 0.314815 0.523609 0.314815
0 0.384575 0.862037 0.334207 0.862037 0.334207 0.409259 0.384575 0.409259
0 0.575137 0.604710 0.550854 0.604640 0.551792 0.279930 0.576076 0.280000
0 0.602751 0.567742 0.577868 0.567605 0.579524 0.265049 0.604407 0.265185
0 0.629671 0.538062 0.603778 0.537975 0.604746 0.248432 0.630640 0.248519
0 0.648238 0.511322 0.624764 0.511301 0.625004 0.241090 0.648479 0.241111
0 0.665128 0.479301 0.644911 0.478698 0.652395 0.227546 0.672613 0.228148
0 0.682031 0.455425 0.662624 0.454898 0.668946 0.222066 0.688353 0.222593
0 0.700638 0.436085 0.682686 0.435722 0.687190 0.212970 0.705142 0.213333
