0 0.682008 1.022677 0.027942 0.368611 0.413187 -0.016634 1.067253 0.637432
0 0.666449 0.018130 0.473179 -0.175140 0.496815 -0.198775 0.690085 -0.005505
0 0.610118 0.035130 0.438043 -0.136945 0.458033 -0.156935 0.630108 0.015140
0 0.635154 0.026175 0.454244 -0.154735 0.476897 -0.177388 0.657807 0.003522
0 0.583284 0.041374 0.421155 -0.120755 0.440640 -0.140240 0.602769 0.021889
0 0.699665 0.015537 0.494933 -0.189196 0.506422 -0.200685 0.711155 0.004048
0 0.559831 0.049237 0.403385 -0.107209 0.421444 -0.125268 0.577890 0.031178
0 0.520192 0.063957 0.375729 -0.080506 0.391179 -0.095957 0.535642 0.048506
0 0.538134 0.054934 0.390157 -0.093042 0.407164 -0.110050 0.555141 0.037927
0 0.500414 0.067039 0.363659 -0.069717 0.378462 -0.084520 0.515217 0.052236
0 0.460555 0.073898 0.339546 -0.047111 0.354349 -0.061913 0.475357 0.059096
0 0.487034 0.078912 0.350279 -0.057843 0.365082 -0.072646 0.501837 0.064109
0 0.449822 0.084631 0.328813 -0.036378 0.343615 -0.051180 0.464624 0.069829
0 0.427511 0.079997 0.319975 -0.027539 0.332386 -0.039950 0.439922 0.067586
0 0.419935 0.087573 0.312398 -0.019963 0.324810 -0.032374 0.432346 0.075162
0 0.412359 0.095149 0.304822 -0.012387 0.317234 -0.024798 0.424770 0.082738
0 0.391234 0.087083 0.300769 -0.002087 0.310178 -0.011633 0.400643 0.077537
0 0.381798 0.090274 0.291332 0.001104 0.300742 -0.008442 0.391207 0.080728
0 0.326839 0.140253 0.237684 0.054751 0.291145 -0.000994 0.380300 0.084508
