0 0.144573 0.715801 -0.043570 0.667843 0.001574 0.490741 0.189717 0.538699
0 0.229293 0.603100 0.008395 0.516470 0.066195 0.369083 0.287093 0.455712
0 -0.000000 0.752096 -0.000525 0.627782 0.045237 0.627589 0.045762 0.751903
0 0.501574 0.729629 0.458552 0.729629 0.458552 0.314814 0.501574 0.314814
0 0.543022 0.652778 0.505772 0.652778 0.505772 0.299074 0.543022 0.299074
0 0.461699 0.781482 0.412906 0.781482 0.412906 0.340741 0.461699 0.340741
0 0.573452 0.607407 0.544596 0.607407 0.544596 0.273149 0.573452 0.273149
0 0.415006 0.860185 0.353621 0.860185 0.353621 0.365741 0.415006 0.365741
0 0.599160 0.571296 0.575026 0.571296 0.575026 0.264815 0.599160 0.264815
0 0.334761 0.520832 0.106403 0.463751 0.130088 0.368993 0.358447 0.426073
0 0.624344 0.546109 0.596642 0.546109 0.596642 0.254074 0.624344 0.254074
0 0.646141 0.510566 0.620147 0.510543 0.620386 0.242940 0.646380 0.242963
0 0.642812 0.480905 0.641840 0.231947 0.666317 0.231852 0.667289 0.480809
0 0.681121 0.454505 0.659601 0.454230 0.662636 0.216762 0.684155 0.217037
0 0.698237 0.435423 0.679367 0.434933 0.685222 0.209140 0.704092 0.209630
