0 0.627778 0.746077 0.389815 0.746077 0.389815 0.717220 0.627778 0.717220
0 0.678383 0.315856 0.387963 0.315856 0.387963 0.269162 0.678383 0.269162
0 0.623149 0.760767 0.387964 0.760767 0.387964 0.742929 0.623149 0.742929
0 0.687275 0.362865 0.396855 0.362865 0.396855 0.316171 0.687275 0.316171
0 0.696167 0.415751 0.405746 0.415751 0.405746 0.369057 0.696167 0.369057
0 0.694685 0.465279 0.404264 0.465279 0.404264 0.418584 0.694685 0.418584
0 0.690609 0.517325 0.402782 0.517325 0.402782 0.470631 0.690609 0.470631
0 0.680235 0.567692 0.404264 0.567692 0.404264 0.520998 0.680235 0.520998
0 0.678754 0.611344 0.402782 0.611344 0.402782 0.564649 0.678754 0.564649
0 0.660970 0.660032 0.398337 0.660032 0.398337 0.613338 0.660970 0.613338
