0 0.211875 0.992308 -0.001563 0.992308 -0.001563 0.245769 0.211875 0.245769
0 0.398004 0.956659 0.207908 0.956659 0.207908 0.323005 0.398004 0.323005
0 0.546515 0.936875 0.398005 0.936875 0.398005 0.406178 0.546515 0.406178
0 0.651515 0.902740 0.541515 0.902740 0.541515 0.428317 0.651515 0.428317
0 0.742284 0.875240 0.643269 0.875240 0.643269 0.451707 0.742284 0.451707
0 0.817908 0.855986 0.740914 0.855986 0.740914 0.470962 0.817908 0.470962
0 0.874303 0.817476 0.812404 0.817476 0.812404 0.486082 0.874303 0.486082
0 0.929303 0.810601 0.867428 0.810601 0.867428 0.492957 0.929303 0.492957
0 0.966418 0.792740 0.919664 0.792740 0.919664 0.498462 0.966418 0.498462
0 0.998438 0.790889 0.960674 0.790889 0.960674 0.503774 0.998438 0.503774
0 0.191707 0.233125 0.191707 0.000000 0.384784 0.000000 0.384784 0.233125
0 0.528341 0.282644 0.393028 0.282644 0.393028 0.000000 0.528341 0.000000
0 0.647139 0.302452 0.526682 0.302452 0.526682 0.000457 0.647139 0.000457
0 0.726346 0.328846 0.638895 0.328846 0.638895 0.000000 0.726346 0.000000
0 0.798967 0.350288 0.713150 0.350288 0.713150 0.002115 0.798967 0.002115
0 0.863317 0.368438 0.792355 0.368438 0.792355 0.040072 0.863317 0.040072
0 0.916129 0.394856 0.853414 0.394856 0.853414 0.086274 0.916129 0.086274
0 0.955721 0.406394 0.904568 0.406394 0.904568 0.112668 0.955721 0.112668
0 0.995337 0.429495 0.955721 0.429495 0.955721 0.150625 0.995337 0.150625
