0 0.201741 0.741811 0.044750 0.584819 0.065011 0.564557 0.222003 0.721549
0 0.830080 0.407498 0.357508 -0.065073 0.492827 -0.200392 0.965399 0.272179
0 0.646946 0.490142 0.224620 0.067816 0.329156 -0.036721 0.751483 0.385606
0 0.515672 0.546864 0.167235 0.198427 0.257188 0.108474 0.605624 0.456911
0 0.439505 0.587370 0.132407 0.280271 0.185066 0.227611 0.492165 0.534710
0 0.398166 0.633569 0.104038 0.339440 0.159145 0.284333 0.453273 0.578462
0 0.329309 0.648952 0.088655 0.408298 0.130775 0.366177 0.371429 0.606832
0 0.295722 0.669214 0.078524 0.452016 0.108916 0.421624 0.326114 0.638821
0 0.263663 0.685531 0.066149 0.488017 0.093720 0.460447 0.291234 0.657961
0 0.234954 0.698467 0.051514 0.515027 0.076825 0.489717 0.260264 0.673156
0 0.171927 0.760372 0.026188 0.614633 0.041945 0.598876 0.187684 0.744615
0 0.220898 0.727176 0.051514 0.557793 0.077385 0.531922 0.246768 0.701306
0 1.076531 0.630118 0.934294 0.487881 1.065193 0.356981 1.207430 0.499219
0 0.960317 0.746332 0.773274 0.559289 0.874088 0.458475 1.061131 0.645518
0 0.876297 0.830352 0.662653 0.616707 0.729879 0.549481 0.943523 0.763126
0 0.816754 0.889895 0.575777 0.648918 0.637615 0.587080 0.878592 0.828057
0 0.766576 0.940073 0.501105 0.674602 0.543106 0.632600 0.808578 0.898071
0 0.686161 0.943421 0.454413 0.711673 0.499779 0.666307 0.731527 0.898055
0 0.434168 0.918315 0.287494 0.771642 0.306124 0.753012 0.452798 0.899686
0 0.481966 0.935313 0.311003 0.764350 0.331247 0.744105 0.502211 0.915069
0 0.575964 0.938577 0.396077 0.758689 0.417953 0.736814 0.597840 0.916701
0 0.624578 0.938577 0.419568 0.733567 0.450367 0.702767 0.655377 0.907777
