0 0.894444 0.764063 0.065276 0.764063 0.065276 0.333595 0.894444 0.333595
0 0.326389 0.027344 0.001389 0.027344 0.001389 -0.000781 0.326389 -0.000781
0 0.298611 0.059376 0.001389 0.059376 0.001389 0.021876 0.298611 0.021876
0 0.283333 0.087499 0.001389 0.087499 0.001389 0.052344 0.283333 0.052344
0 0.269444 0.112499 0.001389 0.112499 0.001389 0.079687 0.269444 0.079687
0 0.252776 0.135937 0.001389 0.135937 0.001389 0.107031 0.252776 0.107031
0 0.240276 0.160938 0.001388 0.160938 0.001388 0.132812 0.240276 0.132812
0 0.227776 0.182812 0.001389 0.182812 0.001389 0.153906 0.227776 0.153906
0 0.212500 0.200781 0.001388 0.200781 0.001388 0.176563 0.212500 0.176563
0 0.209724 0.218751 0.001390 0.218751 0.001390 0.194531 0.209724 0.194531
0 0.198611 0.235937 0.001389 0.235937 0.001389 0.214062 0.198611 0.214062
0 0.187499 0.252344 0.001388 0.252344 0.001388 0.229687 0.187499 0.229687
0 0.180556 0.267970 0.001388 0.267970 0.001388 0.248438 0.180556 0.248438
0 0.173611 0.280469 0.001389 0.280469 0.001389 0.260938 0.173611 0.260938
0 0.161111 0.293749 0.001389 0.293749 0.001389 0.274999 0.161111 0.274999
0 0.154167 0.304687 0.001389 0.304687 0.001389 0.285937 0.154167 0.285937
0 0.152776 0.316406 0.001389 0.316406 0.001389 0.300001 0.152776 0.300001
0 0.129167 0.425001 0.001389 0.425001 0.001389 0.363280 0.129167 0.363280
0 0.151387 0.328906 -0.000000 0.328906 0.000000 0.312501 0.151387 0.312501
0 0.142376 0.336873 -0.000177 0.334864 0.000000 0.322322 0.142553 0.324330
0 0.142376 0.347587 -0.000177 0.345578 0.000000 0.333036 0.142553 0.335045
0 0.142376 0.356516 -0.000177 0.354507 0.000000 0.341965 0.142553 0.343973
0 0.142376 0.364551 -0.000177 0.362543 0.000000 0.350001 0.142553 0.352009
