0 0.907119 0.765205 0.870840 0.590212 0.997030 0.564051 1.033309 0.739044
0 0.605235 0.807378 0.562755 0.807378 0.562755 0.335050 0.605235 0.335050
0 0.696996 0.941644 0.645442 0.941644 0.645442 0.384735 0.696996 0.384735
0 0.800196 0.636285 0.785216 0.505743 0.998437 0.481275 1.013417 0.611818
0 0.481260 0.633491 0.454230 0.633491 0.454230 0.264690 0.481260 0.264690
0 0.455887 0.598175 0.430663 0.598175 0.430663 0.257455 0.455887 0.257455
0 0.509857 0.663584 0.479621 0.663584 0.479621 0.276350 0.509857 0.276350
0 0.717145 0.538161 0.698752 0.437574 0.948985 0.391818 0.967378 0.492406
0 0.651287 0.868856 0.603100 0.868856 0.603100 0.365144 0.651287 0.365144
0 0.533829 0.703470 0.505085 0.703470 0.505085 0.299010 0.533829 0.299010
0 0.567081 0.751539 0.531879 0.751539 0.531879 0.314919 0.567081 0.314919
0 0.432597 0.563809 0.409197 0.563809 0.409197 0.247357 0.432597 0.247357
0 0.394350 0.544065 0.391932 0.246667 0.409282 0.246526 0.411700 0.543924
0 0.380064 0.521811 0.378291 0.241111 0.395825 0.241000 0.397598 0.521700
0 0.367715 0.508654 0.362551 0.231852 0.378163 0.231561 0.383327 0.508363
0 0.355203 0.493802 0.349959 0.230000 0.364652 0.229708 0.369896 0.493510
0 0.344342 0.467141 0.337367 0.220741 0.351245 0.220348 0.358220 0.466748
0 0.333441 0.461307 0.326874 0.213333 0.340664 0.212968 0.347231 0.460942
