0 0.917762 0.690983 0.841922 0.690983 0.841922 0.309198 0.917762 0.309198
0 0.741629 0.660981 0.668058 0.660981 0.668058 0.290465 0.741629 0.290465
0 0.288604 0.661951 0.205845 0.661951 0.205845 0.280505 0.288604 0.280505
0 0.415942 0.645048 0.343598 0.645048 0.343598 0.270663 0.415942 0.270663
0 0.168133 0.708770 0.060146 0.708770 0.060146 0.291666 0.168133 0.291666
0 0.857369 0.680609 0.783260 0.680609 0.783260 0.305779 0.857369 0.305779
0 0.227637 0.683578 0.140388 0.683578 0.140388 0.282097 0.227637 0.282097
0 0.357307 0.652457 0.281526 0.652457 0.281526 0.273577 0.357307 0.273577
0 0.983087 0.705803 0.904823 0.705803 0.904823 0.318267 0.983087 0.318267
0 0.688338 0.653572 0.614230 0.653572 0.614230 0.285570 0.688338 0.285570
0 0.634404 0.644681 0.560121 0.644681 0.560121 0.283798 0.634404 0.283798
0 0.472345 0.642084 0.398592 0.642084 0.398592 0.271708 0.472345 0.271708
0 0.799505 0.676164 0.723619 0.676164 0.723619 0.297005 0.799505 0.297005
0 0.580209 0.643566 0.503241 0.643566 0.503241 0.274419 0.580209 0.274419
0 0.527964 0.639120 0.454145 0.639120 0.454145 0.271362 0.527964 0.271362
0 0.998422 0.711730 0.965017 0.711730 0.965017 0.323193 0.998422 0.323193
