0 0.614900 0.691349 0.557188 0.691349 0.557188 0.372593 0.614900 0.372593
0 0.503463 0.680967 0.455614 0.680967 0.455614 0.390509 0.503463 0.390509
0 0.440504 0.675039 0.402938 0.675039 0.402938 0.372222 0.440504 0.372222
0 0.564533 0.680967 0.503673 0.680967 0.503673 0.371666 0.564533 0.371666
0 0.666842 0.686903 0.609654 0.686903 0.609654 0.375001 0.666842 0.375001
0 0.721406 0.685421 0.664218 0.685421 0.664218 0.380556 0.721406 0.380556
0 0.391815 0.664666 0.354222 0.664203 0.357818 0.372222 0.395411 0.372685
0 0.855509 0.661710 0.799370 0.661710 0.799370 0.374446 0.855509 0.374446
0 0.266002 0.618519 0.238196 0.618519 0.238196 0.374999 0.266002 0.374999
0 0.238195 0.612038 0.222455 0.612038 0.222455 0.373149 0.238195 0.373149
0 0.349843 0.660219 0.312250 0.659756 0.315845 0.367776 0.353438 0.368239
