1 0.534808 0.998798 0.455745 0.998798 0.455745 0.662933 0.534808 0.662933
1 0.975216 0.653438 0.793702 0.653438 0.793702 0.000000 0.975216 0.000000
1 0.775817 0.609423 0.602548 0.609423 0.602548 0.000000 0.775817 0.000000
1 0.598437 0.543413 0.471923 0.543413 0.471923 0.045625 0.598437 0.045625
1 0.478798 0.533798 0.393534 0.533798 0.393534 0.082740 0.478798 0.082740
1 0.403149 0.509038 0.327524 0.509038 0.327524 0.104760 0.403149 0.104760
1 0.330216 0.484207 0.266562 0.484207 0.266562 0.152284 0.330216 0.152284
1 0.272933 0.483413 0.237115 0.483413 0.237115 0.158654 0.272933 0.158654
1 0.237909 0.475457 0.198125 0.475457 0.198125 0.188894 0.237909 0.188894
1 0.200505 0.462716 0.167885 0.462716 0.167885 0.200024 0.200505 0.200024
1 0.171851 0.461923 0.141611 0.461923 0.141611 0.223101 0.171851 0.223101
1 0.136851 0.462716 0.116154 0.462716 0.116154 0.241418 0.136851 0.241418
1 0.101034 0.461130 0.077163 0.461130 0.077163 0.246178 0.101034 0.246178
1 0.121731 0.457933 0.097837 0.457933 0.097837 0.239014 0.121731 0.239014
1 0.997764 1.000000 0.816707 1.000000 0.816707 0.792404 0.997764 0.792404
1 0.785769 0.996514 0.643678 0.996514 0.643678 0.717933 0.785769 0.717933
1 0.639087 1.000000 0.523341 1.000000 0.523341 0.697308 0.639087 0.697308
1 0.452308 0.997644 0.376659 0.997644 0.376659 0.650312 0.452308 0.650312
1 0.386971 0.952957 0.322813 0.952957 0.322813 0.620529 0.386971 0.620529
1 0.337692 0.916298 0.276971 0.916298 0.276971 0.613654 0.337692 0.613654
1 0.295312 0.872740 0.244880 0.872740 0.244880 0.593029 0.295312 0.593029
1 0.220817 0.777644 0.178413 0.777644 0.178413 0.552909 0.220817 0.552909
1 0.184135 0.756995 0.146322 0.756995 0.146322 0.536875 0.184135 0.536875
