0 0.901604 0.654234 0.852372 0.496851 0.997713 0.451386 1.046945 0.608769
0 0.782805 0.542966 0.765699 0.415394 0.996631 0.384429 1.013737 0.512000
0 0.613347 0.761663 0.575005 0.761663 0.575005 0.267945 0.613347 0.267945
0 0.575366 0.703936 0.535162 0.703936 0.535162 0.251071 0.575366 0.251071
0 0.502950 0.616307 0.474886 0.616307 0.474886 0.212006 0.502950 0.212006
0 0.697802 0.893222 0.645337 0.893222 0.645337 0.310080 0.697802 0.310080
0 0.652156 0.821036 0.608994 0.821036 0.608994 0.291665 0.652156 0.291665
0 0.536104 0.652473 0.503382 0.652473 0.503382 0.233089 0.536104 0.233089
0 0.694989 0.457581 0.687630 0.354635 0.948579 0.335980 0.955938 0.438925
0 0.476751 0.579647 0.451344 0.579647 0.451344 0.202940 0.476751 0.202940
0 0.431249 0.549697 0.427609 0.204074 0.450145 0.203837 0.453786 0.549459
0 0.416271 0.524621 0.408721 0.194815 0.424867 0.194445 0.432416 0.524251
0 0.397555 0.494969 0.390882 0.185556 0.405565 0.185239 0.412238 0.494652
0 0.382595 0.471434 0.374093 0.180000 0.390566 0.179520 0.399067 0.470954
0 0.365032 0.453553 0.356255 0.172593 0.371989 0.172101 0.380765 0.453061
0 0.348999 0.434149 0.343663 0.165185 0.356181 0.164937 0.361517 0.433901
0 0.335667 0.413437 0.328973 0.159630 0.339487 0.159352 0.346182 0.413159
0 0.327735 0.398771 0.315332 0.157778 0.325753 0.157241 0.338157 0.398234
0 0.317687 0.381271 0.302740 0.154074 0.314599 0.153294 0.329547 0.380491
