0 0.783594 0.490104 0.709375 0.490104 0.709375 0.238714 0.783594 0.238714
0 0.714063 0.497049 0.642969 0.497049 0.642969 0.222049 0.714063 0.222049
0 0.975781 0.440104 0.808595 0.440104 0.808595 0.083160 0.975781 0.083160
0 0.567968 0.463714 0.489843 0.463714 0.489843 0.159547 0.567968 0.159547
0 0.854688 0.497049 0.786718 0.497049 0.786718 0.452604 0.854688 0.452604
0 0.923438 0.510937 0.858594 0.510937 0.858594 0.456771 0.923438 0.456771
0 0.984375 0.513714 0.939844 0.513714 0.939844 0.459549 0.984375 0.459549
0 0.494628 0.492364 0.464286 0.492089 0.466979 0.195096 0.497321 0.195371
0 0.111607 0.472247 0.083005 0.471707 0.085684 0.329792 0.114286 0.330332
0 0.273438 0.507961 0.272534 0.252599 0.291964 0.252531 0.292867 0.507892
0 0.261584 0.505985 0.258880 0.251133 0.276786 0.250943 0.279489 0.505795
0 0.258929 0.507961 0.242857 0.507961 0.242857 0.258882 0.258929 0.258882
0 0.241071 0.508162 0.227663 0.508018 0.230357 0.257294 0.243766 0.257439
0 0.436607 0.503399 0.366895 0.501947 0.372321 0.241417 0.442033 0.242869
