1 0.337278 0.892503 0.163433 0.667574 0.203393 0.636689 0.377238 0.861618
1 0.511355 1.194546 0.402773 1.085964 0.450622 1.038116 0.559204 1.146697
1 0.553748 1.152901 0.439029 1.038183 0.489206 0.988006 0.603925 1.102724
1 0.587573 1.119076 0.469353 1.000857 0.520704 0.949506 0.638924 1.067726
1 0.634249 1.072400 0.514857 0.953008 0.576712 0.891153 0.696104 1.010545
1 0.697260 1.009389 0.549873 0.862002 0.637394 0.774481 0.784781 0.921868
1 0.794911 0.910990 0.614055 0.730134 0.727227 0.616962 0.908083 0.797818
1 0.920134 0.786515 0.771574 0.637955 0.922089 0.487440 1.070649 0.636000
1 1.072995 0.633654 0.908100 0.468759 1.042535 0.334324 1.207430 0.499219
1 0.294551 1.002550 0.148048 0.812998 0.173420 0.793389 0.319923 0.982940
1 0.305515 0.965591 0.154147 0.769744 0.178416 0.750986 0.329785 0.946833
1 0.314657 0.930262 0.152822 0.720873 0.192783 0.689988 0.354618 0.899377
1 0.356708 0.840018 0.163532 0.590078 0.203493 0.559193 0.396669 0.809132
1 0.384725 0.782178 0.164412 0.524225 0.209251 0.485929 0.429564 0.743882
1 0.411054 0.725575 0.177627 0.452267 0.239813 0.399156 0.473240 0.672464
1 0.439000 0.642297 0.177035 0.335575 0.255909 0.268211 0.517874 0.574932
1 0.487592 0.517084 0.178862 0.208353 0.259040 0.128174 0.567771 0.436905
1 0.546710 0.420707 0.209220 0.083216 0.325909 -0.033474 0.663400 0.304017
1 0.626939 0.246479 0.336448 -0.044012 0.496074 -0.203638 0.786565 0.086853
