0 1.000000 0.973558 0.779543 0.973558 0.779543 0.261250 1.000000 0.261250
0 0.791899 0.950192 0.600769 0.950192 0.600769 0.309375 0.791899 0.309375
0 0.600769 0.943317 0.457740 0.943317 0.457740 0.402885 0.600769 0.402885
0 0.450865 0.906178 0.349111 0.906178 0.349111 0.423510 0.450865 0.423510
0 0.357356 0.877308 0.247356 0.877308 0.247356 0.451010 0.357356 0.451010
0 0.258365 0.847043 0.189591 0.847043 0.189591 0.460649 0.258365 0.460649
0 0.190986 0.820913 0.120841 0.820913 0.120841 0.482644 0.190986 0.482644
0 0.138726 0.807163 0.067212 0.807163 0.067212 0.489519 0.138726 0.489519
0 0.083702 0.783798 0.021827 0.783798 0.021827 0.495024 0.083702 0.495024
0 0.028702 0.771418 -0.000000 0.771418 0.000000 0.507404 0.028702 0.507404
0 0.789159 0.228245 0.611755 0.228245 0.611755 0.000000 0.789159 0.000000
0 0.600769 0.273630 0.468750 0.273630 0.468750 0.001346 0.600769 0.001346
0 0.455000 0.298365 0.349111 0.298365 0.349111 0.000000 0.455000 0.000000
0 0.355986 0.324495 0.261106 0.324495 0.261106 0.000000 0.355986 0.000000
0 0.266611 0.357500 0.195096 0.357500 0.195096 0.000000 0.266611 0.000000
0 0.197476 0.375096 0.144159 0.375096 0.144159 0.036082 0.197476 0.036082
0 0.143365 0.401370 0.094832 0.401370 0.094832 0.077476 0.143365 0.077476
0 0.092548 0.401370 0.041490 0.401370 0.041490 0.106923 0.092548 0.106923
0 0.048654 0.422043 0.004904 0.422043 0.004904 0.151490 0.048654 0.151490
