0 0.020591 0.684462 0.016771 0.352162 0.062078 0.351641 0.065897 0.683942
0 0.999475 0.789312 0.955084 0.789312 0.955084 0.406546 0.999475 0.406546
0 0.022772 0.692832 0.000256 0.692832 0.000256 0.349593 0.022772 0.349593
0 0.693389 0.605743 0.655691 0.604571 0.663247 0.361535 0.700944 0.362707
0 0.591965 0.615864 0.557382 0.615767 0.558076 0.367150 0.592659 0.367247
0 0.931584 0.778784 0.887271 0.776924 0.902277 0.419504 0.946590 0.421365
0 0.878699 0.768411 0.834386 0.766551 0.849391 0.409131 0.893704 0.410992
0 0.074316 0.685944 0.070496 0.353644 0.115803 0.353123 0.119622 0.685423
0 0.125523 0.688908 0.121703 0.356607 0.167009 0.356087 0.170829 0.688387
0 0.175050 0.685944 0.171231 0.353644 0.216537 0.353123 0.220357 0.685423
0 0.225048 0.648865 0.220759 0.356607 0.266051 0.355943 0.270340 0.648201
0 0.269539 0.657757 0.265250 0.365499 0.310542 0.364834 0.314831 0.657092
0 0.313190 0.651829 0.308901 0.359571 0.354194 0.358907 0.358483 0.651165
0 0.354324 0.647383 0.350035 0.355126 0.395327 0.354461 0.399616 0.646718
0 0.436412 0.629054 0.391012 0.627217 0.402081 0.353644 0.447482 0.355481
0 0.474188 0.636464 0.428787 0.634627 0.439856 0.361054 0.485257 0.362891
0 0.516161 0.636464 0.470760 0.634627 0.481829 0.361054 0.527230 0.362891
0 0.551418 0.636464 0.506017 0.634627 0.517086 0.361054 0.562487 0.362891
0 0.733683 0.601297 0.695985 0.600125 0.703540 0.357089 0.741238 0.358261
0 0.766422 0.601297 0.728724 0.600125 0.736279 0.357089 0.773977 0.358261
0 0.665687 0.608707 0.627989 0.607535 0.635545 0.364499 0.673242 0.365671
