0 0.313281 0.902603 0.103125 0.902603 0.103125 0.408159 0.313281 0.408159
0 0.836718 0.894271 0.671093 0.894271 0.671093 0.369271 0.836718 0.369271
0 0.999218 0.906771 0.828906 0.906771 0.828906 0.341492 0.999218 0.341492
0 0.585155 0.870659 0.180468 0.870659 0.180468 0.047048 0.585155 0.047048
0 0.357031 0.887327 0.313281 0.887327 0.313281 0.483160 0.357031 0.483160
0 0.069532 0.858159 0.014844 0.858159 0.014844 0.442881 0.069532 0.442881
0 0.392187 0.901215 0.350781 0.901215 0.350781 0.508160 0.392187 0.508160
0 0.118751 0.887327 0.063281 0.887327 0.063281 0.451214 0.118751 0.451214
0 0.625000 0.842883 0.512500 0.842883 0.512500 0.428992 0.625000 0.428992
0 0.021875 0.849827 0.000781 0.849827 0.000781 0.430382 0.021875 0.430382
