1 0.939495 0.807933 0.718317 0.807933 0.718317 0.039014 0.939495 0.039014
1 0.674784 0.786154 0.532692 0.786154 0.532692 0.192572 0.674784 0.192572
1 0.499447 0.689904 0.407764 0.689904 0.407764 0.270481 0.499447 0.270481
1 0.422668 0.653245 0.348173 0.653245 0.348173 0.272788 0.422668 0.272788
1 0.371130 0.644279 0.310120 0.644279 0.310120 0.313966 0.371130 0.313966
1 0.321394 0.623053 0.274303 0.623053 0.274303 0.330553 0.321394 0.330553
1 0.291538 0.611779 0.244471 0.611779 0.244471 0.341154 0.291538 0.341154
1 0.263029 0.589904 0.225889 0.589904 0.225889 0.357740 0.263029 0.357740
1 0.231202 0.329279 0.196707 0.329279 0.196707 0.101755 0.231202 0.101755
1 0.237524 0.593221 0.203822 0.593221 0.203822 0.374375 0.237524 0.374375
1 0.218750 0.583822 0.189447 0.583822 0.189447 0.381010 0.218750 0.381010
1 0.204375 0.336779 0.180048 0.336779 0.180048 0.128438 0.204375 0.128438
1 0.186683 0.347284 0.160168 0.347284 0.160168 0.152212 0.186683 0.152212
1 0.169567 0.355529 0.146346 0.355529 0.146346 0.178173 0.169567 0.178173
1 0.195529 0.579399 0.175649 0.579399 0.175649 0.387620 0.195529 0.387620
1 0.175096 0.574423 0.156298 0.574423 0.156298 0.399231 0.175096 0.399231
1 0.165577 0.569928 0.146659 0.569928 0.146659 0.405216 0.165577 0.405216
1 0.150385 0.561394 0.136514 0.561394 0.136514 0.407885 0.150385 0.407885
1 0.139712 0.561130 0.128005 0.561130 0.128005 0.409207 0.139712 0.409207
1 0.136514 0.558726 0.113341 0.558726 0.113341 0.414279 0.136514 0.414279
1 0.126923 0.375913 0.106418 0.375913 0.106418 0.232260 0.126923 0.232260
1 0.132260 0.372981 0.117861 0.372981 0.117861 0.222668 0.132260 0.222668
1 0.143462 0.365769 0.123726 0.365769 0.123726 0.207476 0.143462 0.207476
1 0.153053 0.367644 0.133582 0.367644 0.133582 0.191755 0.153053 0.191755
