0 0.745028 0.625927 0.716171 0.625927 0.716171 0.382407 0.745028 0.382407
0 0.761815 0.607408 0.743453 0.607408 0.743453 0.379630 0.761815 0.379630
0 0.175798 0.667370 0.174933 0.370888 0.208485 0.370790 0.209350 0.667272
0 0.260569 0.683867 0.258668 0.391111 0.303987 0.390817 0.305888 0.683573
0 0.349539 0.685056 0.311764 0.685056 0.311764 0.400370 0.349539 0.400370
0 0.362971 0.689501 0.361502 0.407778 0.403535 0.407559 0.405004 0.689282
0 0.415017 0.696911 0.412918 0.391111 0.455305 0.390820 0.457404 0.696620
0 0.470421 0.690983 0.469578 0.399149 0.509888 0.399032 0.510731 0.690867
0 0.559931 0.680109 0.524146 0.679128 0.531846 0.398197 0.567631 0.399178
0 0.650756 0.666361 0.620683 0.665791 0.625930 0.389259 0.656003 0.389830
0 0.612255 0.667547 0.573674 0.667272 0.575587 0.398807 0.614168 0.399082
