0 0.815936 1.049209 0.574301 0.997211 0.615405 0.806202 0.857039 0.858201
0 0.623073 1.019005 0.467213 0.995080 0.511670 0.705468 0.667530 0.729393
0 0.763840 0.509508 0.284790 0.509508 0.284790 0.466870 0.763840 0.466870
0 0.626067 0.407893 0.222811 0.407893 0.222811 0.375613 0.626067 0.375613
0 0.583692 0.375817 0.212717 0.375817 0.212717 0.348014 0.583692 0.348014
0 0.831444 0.561113 0.334206 0.561113 0.334206 0.509956 0.831444 0.509956
0 0.708527 0.469812 0.271196 0.469812 0.271196 0.432711 0.708527 0.432711
0 0.479733 0.894979 0.363470 0.874658 0.408705 0.615856 0.524968 0.636177
0 0.660860 0.434944 0.245660 0.434944 0.245660 0.403808 0.660860 0.403808
0 0.558512 0.349010 0.201106 0.349010 0.201106 0.324116 0.558512 0.324116
0 0.886403 0.611860 0.354603 0.611860 0.354603 0.554281 0.886403 0.554281
0 0.526114 0.325366 0.188807 0.325366 0.188807 0.303505 0.526114 0.303505
0 0.505687 0.309257 0.185106 0.302224 0.185556 0.281753 0.506136 0.288786
0 0.482105 0.291617 0.175978 0.286236 0.176296 0.268112 0.482423 0.273493
0 0.464129 0.277789 0.162806 0.268568 0.163333 0.251323 0.464657 0.260544
0 0.452467 0.261397 0.153728 0.254244 0.154074 0.239781 0.452813 0.246933
0 0.434633 0.247954 0.142507 0.239115 0.142963 0.224041 0.435089 0.232880
0 0.406527 0.237892 0.138693 0.229480 0.139259 0.211449 0.407093 0.219861
0 0.387262 0.223621 0.139084 0.220853 0.139259 0.205153 0.387437 0.207921
