0 0.791467 0.998611 0.253603 0.998611 0.253603 0.071726 0.791467 0.071726
0 0.983317 0.278017 0.951751 0.278017 0.951751 0.004608 0.983317 0.004608
0 0.955533 0.261838 0.925491 0.261838 0.925491 0.003685 0.955533 0.003685
0 0.999219 0.295049 0.979994 0.295049 0.979994 0.004581 0.999219 0.004581
0 0.930630 0.251800 0.901112 0.251800 0.901112 0.004951 0.930630 0.004951
0 0.904975 0.234013 0.878467 0.234013 0.878467 0.002790 0.904975 0.002790
0 0.880939 0.223601 0.855949 0.223601 0.855949 0.002333 0.880939 0.002333
0 0.858843 0.210413 0.834727 0.210413 0.834727 0.001622 0.858843 0.001622
0 0.820840 0.191074 0.799938 0.191074 0.799938 0.001161 0.820840 0.001161
0 0.803884 0.182404 0.783184 0.182404 0.783184 0.001081 0.803884 0.001081
0 0.839489 0.203965 0.817471 0.203965 0.817471 0.000462 0.839489 0.000462
0 0.789598 0.166369 0.768898 0.166369 0.768898 0.000000 0.789598 0.000000
0 0.776206 0.166369 0.755505 0.166369 0.755505 0.000000 0.776206 0.000000
0 0.759375 0.152075 0.742684 0.151600 0.747014 -0.000475 0.763705 0.000000
0 0.747768 0.152075 0.731077 0.151600 0.735407 -0.000475 0.752098 0.000000
0 0.736161 0.152075 0.719470 0.151600 0.723800 -0.000475 0.740491 0.000000
0 0.723507 0.130392 0.710268 0.129846 0.715645 -0.000546 0.728884 0.000000
0 0.714579 0.130392 0.701339 0.129846 0.706716 -0.000546 0.719956 0.000000
0 0.697768 0.128258 0.625416 0.127280 0.627152 -0.000979 0.699503 -0.000000
