0 0.187725 0.677809 0.109529 0.677809 0.109529 0.295599 0.187725 0.295599
0 0.892599 0.696814 0.821665 0.696814 0.821665 0.338501 0.892599 0.338501
0 0.126753 0.672246 0.043889 0.672246 0.043889 0.288189 0.126753 0.288189
0 0.059375 0.668987 0.000545 0.668987 0.000545 0.281691 0.059375 0.281691
0 0.953896 0.693232 0.878909 0.693232 0.878909 0.334234 0.953896 0.334234
0 0.837258 0.698179 0.767210 0.698179 0.767210 0.349325 0.837258 0.349325
0 0.783861 0.699904 0.707685 0.699904 0.707685 0.334505 0.783861 0.334505
0 0.247356 0.679470 0.171794 0.679470 0.171794 0.304490 0.247356 0.304490
0 0.353881 0.680367 0.347165 0.315814 0.398741 0.314864 0.405457 0.679417
0 0.292318 0.687775 0.279208 0.311169 0.343337 0.308937 0.356447 0.685543
0 0.725382 0.693758 0.660402 0.693758 0.660402 0.343397 0.725382 0.343397
0 0.671871 0.692750 0.604713 0.692750 0.604713 0.340433 0.671871 0.340433
0 0.405998 0.693670 0.397490 0.319696 0.461788 0.318233 0.470296 0.692207
0 0.298810 0.685228 0.229229 0.685228 0.229229 0.298562 0.298810 0.298562
0 0.567891 0.691524 0.517749 0.691524 0.517749 0.331993 0.567891 0.331993
0 0.618931 0.687606 0.556137 0.687606 0.556137 0.331170 0.618931 0.331170
0 0.999475 0.688891 0.938889 0.688891 0.938889 0.321462 0.999475 0.321462
