0 1.000000 0.906322 0.917596 0.906322 0.917596 0.116226 1.000000 0.116226
0 0.907692 0.811274 0.703750 0.811274 0.703750 0.029087 0.907692 0.029087
0 0.707692 0.775625 0.517596 0.775625 0.517596 0.169688 0.707692 0.169688
0 0.503750 0.745913 0.386923 0.745913 0.386923 0.248894 0.503750 0.248894
0 0.404736 0.724135 0.309688 0.724135 0.309688 0.272644 0.404736 0.272644
0 0.306370 0.674014 0.242380 0.674014 0.242380 0.288221 0.306370 0.288221
0 0.248125 0.667332 0.176490 0.667332 0.176490 0.304447 0.248125 0.304447
0 0.179351 0.636779 0.133510 0.636779 0.133510 0.323558 0.179351 0.323558
0 0.145937 0.607187 0.096274 0.607187 0.096274 0.324519 0.145937 0.324519
0 0.109639 0.596683 0.068582 0.596683 0.068582 0.335962 0.109639 0.335962
0 0.079087 0.594760 0.049495 0.594760 0.049495 0.355072 0.079087 0.355072
0 0.046611 0.573750 0.011274 0.573750 0.011274 0.355072 0.046611 0.355072
0 0.023702 0.567067 -0.000000 0.567067 0.000000 0.344567 0.023702 0.344567
0 0.677332 1.000000 0.518149 1.000000 0.518149 0.896082 0.677332 0.896082
0 0.511803 1.000000 0.392428 1.000000 0.392428 0.833221 0.511803 0.833221
0 0.403558 1.000000 0.313630 1.000000 0.313630 0.791034 0.403558 0.791034
0 0.333534 1.000000 0.250769 1.000000 0.250769 0.747260 0.333534 0.747260
0 0.269087 1.000000 0.196659 1.000000 0.196659 0.714639 0.269087 0.714639
0 0.218942 1.000000 0.147308 1.000000 0.147308 0.689183 0.218942 0.689183
0 0.166418 0.943029 0.113101 0.943029 0.113101 0.661322 0.166418 0.661322
0 0.126635 0.913582 0.075697 0.913582 0.075697 0.645409 0.126635 0.645409
0 0.095601 0.874591 0.051034 0.874591 0.051034 0.629495 0.095601 0.629495
0 0.063341 0.833341 0.026322 0.833341 0.026322 0.610072 0.063341 0.610072
0 0.032957 0.815721 -0.000000 0.815721 0.000000 0.604808 0.032957 0.604808
0 0.573077 0.104351 0.441755 0.104351 0.441755 0.000000 0.573077 0.000000
0 0.682885 0.047837 0.586611 0.047837 0.586611 0.000000 0.682885 0.000000
0 0.434591 0.140962 0.339111 0.140962 0.339111 0.000000 0.434591 0.000000
0 0.342284 0.174375 0.259519 0.174375 0.259519 0.000889 0.342284 0.000889
0 0.275433 0.179159 0.198245 0.179159 0.198245 0.000000 0.275433 0.000000
0 0.209399 0.218942 0.147308 0.218942 0.147308 0.002476 0.209399 0.002476
0 0.164038 0.241226 0.106731 0.241226 0.106731 0.001683 0.164038 0.001683
0 0.121851 0.276250 0.065361 0.276250 0.065361 0.000889 0.121851 0.000889
0 0.078077 0.288173 0.030337 0.288173 0.030337 0.019207 0.078077 0.019207
0 0.049447 0.300913 0.004880 0.300913 0.004880 0.047837 0.049447 0.047837
0 0.025553 0.305673 -0.000000 0.305673 0.000000 0.075697 0.025553 0.075697
