0 0.765824 1.068837 0.552428 0.987410 0.618370 0.814597 0.831766 0.896024
0 0.600876 1.029264 0.428973 0.983934 0.501297 0.709665 0.673200 0.754996
0 0.624140 0.406858 0.222926 0.406858 0.222926 0.374945 0.624140 0.374945
0 0.765821 0.508483 0.283245 0.508483 0.283245 0.465419 0.765821 0.465419
0 0.583525 0.374836 0.210463 0.374836 0.210463 0.347748 0.583525 0.347748
0 0.707763 0.468382 0.266757 0.468382 0.266757 0.431705 0.707763 0.431705
0 0.658965 0.433284 0.243629 0.433284 0.243629 0.402744 0.658965 0.402744
0 0.832380 0.560252 0.330774 0.560252 0.330774 0.508040 0.832380 0.508040
0 0.893297 0.611137 0.352199 0.611137 0.352199 0.552578 0.893297 0.552578
0 0.505017 0.897576 0.392293 0.892379 0.404985 0.617115 0.517709 0.622313
0 0.559186 0.348902 0.196954 0.348902 0.196954 0.323602 0.559186 0.323602
0 0.524044 0.325301 0.183229 0.325301 0.183229 0.303493 0.524044 0.303493
0 0.503918 0.301918 0.174408 0.301229 0.174444 0.283852 0.503954 0.284540
0 0.480170 0.288334 0.168713 0.285119 0.168889 0.268112 0.480345 0.271327
0 0.462426 0.273569 0.157547 0.269061 0.157778 0.253422 0.462657 0.257929
0 0.435720 0.258469 0.150143 0.253239 0.150370 0.240830 0.435947 0.246060
0 0.423738 0.246730 0.140712 0.237939 0.141111 0.225090 0.424137 0.233881
0 0.397164 0.235327 0.131449 0.227848 0.131852 0.213548 0.397566 0.221026
