1 0.725841 0.041370 0.612380 0.041370 0.612380 0.000000 0.725841 0.000000
1 0.587162 0.060841 0.510384 0.060841 0.510384 0.000000 0.587162 0.000000
1 0.497788 0.061995 0.430169 0.061995 0.430169 0.000000 0.497788 0.000000
1 0.421009 0.073437 0.356827 0.073437 0.356827 0.001250 0.421009 0.001250
1 0.308075 0.102384 0.266294 0.066952 0.332045 -0.010581 0.373827 0.024852
1 0.240178 0.119042 0.198414 0.083623 0.277755 -0.009931 0.319519 0.025487
1 0.157247 0.144025 0.115483 0.108607 0.205397 0.002584 0.247161 0.038003
1 0.089831 0.095216 -0.000000 0.095216 0.000000 0.032187 0.089831 0.032187
1 0.002200 0.001174 0.002001 0.000502 0.002336 0.000403 0.002535 0.001075
1 0.220996 0.992034 0.017578 0.475000 0.132520 0.429778 0.335938 0.946813
1 0.308109 1.004577 0.164063 0.473047 0.313766 0.432477 0.457813 0.964006
1 0.463776 0.999172 0.356584 0.476774 0.510938 0.445102 0.618130 0.967500
1 0.591026 0.981631 0.583623 0.426376 0.820313 0.423220 0.827716 0.978475
1 0.848838 1.017348 0.715441 0.988199 0.846291 0.389382 0.979688 0.418531
