0 0.125028 0.669387 -0.031950 0.637882 0.000000 0.478684 0.156978 0.510189
0 0.242230 0.554529 -0.013803 0.526773 0.000000 0.399445 0.256034 0.427201
0 0.377112 0.866914 0.321466 0.866914 0.321466 0.342820 0.377112 0.342820
0 0.462154 0.733158 0.419472 0.733158 0.419472 0.296165 0.462154 0.296165
0 0.422516 0.799134 0.375584 0.799134 0.375584 0.322533 0.422516 0.322533
0 0.559483 0.580685 0.531157 0.580685 0.531157 0.240770 0.559483 0.240770
0 0.532705 0.640360 0.496743 0.640360 0.496743 0.257282 0.532705 0.257282
0 0.497733 0.688365 0.459869 0.688365 0.459869 0.273769 0.497733 0.273769
0 0.326274 0.934994 0.261378 0.934994 0.261378 0.367928 0.326274 0.367928
0 0.587108 0.551322 0.559586 0.551322 0.559586 0.233764 0.587108 0.233764
0 0.609547 0.512637 0.587500 0.512391 0.590755 0.220495 0.612802 0.220741
0 0.630557 0.490358 0.612382 0.490215 0.614564 0.213190 0.632739 0.213333
0 0.649294 0.454666 0.630850 0.454648 0.631084 0.209612 0.649528 0.209630
0 0.661523 0.430075 0.642199 0.429157 0.653289 0.195749 0.672613 0.196667
0 0.679968 0.406015 0.663947 0.405703 0.668134 0.190799 0.684155 0.191111
