0 0.804821 0.691735 0.304255 0.191168 0.440764 0.054659 0.941331 0.555226
0 0.667122 0.757091 0.256406 0.346375 0.347429 0.255352 0.758145 0.666068
0 0.581641 0.782979 0.246088 0.447427 0.304425 0.389090 0.639977 0.724643
0 0.503842 0.807304 0.215288 0.518750 0.270395 0.463643 0.558949 0.752197
0 0.442259 0.821870 0.185321 0.564932 0.221781 0.528472 0.478719 0.785410
0 0.398575 0.828125 0.175684 0.605234 0.205515 0.575403 0.428406 0.798294
0 0.368217 0.849509 0.164448 0.645740 0.198206 0.611982 0.401975 0.815751
0 0.333864 0.851192 0.148691 0.666018 0.175139 0.639570 0.360313 0.824743
0 0.309676 0.856274 0.144169 0.690767 0.166131 0.668806 0.331638 0.834313
0 0.287750 0.865826 0.132934 0.711011 0.155439 0.688506 0.310255 0.843321
0 0.270293 0.867509 0.128429 0.725646 0.145308 0.708767 0.287171 0.850630
0 0.257340 0.873697 0.125625 0.741981 0.139699 0.727907 0.271415 0.859623
0 0.250032 0.885527 0.122243 0.757738 0.139121 0.740859 0.266910 0.868648
0 0.816873 0.889777 0.740994 0.813898 0.804583 0.750310 0.880461 0.826188
0 0.749357 0.957292 0.646470 0.854404 0.709498 0.791376 0.812385 0.894264
0 0.702648 1.004001 0.565986 0.867339 0.616639 0.816686 0.753301 0.953348
0 0.667769 1.038881 0.499610 0.870722 0.536173 0.834160 0.704331 1.002318
0 0.632872 1.073777 0.433760 0.874665 0.470339 0.838086 0.669452 1.037198
0 0.622741 1.083908 0.420247 0.881414 0.448379 0.853282 0.650873 1.055776
0 0.570541 1.071108 0.387050 0.887618 0.415199 0.859469 0.598689 1.042960
0 0.521044 1.053090 0.357798 0.889844 0.379181 0.868461 0.542427 1.031708
0 0.485586 1.048025 0.330227 0.892666 0.349350 0.873543 0.504709 1.028902
0 0.376427 1.014268 0.262695 0.900536 0.282378 0.880852 0.396111 0.994584
0 0.400615 1.022716 0.273948 0.896049 0.291948 0.878048 0.418615 1.004715
0 0.421997 1.026081 0.286321 0.890405 0.301518 0.875209 0.437194 1.010885
0 0.447325 1.037912 0.305462 0.896049 0.321779 0.879731 0.463642 1.021595
