0 0.359773 0.812238 0.329702 0.632548 0.717272 0.567689 0.747342 0.747379
0 0.389558 0.597959 0.359483 0.418246 0.747053 0.353387 0.777127 0.533101
0 0.347154 0.388248 0.317080 0.208536 0.704673 0.143675 0.734746 0.323387
0 0.295978 0.159625 0.269267 -0.000000 0.660200 -0.065419 0.686911 0.094207
0 0.289519 0.878606 -0.000000 0.878606 0.000000 0.669495 0.289519 0.669495
0 0.237260 0.605337 -0.000000 0.605337 0.000000 0.424736 0.237260 0.424736
0 0.239615 0.377212 -0.000000 0.377212 0.000000 0.229880 0.239615 0.229880
0 0.222981 0.134832 -0.000000 0.134832 0.000000 0.000000 0.222981 0.000000
0 0.997596 0.885721 0.855072 0.885721 0.855072 0.664735 0.997596 0.664735
0 0.997596 0.624327 0.836058 0.624327 0.836058 0.438990 0.997596 0.438990
0 0.997596 0.393846 0.814664 0.393846 0.814664 0.203750 0.997596 0.203750
0 0.997596 0.172861 0.764784 0.172861 0.764784 0.000000 0.997596 0.000000
