0 0.879329 0.457408 0.835257 0.457408 0.835257 0.204630 0.879329 0.204630
0 0.839455 0.455555 0.792760 0.455555 0.792760 0.204630 0.839455 0.204630
0 0.800105 0.439814 0.755509 0.439814 0.755509 0.200926 0.800105 0.200926
0 0.727702 0.432408 0.683106 0.432408 0.683106 0.193519 0.727702 0.193519
0 0.688353 0.433333 0.643757 0.433333 0.643757 0.194444 0.688353 0.194444
0 0.652675 0.433333 0.611753 0.433333 0.611753 0.190740 0.652675 0.190740
0 0.617000 0.425000 0.578175 0.425000 0.578175 0.196296 0.617000 0.196296
0 0.581846 0.425000 0.543021 0.425000 0.543021 0.196296 0.581846 0.196296
0 0.550367 0.421296 0.511542 0.421296 0.511542 0.192592 0.550367 0.192592
0 0.517313 0.424074 0.478488 0.424074 0.478488 0.195370 0.517313 0.195370
0 0.490032 0.435186 0.450683 0.435186 0.450683 0.195371 0.490032 0.195371
0 0.452781 0.441667 0.414481 0.441667 0.414481 0.193519 0.452781 0.193519
0 0.998111 0.996259 0.676596 0.902758 0.788360 0.518443 1.109875 0.611945
0 0.653935 0.874742 0.448911 0.705864 0.701587 0.399106 0.906611 0.567983
0 0.409382 0.719084 0.308080 0.573911 0.622307 0.354642 0.723610 0.499815
0 0.266107 0.585767 0.222213 0.479752 0.547922 0.344898 0.591815 0.450912
0 0.156514 0.490662 0.132634 0.412381 0.437820 0.319282 0.461700 0.397562
0 0.120324 1.001404 0.084036 0.371673 0.124468 0.369343 0.160756 0.999074
0 0.275534 0.295941 0.274065 0.211734 0.288562 0.211481 0.290031 0.295688
0 0.337041 0.325327 0.320761 0.324944 0.323699 0.199988 0.339979 0.200370
0 0.314376 0.323845 0.296923 0.323621 0.298426 0.206773 0.315879 0.206998
