0 0.140237 0.857039 -0.050772 0.815936 0.001226 0.574301 0.192235 0.615405
0 0.269044 0.667530 -0.020568 0.623073 0.003358 0.467213 0.292970 0.511670
0 0.531567 0.763840 0.488929 0.763840 0.488929 0.284790 0.531567 0.284790
0 0.622824 0.626067 0.590544 0.626067 0.590544 0.222811 0.622824 0.222811
0 0.650424 0.583692 0.622620 0.583692 0.622620 0.212717 0.650424 0.212717
0 0.488481 0.831444 0.437325 0.831444 0.437325 0.334206 0.488481 0.334206
0 0.565726 0.708527 0.528626 0.708527 0.528626 0.271196 0.565726 0.271196
0 0.362260 0.524968 0.103458 0.479733 0.123779 0.363470 0.382581 0.408705
0 0.594629 0.660860 0.563493 0.660860 0.563493 0.245660 0.594629 0.245660
0 0.674321 0.558512 0.649427 0.558512 0.649427 0.201106 0.674321 0.201106
0 0.444157 0.886403 0.386577 0.886403 0.386577 0.354603 0.444157 0.354603
0 0.694933 0.526114 0.673072 0.526114 0.673072 0.188807 0.694933 0.188807
0 0.709651 0.506136 0.689181 0.505687 0.696214 0.185106 0.716684 0.185556
0 0.724944 0.482423 0.706821 0.482105 0.712202 0.175978 0.730325 0.176296
0 0.737893 0.464657 0.720649 0.464129 0.729870 0.162806 0.747114 0.163333
0 0.751504 0.452813 0.737041 0.452467 0.744194 0.153728 0.758657 0.154074
0 0.765558 0.435089 0.750483 0.434633 0.759322 0.142507 0.774397 0.142963
0 0.778577 0.407093 0.760546 0.406527 0.768957 0.138693 0.786989 0.139259
0 0.790516 0.387437 0.774816 0.387262 0.777585 0.139084 0.793284 0.139259
