1 0.814202 0.437533 0.755627 0.346990 0.815268 0.308406 0.873844 0.398948
1 0.036215 0.390674 0.003467 0.354431 0.099891 0.267306 0.132638 0.303549
1 0.124983 0.396728 0.092234 0.360484 0.204584 0.258970 0.237332 0.295214
1 0.196120 0.393577 0.163440 0.359971 0.247004 0.278707 0.279684 0.312313
1 0.302717 0.394834 0.253906 0.360273 0.312956 0.276873 0.361767 0.311434
1 0.430990 0.390695 0.363039 0.365694 0.393577 0.282694 0.461528 0.307695
1 0.496562 0.396370 0.430794 0.396370 0.430794 0.311827 0.496562 0.311827
1 0.607644 0.394713 0.525866 0.394713 0.525866 0.300769 0.607644 0.300769
1 0.669544 0.404111 0.587741 0.404111 0.587741 0.319014 0.669544 0.319014
1 0.742672 0.428873 0.693961 0.328559 0.757881 0.297520 0.806592 0.397835
1 0.897850 0.453814 0.817204 0.357020 0.880034 0.304672 0.960680 0.401466
1 0.951419 0.409366 0.899467 0.357595 0.943941 0.312966 0.995892 0.364736
1 0.002407 0.000954 0.002304 0.000867 0.002359 0.000802 0.002463 0.000889
1 0.002377 0.001339 0.002214 0.001117 0.002380 0.000995 0.002542 0.001218
1 0.844745 0.656693 0.746340 0.463561 0.866433 0.402370 0.964838 0.595502
1 0.737406 0.630136 0.681273 0.438174 0.810478 0.400392 0.866611 0.592354
1 0.611930 0.610570 0.584249 0.423131 0.719681 0.403131 0.747362 0.590570
1 0.587664 0.589217 0.470417 0.575444 0.490197 0.407058 0.607444 0.420831
1 0.461283 0.598006 0.354529 0.574536 0.393981 0.395095 0.500734 0.418566
1 0.290709 0.598084 0.209020 0.551111 0.306214 0.382086 0.387902 0.429058
