1 0.300745 0.504279 0.258293 0.504279 0.258293 0.226394 0.300745 0.226394
1 0.264279 0.479736 0.228462 0.479736 0.228462 0.219111 0.264279 0.219111
1 0.231106 0.467788 0.203269 0.467788 0.203269 0.230385 0.231106 0.230385
1 0.205240 0.457187 0.184688 0.457187 0.184688 0.235024 0.205240 0.235024
1 1.000000 0.750481 0.846611 0.750481 0.846611 0.013630 1.000000 0.013630
1 0.828293 0.678269 0.672428 0.678269 0.672428 0.065192 0.828293 0.065192
1 0.673582 0.624423 0.546370 0.624423 0.546370 0.109880 0.673582 0.109880
1 0.550962 0.561394 0.461587 0.561394 0.461587 0.120192 0.550962 0.120192
1 0.465024 0.538462 0.396250 0.538462 0.396250 0.159159 0.465024 0.159159
1 0.398558 0.510962 0.343558 0.510962 0.343558 0.187812 0.398558 0.187812
1 0.345841 0.505601 0.297428 0.505601 0.297428 0.197885 0.345841 0.197885
1 0.182692 0.462572 0.152861 0.462572 0.152861 0.272837 0.182692 0.272837
1 0.147668 0.457837 0.129255 0.457837 0.129255 0.277788 0.147668 0.277788
1 0.128341 0.453702 0.111755 0.453702 0.111755 0.282837 0.128341 0.282837
1 0.114519 0.446803 0.096563 0.446803 0.096563 0.285601 0.114519 0.285601
1 0.097019 0.440337 0.085505 0.440337 0.085505 0.292981 0.097019 0.292981
1 0.083654 0.433894 0.073990 0.433894 0.073990 0.297115 0.083654 0.297115
1 0.073534 0.431587 0.059712 0.431587 0.059712 0.300793 0.073534 0.300793
1 0.968750 1.000000 0.773486 1.000000 0.773486 0.775144 0.968750 0.775144
1 0.762476 1.000000 0.626346 1.000000 0.626346 0.733870 0.762476 0.733870
1 0.619471 1.000000 0.525962 1.000000 0.525962 0.695385 0.619471 0.695385
1 0.524591 1.000000 0.451707 1.000000 0.451707 0.659615 0.524591 0.659615
1 0.461322 0.959399 0.387067 0.959399 0.387067 0.628005 0.461322 0.628005
1 0.385913 0.899687 0.338966 0.899687 0.338966 0.601274 0.385913 0.601274
1 0.340553 0.847163 0.299976 0.847163 0.299976 0.577404 0.340553 0.577404
1 0.296010 0.806587 0.264952 0.806587 0.264952 0.563870 0.296010 0.563870
1 0.270529 0.771563 0.235529 0.771563 0.235529 0.541587 0.270529 0.541587
1 0.240288 0.743726 0.210048 0.743726 0.210048 0.531226 0.240288 0.531226
1 0.213245 0.712668 0.188558 0.712668 0.188558 0.515313 0.213245 0.515313
1 0.187043 0.696755 0.167091 0.696755 0.167091 0.512139 0.187043 0.512139
1 0.167885 0.672885 0.151154 0.672885 0.151154 0.508966 0.167885 0.508966
1 0.045919 0.290123 0.020382 0.234345 0.040643 0.225069 0.066180 0.280847
