0 0.289062 0.597222 0.075000 0.597222 0.075000 0.097222 0.289062 0.097222
0 0.579687 0.936111 0.182031 0.936111 0.182031 0.126389 0.579687 0.126389
0 0.995312 0.659722 0.803906 0.659722 0.803906 0.102778 0.995312 0.102778
0 0.814063 0.634722 0.665625 0.634722 0.665625 0.090278 0.814063 0.090278
0 0.510938 0.551388 0.353906 0.551388 0.353906 0.090277 0.510938 0.090277
0 0.042187 0.566667 0.000781 0.566667 0.000781 0.138889 0.042187 0.138889
0 0.628906 0.559723 0.500000 0.559723 0.500000 0.120834 0.628906 0.120834
0 0.331251 0.519444 0.288281 0.519444 0.288281 0.111112 0.331251 0.111112
0 0.367969 0.494444 0.325781 0.494444 0.325781 0.094444 0.367969 0.094444
0 0.090624 0.555556 0.037499 0.555556 0.037499 0.119445 0.090624 0.119445
