0 0.131780 0.674682 0.057701 0.674682 0.057701 0.296475 0.131780 0.296475
0 0.769438 0.661344 0.687895 0.661344 0.687895 0.274371 0.769438 0.274371
0 0.706396 0.649489 0.627775 0.649489 0.627775 0.271741 0.706396 0.271741
0 0.071230 0.690983 0.000000 0.690983 0.000000 0.300670 0.071230 0.300670
0 0.970947 0.726549 0.872986 0.726549 0.872986 0.298624 0.970947 0.298624
0 0.574602 0.628743 0.506773 0.628743 0.506773 0.269891 0.574602 0.269891
0 0.191810 0.665791 0.121228 0.665791 0.121228 0.292038 0.191810 0.292038
0 0.307235 0.649489 0.236538 0.649489 0.236538 0.277812 0.307235 0.277812
0 0.361884 0.646526 0.289520 0.646526 0.289520 0.272006 0.361884 0.272006
0 0.250320 0.659863 0.179707 0.659863 0.179707 0.284631 0.250320 0.284631
0 0.635050 0.630224 0.563287 0.630224 0.563287 0.271877 0.635050 0.271877
0 0.471289 0.633188 0.397121 0.633188 0.397121 0.263783 0.471289 0.263783
0 0.999475 0.738746 0.947875 0.738746 0.947875 0.303347 0.999475 0.303347
0 0.522697 0.633188 0.451547 0.633188 0.451547 0.266164 0.522697 0.266164
0 0.418430 0.642080 0.347190 0.642080 0.347190 0.267749 0.418430 0.267749
0 0.820272 0.682092 0.742905 0.682092 0.742905 0.286699 0.820272 0.286699
