1 0.419735 0.862212 0.234111 0.862212 0.234111 0.155144 0.419735 0.155144
1 0.554976 0.788870 0.430049 0.788870 0.430049 0.222764 0.554976 0.222764
1 0.645504 0.755625 0.553823 0.755625 0.553823 0.286947 0.645504 0.286947
1 0.711586 0.714111 0.651106 0.714111 0.651106 0.308245 0.711586 0.308245
1 0.765697 0.691827 0.703629 0.691827 0.703629 0.330529 0.765697 0.330529
1 0.808677 0.663173 0.756153 0.663173 0.756153 0.344856 0.808677 0.344856
1 0.835745 0.649663 0.792764 0.649663 0.792764 0.359976 0.835745 0.359976
1 0.867572 0.635337 0.827765 0.635337 0.827765 0.368726 0.867572 0.368726
1 0.885072 0.616226 0.851658 0.616226 0.851658 0.378293 0.885072 0.378293
1 0.905770 0.610649 0.879495 0.610649 0.879495 0.384639 0.905770 0.384639
1 0.916900 0.605096 0.891442 0.605096 0.891442 0.398966 0.916900 0.398966
1 0.936010 0.596322 0.914519 0.596322 0.914519 0.408534 0.936010 0.408534
1 0.954302 0.599519 0.924063 0.599519 0.924063 0.415697 0.954302 0.415697
1 0.546826 1.000000 0.416467 1.000000 0.416467 0.908726 0.546826 0.908726
1 0.647476 1.000000 0.561659 1.000000 0.561659 0.842716 0.647476 0.842716
1 0.711827 1.000000 0.640890 1.000000 0.640890 0.799808 0.711827 0.799808
1 0.765794 1.000000 0.706900 1.000000 0.706900 0.773870 0.765794 0.773870
1 0.802379 1.000000 0.767379 1.000000 0.767379 0.727716 0.802379 0.727716
1 0.823870 0.987957 0.789663 0.987957 0.789663 0.712596 0.823870 0.712596
1 0.846947 0.944183 0.812741 0.944183 0.812741 0.699063 0.846947 0.699063
1 0.875600 0.905986 0.842188 0.905986 0.842188 0.671226 0.875600 0.671226
1 0.894711 0.875745 0.869230 0.875745 0.869230 0.663269 0.894711 0.663269
1 0.911418 0.836755 0.890721 0.836755 0.890721 0.644159 0.911418 0.644159
1 0.924158 0.816851 0.909832 0.816851 0.909832 0.624255 0.924158 0.624255
1 0.939278 0.800937 0.917789 0.800937 0.917789 0.620288 0.939278 0.620288
1 0.952788 0.778654 0.926538 0.778654 0.926538 0.618702 0.952788 0.618702
