1 0.127019 0.886106 0.100288 0.886106 0.100288 0.662644 0.127019 0.662644
1 0.458582 1.000000 0.351322 1.000000 0.351322 0.842380 0.458582 0.842380
1 0.354063 1.000000 0.288053 1.000000 0.288053 0.794255 0.354063 0.794255
1 0.279808 1.000000 0.237187 1.000000 0.237187 0.768125 0.279808 0.768125
1 0.767308 0.855745 0.581010 0.855745 0.581010 0.153846 0.767308 0.153846
1 0.567644 0.785072 0.451130 0.785072 0.451130 0.211154 0.567644 0.211154
1 0.449231 0.750697 0.358510 0.750697 0.358510 0.288510 0.449231 0.288510
1 0.357548 0.714423 0.278293 0.714423 0.278293 0.311418 0.357548 0.311418
1 0.275409 0.682909 0.234351 0.682909 0.234351 0.333389 0.275409 0.333389
1 0.239135 0.659014 0.198077 0.659014 0.198077 0.337212 0.239135 0.337212
1 0.202837 0.645649 0.161779 0.645649 0.161779 0.352476 0.202837 0.352476
1 0.172788 0.626226 0.135745 0.626226 0.135745 0.368125 0.172788 0.368125
1 0.147909 0.619639 0.113654 0.619639 0.113654 0.380288 0.147909 0.380288
1 0.235793 1.000000 0.186298 1.000000 0.186298 0.725481 0.235793 0.725481
1 0.125793 0.607428 0.094856 0.607428 0.094856 0.388582 0.125793 0.388582
1 0.108125 0.597476 0.080481 0.597476 0.080481 0.391899 0.108125 0.391899
1 0.091538 0.598582 0.068341 0.598582 0.068341 0.406274 0.091538 0.406274
1 0.078822 0.601899 0.048437 0.601899 0.048437 0.418966 0.078822 0.418966
1 0.558966 1.000000 0.453077 1.000000 0.453077 0.898750 0.558966 0.898750
1 0.199591 0.954880 0.148990 0.954880 0.148990 0.703726 0.199591 0.703726
1 0.161394 0.909038 0.123197 0.909038 0.123197 0.676034 0.161394 0.676034
1 0.069712 0.780120 0.050625 0.780120 0.050625 0.617764 0.069712 0.617764
1 0.081178 0.801130 0.061130 0.801130 0.061130 0.622548 0.081178 0.622548
1 0.092644 0.816394 0.070673 0.816394 0.070673 0.634952 0.092644 0.634952
1 0.111731 0.846010 0.088822 0.846010 0.088822 0.645457 0.111731 0.645457
