0 0.738104 0.439702 0.319699 0.386845 0.347088 0.170035 0.765494 0.222892
0 0.761690 0.650606 0.345028 0.583121 0.379968 0.367398 0.796630 0.434884
0 0.698256 0.861837 0.303259 0.797861 0.335109 0.601216 0.730106 0.665193
0 0.646919 1.049556 0.277668 0.989750 0.300028 0.851694 0.669279 0.911500
0 0.275385 0.323366 -0.000000 0.323366 0.000000 0.120409 0.275385 0.120409
0 0.253942 0.584110 -0.000000 0.584110 0.000000 0.389374 0.253942 0.389374
0 0.242380 0.778823 -0.000000 0.778823 0.000000 0.615456 0.242380 0.615456
0 1.000000 0.341538 0.861202 0.341538 0.861202 0.118750 1.000000 0.118750
0 1.000000 0.556058 0.829856 0.556058 0.829856 0.374519 1.000000 0.374519
0 0.999808 0.787068 0.806755 0.787068 0.806755 0.595649 0.999808 0.595649
0 0.232163 0.998438 -0.000000 0.998438 0.000000 0.847140 0.232163 0.847140
0 1.000000 0.998438 0.766803 0.998438 0.766803 0.825842 1.000000 0.825842
