0 0.922009 0.695958 0.865398 0.689820 0.902494 0.347739 0.959104 0.353878
0 0.252651 0.714692 0.184903 0.714692 0.184903 0.345811 0.252651 0.345811
0 0.193499 0.720621 0.125997 0.720621 0.125997 0.351090 0.193499 0.351090
0 0.135202 0.735441 0.062192 0.735441 0.062192 0.353909 0.135202 0.353909
0 0.870857 0.680243 0.812254 0.675254 0.840678 0.341423 0.899281 0.346413
0 0.842077 0.657626 0.775055 0.657626 0.775055 0.341577 0.842077 0.341577
0 0.075062 0.741369 0.000777 0.741369 0.000777 0.353600 0.075062 0.353600
0 0.691217 0.648001 0.631673 0.648001 0.631673 0.338822 0.691217 0.338822
0 0.788933 0.650965 0.721933 0.650965 0.721933 0.342058 0.788933 0.342058
0 0.366243 0.699872 0.298336 0.699872 0.298336 0.341909 0.366243 0.341909
0 0.309243 0.702836 0.241413 0.702836 0.241413 0.343491 0.309243 0.343491
0 0.645572 0.646519 0.586430 0.646519 0.586430 0.339077 0.645572 0.339077
0 0.416770 0.685054 0.351094 0.685054 0.351094 0.340924 0.416770 0.340924
0 0.555378 0.659486 0.496911 0.659486 0.496911 0.340632 0.555378 0.340632
0 0.738725 0.648001 0.680168 0.648001 0.680168 0.341994 0.738725 0.341994
0 0.601749 0.648001 0.540117 0.648001 0.540117 0.339618 0.601749 0.339618
0 0.462560 0.668752 0.399952 0.668752 0.399952 0.342834 0.462560 0.342834
0 0.509450 0.660969 0.443736 0.660969 0.443736 0.340965 0.509450 0.340965
0 0.999475 0.699878 0.939271 0.699878 0.939271 0.354127 0.999475 0.354127
