0 0.736783 0.967545 0.251507 0.967545 0.251507 0.071644 0.736783 0.071644
0 0.956165 0.272586 0.924571 0.272586 0.924571 0.004183 0.956165 0.004183
0 0.929880 0.258117 0.901764 0.258117 0.901764 0.004871 0.929880 0.004871
0 0.882270 0.231737 0.856386 0.231737 0.856386 0.004901 0.882270 0.004901
0 0.985677 0.291510 0.953135 0.291510 0.953135 0.005900 0.985677 0.005900
0 0.820332 0.202431 0.798920 0.202431 0.798920 0.000000 0.820332 0.000000
0 0.859626 0.219714 0.834302 0.219714 0.834302 0.003138 0.859626 0.003138
0 0.999219 0.308675 0.981544 0.308675 0.981544 0.008576 0.999219 0.008576
0 0.905781 0.245708 0.878429 0.245708 0.878429 0.003474 0.905781 0.003474
0 0.803717 0.188556 0.782703 0.188556 0.782703 0.000183 0.803717 0.000183
0 0.838342 0.210817 0.816374 0.210817 0.816374 0.000482 0.838342 0.000482
0 0.787645 0.188372 0.766631 0.188372 0.766631 0.000000 0.787645 0.000000
0 0.768750 0.167957 0.753540 0.167539 0.758150 -0.000417 0.773360 0.000000
0 0.756250 0.167957 0.741040 0.167539 0.745650 -0.000417 0.760860 0.000000
0 0.744643 0.167957 0.729432 0.167540 0.734041 -0.000417 0.749252 -0.000000
0 0.730357 0.148904 0.717712 0.148285 0.725001 -0.000619 0.737645 0.000000
0 0.719643 0.148904 0.706998 0.148285 0.714287 -0.000619 0.726931 0.000000
0 0.708036 0.148904 0.695391 0.148285 0.702679 -0.000619 0.715324 0.000000
0 0.699107 0.148904 0.686462 0.148285 0.693751 -0.000619 0.706396 0.000000
0 0.687129 0.135801 0.614005 0.134545 0.616338 -0.001256 0.689462 0.000000
