0 0.324397 0.908865 0.143371 0.727839 0.261505 0.609704 0.442531 0.790730
0 0.426383 0.876569 0.218161 0.668346 0.373690 0.512817 0.581913 0.721040
0 0.891697 0.639025 0.581488 0.328816 0.795660 0.114644 1.105869 0.424854
0 0.727669 0.815802 0.418309 0.506443 0.587437 0.337315 0.896796 0.646674
0 0.854426 0.248048 0.732786 0.093826 0.760496 0.071970 0.882136 0.226192
0 0.817666 0.240363 0.707794 0.121958 0.727645 0.103537 0.837517 0.221943
0 0.817666 0.240363 0.707794 0.121958 0.727645 0.103537 0.837517 0.221943
0 0.795356 0.258423 0.685485 0.140018 0.705335 0.121598 0.815207 0.240003
0 0.701751 0.207013 0.659040 0.158201 0.676038 0.143328 0.718749 0.192140
0 0.675192 0.229323 0.632481 0.180511 0.649479 0.165638 0.692190 0.214450
