0 0.204806 0.581518 -0.028562 0.523723 0.003778 0.393141 0.237146 0.450936
0 0.075181 0.674019 -0.044021 0.641095 -0.000000 0.481711 0.119203 0.514634
0 0.393296 0.916370 0.329102 0.916370 0.329102 0.366116 0.393296 0.366116
0 0.447718 0.825799 0.392908 0.825799 0.392908 0.348623 0.447718 0.348623
0 0.493777 0.746167 0.448673 0.746167 0.448673 0.328437 0.493777 0.328437
0 0.532609 0.690344 0.491639 0.690344 0.491639 0.307511 0.532609 0.307511
0 0.566541 0.658043 0.534745 0.658043 0.534745 0.285847 0.566541 0.285847
0 0.300519 0.512007 0.091513 0.456892 0.116702 0.361371 0.325708 0.416486
0 0.596594 0.593225 0.565994 0.593181 0.566461 0.274400 0.597062 0.274444
0 0.623505 0.559106 0.598321 0.559106 0.598321 0.261481 0.623505 0.261481
0 0.639916 0.531207 0.618468 0.530949 0.621784 0.255668 0.643232 0.255926
0 0.661149 0.508812 0.636097 0.508719 0.637067 0.244723 0.662120 0.244815
0 0.671502 0.481078 0.654564 0.480563 0.661971 0.236893 0.678909 0.237407
0 0.688332 0.452990 0.670514 0.452406 0.677880 0.227564 0.695698 0.228148
0 0.705456 0.431889 0.688143 0.431660 0.690977 0.216809 0.708290 0.217037
