0 0.091081 0.819626 -0.000000 0.819626 0.000000 0.600706 0.091081 0.600706
0 0.151102 0.687671 -0.042371 0.625497 0.007157 0.471378 0.200630 0.533552
0 0.560666 0.638315 0.530690 0.638315 0.530690 0.261813 0.560666 0.261813
0 0.273371 0.553889 0.011574 0.508763 0.031172 0.395064 0.292970 0.440190
0 0.438093 0.828375 0.392471 0.828375 0.392471 0.340202 0.438093 0.340202
0 0.499490 0.717363 0.468222 0.717363 0.468222 0.300303 0.499490 0.300303
0 0.529142 0.679889 0.496308 0.679889 0.496308 0.279304 0.529142 0.279304
0 0.350585 0.960154 0.296467 0.960154 0.296467 0.390120 0.350585 0.390120
0 0.394927 0.897073 0.343965 0.897073 0.343965 0.365806 0.394927 0.365806
0 0.590187 0.615011 0.561847 0.615011 0.561847 0.253137 0.590187 0.253137
0 0.470968 0.769320 0.434106 0.769320 0.434106 0.311484 0.470968 0.311484
0 0.614810 0.570734 0.588520 0.570734 0.588520 0.248282 0.614810 0.248282
0 0.633332 0.552827 0.612172 0.552435 0.617875 0.244423 0.639035 0.244815
0 0.651747 0.520384 0.632767 0.519822 0.641041 0.240549 0.660021 0.241111
0 0.667512 0.498104 0.652893 0.497590 0.662191 0.233190 0.676810 0.233704
0 0.684379 0.471417 0.670094 0.470930 0.678265 0.231365 0.692550 0.231852
0 0.698624 0.450688 0.686670 0.450173 0.696336 0.225781 0.708290 0.226296
