0 0.708339 0.525152 0.628851 0.228262 1.033637 0.119887 1.113124 0.416778
0 0.697811 0.562672 0.536168 0.519185 0.629408 0.172612 0.791051 0.216099
0 0.552782 0.331859 0.401232 0.180308 0.425236 0.156304 0.576787 0.307854
0 0.572297 0.309009 0.422295 0.159006 0.446695 0.134605 0.596698 0.284608
0 0.595917 0.291206 0.440362 0.135651 0.465269 0.110744 0.620824 0.266299
0 0.540434 0.359142 0.382398 0.201105 0.405144 0.178359 0.563180 0.336396
0 0.523570 0.381207 0.364103 0.221740 0.386029 0.199814 0.545496 0.359281
0 0.529067 0.563667 0.430666 0.524090 0.541831 0.247703 0.640232 0.287280
0 0.402176 0.569060 0.342767 0.532351 0.491427 0.291764 0.550836 0.328473
0 0.740635 0.965811 0.283454 0.526798 0.310194 0.498951 0.767375 0.937964
0 0.642844 0.927378 0.185663 0.488365 0.212403 0.460519 0.669584 0.899532
