0 0.925385 0.067452 0.849111 0.067452 0.849111 0.030962 0.925385 0.030962
0 0.851106 0.056827 0.787452 0.056827 0.787452 0.020361 0.851106 0.020361
0 0.788774 0.050865 0.705216 0.050865 0.705216 0.012404 0.788774 0.012404
0 0.713822 0.032308 0.630264 0.032308 0.630264 0.000000 0.713822 0.000000
0 0.979087 0.062139 0.912115 0.062139 0.912115 0.025000 0.979087 0.025000
0 0.158654 0.271130 -0.000000 0.271130 0.000000 0.191923 0.158654 0.191923
0 0.221290 0.659764 0.020003 0.575977 0.188807 0.170452 0.390093 0.254239
0 0.482280 0.630357 0.288707 0.604529 0.341085 0.211974 0.534658 0.237802
0 0.712837 0.656322 0.484567 0.656322 0.484567 0.258894 0.712837 0.258894
0 0.771829 0.730085 0.641983 0.318267 0.838412 0.256333 0.968258 0.668151
