0 0.747656 0.944444 0.289845 0.944444 0.289845 0.069444 0.747656 0.069444
0 0.060938 0.281944 0.027344 0.281944 0.027344 0.005556 0.060938 0.005556
0 0.088280 0.266667 0.056251 0.266667 0.056251 0.004167 0.088280 0.004167
0 0.155469 0.229167 0.129688 0.229167 0.129688 0.004167 0.155469 0.004167
0 0.032812 0.304167 -0.000781 0.304167 -0.000781 0.005556 0.032812 0.005556
0 0.132812 0.238889 0.106251 0.238889 0.106251 0.002776 0.132812 0.002776
0 0.111719 0.251389 0.083594 0.251389 0.083594 0.005556 0.111719 0.005556
0 0.176563 0.218056 0.151562 0.218056 0.151562 0.002778 0.176563 0.002778
0 0.192969 0.206944 0.170312 0.206944 0.170312 0.001389 0.192969 0.001389
0 0.211720 0.198611 0.189845 0.198611 0.189845 0.001389 0.211720 0.001389
0 0.225781 0.177776 0.203906 0.177776 0.203906 0.001388 0.225781 0.001388
0 0.240626 0.166667 0.220312 0.166667 0.220312 0.001389 0.240626 0.001389
0 0.254911 0.165278 0.234597 0.165278 0.234597 0.000000 0.254911 0.000000
0 0.253902 0.152361 0.250669 -0.000000 0.267979 -0.000367 0.271212 0.151994
0 0.263723 0.152361 0.260490 -0.000000 0.277800 -0.000367 0.281033 0.151994
0 0.275331 0.152361 0.272097 0.000000 0.289407 -0.000367 0.292641 0.151994
0 0.286830 0.147315 0.283704 0.000000 0.301014 -0.000367 0.304141 0.146948
0 0.300253 0.138328 0.292633 -0.000000 0.309749 -0.000943 0.317370 0.137385
0 0.308289 0.138328 0.300669 -0.000000 0.317785 -0.000943 0.325406 0.137385
0 0.316324 0.138328 0.308704 -0.000000 0.325820 -0.000943 0.333441 0.137385
0 0.323467 0.138328 0.315847 -0.000000 0.332963 -0.000943 0.340584 0.137385
0 0.322545 0.131437 0.321988 -0.000000 0.392186 -0.000297 0.392743 0.131140
