0 0.364685 0.723585 0.289033 0.723585 0.289033 0.312620 0.364685 0.312620
0 0.280118 0.733959 0.202613 0.733959 0.202613 0.322848 0.280118 0.322848
0 0.999435 0.765092 0.934402 0.765092 0.934402 0.320194 0.999435 0.320194
0 0.207019 0.749969 0.130616 0.749969 0.130616 0.332827 0.207019 0.332827
0 0.877794 0.734822 0.793208 0.734822 0.793208 0.309829 0.877794 0.309829
0 0.803717 0.717657 0.726039 0.717657 0.726039 0.305512 0.803717 0.305512
0 0.117355 0.797681 0.034994 0.797681 0.034994 0.346397 0.117355 0.346397
0 0.736713 0.710248 0.660805 0.710248 0.660805 0.301171 0.736713 0.301171
0 0.956599 0.768044 0.863727 0.768044 0.863727 0.315780 0.956599 0.315780
0 0.671943 0.704320 0.595519 0.704320 0.595519 0.301800 0.671943 0.301800
0 0.490857 0.714694 0.413803 0.714694 0.413803 0.303494 0.490857 0.303494
0 0.548328 0.702839 0.474652 0.702839 0.474652 0.300963 0.548328 0.300963
0 0.425782 0.723585 0.351544 0.723585 0.351544 0.307522 0.425782 0.307522
0 0.610838 0.701357 0.537019 0.701357 0.537019 0.301967 0.610838 0.301967
0 0.569799 0.394768 0.524234 0.394768 0.524234 0.207991 0.569799 0.207991
