0 0.101106 0.695788 0.019546 0.695788 0.019546 0.315398 0.101106 0.315398
0 0.165086 0.688378 0.085312 0.688378 0.085312 0.313775 0.165086 0.313775
0 0.789970 0.672077 0.721165 0.672077 0.721165 0.310755 0.789970 0.310755
0 0.999475 0.703871 0.958138 0.703871 0.958138 0.318667 0.999475 0.318667
0 0.851771 0.680969 0.779539 0.680969 0.779539 0.314261 0.851771 0.314261
0 0.976959 0.692824 0.897361 0.692824 0.897361 0.320177 0.976959 0.320177
0 0.910997 0.683932 0.836041 0.683932 0.836041 0.316971 0.910997 0.316971
0 0.626369 0.689195 0.563813 0.689195 0.563813 0.316219 0.626369 0.316219
0 0.510695 0.686896 0.447158 0.686896 0.447158 0.313516 0.510695 0.313516
0 0.294886 0.689860 0.219337 0.689860 0.219337 0.311627 0.294886 0.311627
0 0.237267 0.691342 0.157459 0.691342 0.157459 0.312973 0.237267 0.312973
0 0.735902 0.676523 0.663974 0.676523 0.663974 0.310479 0.735902 0.310479
0 0.037123 0.706064 0.000089 0.706064 0.000089 0.317438 0.037123 0.317438
0 0.679660 0.680969 0.613093 0.680969 0.613093 0.312911 0.679660 0.312911
0 0.349506 0.692824 0.276539 0.692824 0.276539 0.310101 0.349506 0.310101
0 0.569231 0.688378 0.506579 0.688378 0.506579 0.314727 0.569231 0.314727
0 0.454033 0.686896 0.386187 0.686896 0.386187 0.312646 0.454033 0.312646
