0 0.278101 0.679878 -0.015708 0.651177 0.000000 0.490379 0.293809 0.519080
0 0.138790 0.848427 -0.042504 0.813575 0.000868 0.587963 0.182162 0.622815
0 0.619945 0.630364 0.590845 0.630364 0.590845 0.233102 0.619945 0.233102
0 0.565101 0.716763 0.526253 0.716763 0.526253 0.280969 0.565101 0.280969
0 0.530271 0.771651 0.485229 0.771651 0.485229 0.293863 0.530271 0.293863
0 0.648036 0.592792 0.619920 0.592792 0.619920 0.211026 0.648036 0.211026
0 0.671922 0.556781 0.646654 0.556781 0.646654 0.203639 0.671922 0.203639
0 0.487592 0.842167 0.433716 0.842167 0.433716 0.331923 0.487592 0.331923
0 0.363654 0.529596 0.103001 0.496570 0.117102 0.385283 0.377754 0.418309
0 0.592722 0.666452 0.561844 0.666452 0.561844 0.252001 0.592722 0.252001
0 0.442444 0.906100 0.385092 0.906100 0.385092 0.355820 0.442444 0.355820
0 0.692630 0.532604 0.670702 0.532604 0.670702 0.193544 0.692630 0.193544
0 0.706343 0.504556 0.687368 0.504178 0.693722 0.185307 0.712697 0.185685
0 0.721556 0.488190 0.705787 0.487957 0.710359 0.177916 0.726128 0.178148
0 0.736486 0.461530 0.718337 0.461134 0.724768 0.166641 0.742917 0.167037
0 0.749166 0.445291 0.734346 0.444961 0.740688 0.159301 0.755509 0.159630
0 0.759930 0.428973 0.745259 0.428543 0.753430 0.149940 0.768101 0.150370
0 0.771091 0.408250 0.759418 0.407966 0.765872 0.142679 0.777545 0.142963
0 0.780133 0.391890 0.768112 0.391516 0.776016 0.137034 0.788038 0.137407
0 0.792081 0.369615 0.779671 0.369280 0.786120 0.129666 0.798531 0.130000
0 0.803919 0.359326 0.793142 0.359044 0.799297 0.124162 0.810073 0.124444
