0 0.462056 0.682661 0.382662 0.682661 0.382662 0.257069 0.462056 0.257069
0 0.674864 0.684490 0.600418 0.684490 0.600418 0.256699 0.674864 0.256699
0 0.747399 0.682880 0.672255 0.682880 0.672255 0.249289 0.747399 0.249289
0 0.304078 0.668832 0.222606 0.668832 0.222606 0.220021 0.304078 0.220021
0 0.609530 0.684946 0.536887 0.684946 0.536887 0.258181 0.609530 0.258181
0 0.822821 0.676310 0.741975 0.676310 0.741975 0.237434 0.822821 0.237434
0 0.898987 0.676612 0.808605 0.676612 0.808605 0.224097 0.898987 0.224097
0 0.213714 0.659977 0.121879 0.659977 0.121879 0.194828 0.213714 0.194828
0 0.392290 0.678874 0.313412 0.678874 0.313412 0.246696 0.392290 0.246696
0 0.543695 0.689754 0.466914 0.689754 0.466914 0.258550 0.543695 0.258550
0 0.985225 0.666760 0.888251 0.666760 0.888251 0.201868 0.985225 0.201868
0 0.138729 0.653846 0.044739 0.653846 0.044739 0.184455 0.138729 0.184455
0 0.999475 0.654953 0.968908 0.654953 0.968908 0.193189 0.999475 0.193189
0 0.161175 0.756477 0.070458 0.751583 0.075551 0.657189 0.166268 0.662083
