0 0.393750 0.998611 0.054688 0.998611 0.054688 0.113889 0.393750 0.113889
0 0.743750 0.998611 0.404688 0.998611 0.404688 0.113889 0.743750 0.113889
0 0.782032 0.998611 0.741407 0.998611 0.741407 0.111112 0.782032 0.111112
0 0.813282 0.998611 0.772657 0.998611 0.772657 0.109722 0.813282 0.109722
0 0.848437 0.998611 0.805468 0.998611 0.805468 0.100000 0.848437 0.100000
0 0.867188 0.998611 0.827344 0.998611 0.827344 0.088889 0.867188 0.088889
0 0.898438 0.995833 0.858594 0.995833 0.858594 0.084724 0.898438 0.084724
0 0.921094 0.973610 0.885938 0.973610 0.885938 0.065278 0.921094 0.065278
0 0.946094 0.965278 0.921094 0.965278 0.921094 0.063889 0.946094 0.063889
0 0.945203 0.932182 0.936592 0.060007 0.961589 0.059760 0.970201 0.931935
0 0.966964 0.903097 0.956168 0.058401 0.979440 0.058104 0.990236 0.902800
