1 0.082780 0.708729 0.069995 0.434583 0.129261 0.431819 0.142045 0.705966
1 0.143259 0.711397 0.124793 0.435830 0.184659 0.431819 0.203125 0.707386
1 0.212860 0.711398 0.194395 0.435830 0.254261 0.431819 0.272727 0.707386
1 0.273026 0.701937 0.247458 0.439153 0.308239 0.433239 0.333806 0.696023
1 0.327990 0.693471 0.319234 0.432220 0.373580 0.430398 0.382336 0.691650
1 0.374865 0.693471 0.366109 0.432220 0.420455 0.430398 0.429211 0.691650
1 0.421740 0.686370 0.412984 0.425117 0.467330 0.423295 0.476086 0.684548
1 0.475720 0.684950 0.466962 0.423697 0.521306 0.421875 0.530064 0.683128
1 0.524015 0.683529 0.515258 0.422276 0.569602 0.420455 0.578359 0.681708
1 0.565209 0.683529 0.556451 0.422276 0.610795 0.420455 0.619553 0.681708
1 0.617765 0.684950 0.609008 0.423697 0.663352 0.421875 0.672109 0.683128
1 0.667479 0.682109 0.658723 0.420856 0.713069 0.419034 0.721825 0.680287
1 0.717195 0.680689 0.708439 0.419436 0.762784 0.417614 0.771541 0.678867
