0 0.000441 0.559014 -0.033626 0.378480 0.088283 0.355475 0.122350 0.536010
0 0.001390 0.621540 -0.019828 0.486983 0.231248 0.447393 0.252466 0.581950
0 0.535776 0.780292 0.507466 0.780292 0.507466 0.403035 0.535776 0.403035
0 0.557188 0.786956 0.532498 0.786679 0.536201 0.455986 0.560891 0.456262
0 0.579224 0.799919 0.558595 0.799626 0.562958 0.493020 0.583587 0.493314
0 0.582425 0.805544 0.581482 0.521202 0.602415 0.521132 0.603358 0.805474
0 0.601784 0.814912 0.599466 0.547906 0.619927 0.547729 0.622246 0.814734
0 0.622531 0.820339 0.621826 0.570094 0.639379 0.570045 0.640084 0.820289
0 0.641402 0.829980 0.635528 0.590957 0.653098 0.590526 0.658972 0.829549
0 0.658953 0.837419 0.652629 0.621993 0.668388 0.621530 0.674711 0.836956
