1 0.530192 0.603533 0.439471 0.603533 0.439471 0.060818 0.530192 0.060818
1 0.441058 0.570120 0.361466 0.570120 0.361466 0.122884 0.441058 0.122884
1 0.353510 0.541467 0.305769 0.541467 0.305769 0.143581 0.353510 0.143581
1 0.306563 0.512020 0.260409 0.512020 0.260409 0.168246 0.306563 0.168246
1 0.262332 0.492332 0.225505 0.492332 0.225505 0.195288 0.262332 0.195288
1 0.232404 0.479448 0.197404 0.479448 0.197404 0.203125 0.232404 0.203125
1 0.203389 0.472548 0.175745 0.472548 0.175745 0.214640 0.203389 0.214640
1 0.177596 0.461947 0.156418 0.461947 0.156418 0.231225 0.177596 0.231225
1 0.163317 0.452789 0.139832 0.452789 0.139832 0.237669 0.163317 0.237669
1 0.149976 0.440336 0.129255 0.440336 0.129255 0.245505 0.149976 0.245505
1 0.129255 0.436611 0.108053 0.436611 0.108053 0.257020 0.129255 0.257020
1 0.112668 0.424687 0.096538 0.424687 0.096538 0.255168 0.112668 0.255168
1 0.105745 0.419158 0.086875 0.419158 0.086875 0.257020 0.105745 0.257020
1 0.217716 0.113004 0.183630 0.113004 0.183630 -0.001563 0.217716 -0.001563
1 0.184087 0.124975 0.157837 0.124975 0.157837 -0.001563 0.184087 -0.001563
1 0.162452 0.148462 0.136659 0.148462 0.136659 0.001972 0.162452 0.001972
1 0.145865 0.177020 0.118245 0.177020 0.118245 0.000121 0.145865 0.000121
1 0.364519 0.948870 0.301899 0.948870 0.301899 0.590072 0.364519 0.590072
1 0.318005 0.894519 0.265505 0.894519 0.265505 0.565192 0.318005 0.565192
1 0.270793 0.835890 0.234327 0.835890 0.234327 0.547427 0.270793 0.547427
1 0.239856 0.789471 0.206154 0.789471 0.206154 0.526419 0.239856 0.526419
1 0.214976 0.756323 0.184038 0.756323 0.184038 0.515913 0.214976 0.515913
1 0.191226 0.723149 0.168005 0.723149 0.168005 0.501562 0.191226 0.501562
1 0.174639 0.693318 0.150337 0.693318 0.150337 0.487187 0.174639 0.487187
1 0.158606 0.664038 0.137067 0.664038 0.137067 0.478341 0.158606 0.478341
1 0.138173 0.644135 0.120481 0.644135 0.120481 0.469495 0.138173 0.469495
1 0.123798 0.624231 0.104447 0.624231 0.104447 0.451803 0.123798 0.451803
1 0.107764 0.602692 0.095072 0.602692 0.095072 0.445192 0.107764 0.445192
1 0.098942 0.578918 0.085120 0.578918 0.085120 0.441323 0.098942 0.441323
1 0.090649 0.561778 0.076827 0.561778 0.076827 0.431370 0.090649 0.431370
1 0.056731 0.228294 0.035409 0.228294 0.035409 0.161658 0.056731 0.161658
