0 0.180996 0.681978 -0.027189 0.645575 0.000000 0.490086 0.208185 0.526490
0 0.094019 0.818429 -0.000000 0.818429 0.000000 0.597889 0.094019 0.597889
0 0.273568 0.550481 -0.000813 0.495362 0.020896 0.387291 0.295278 0.442410
0 0.504353 0.720064 0.471799 0.720064 0.471799 0.297830 0.504353 0.297830
0 0.352581 0.964302 0.299267 0.964302 0.299267 0.389871 0.352581 0.389871
0 0.475000 0.767951 0.439196 0.767951 0.439196 0.317711 0.475000 0.317711
0 0.593519 0.609884 0.565069 0.609884 0.565069 0.251360 0.593519 0.251360
0 0.565079 0.643077 0.533915 0.643077 0.533915 0.261891 0.565079 0.261891
0 0.532426 0.678735 0.500732 0.678735 0.500732 0.281423 0.532426 0.281423
0 0.397931 0.898813 0.347375 0.898813 0.347375 0.369459 0.397931 0.369459
0 0.441073 0.824476 0.395823 0.824476 0.395823 0.337041 0.441073 0.337041
0 0.617693 0.575383 0.591635 0.575383 0.591635 0.248115 0.617693 0.248115
0 0.636705 0.547598 0.616999 0.547237 0.622477 0.248158 0.642183 0.248519
0 0.655131 0.519463 0.637146 0.519080 0.643085 0.240727 0.661070 0.241111
0 0.670540 0.500537 0.652256 0.499815 0.662724 0.234833 0.681007 0.235556
0 0.685585 0.473914 0.666819 0.472813 0.681129 0.228899 0.699895 0.230000
0 0.703547 0.448443 0.688771 0.447778 0.698761 0.225632 0.713536 0.226296
