0 0.300474 0.649489 0.233128 0.649489 0.233128 0.291680 0.300474 0.291680
0 0.955068 0.739887 0.870026 0.739887 0.870026 0.309388 0.955068 0.309388
0 0.583102 0.646526 0.510937 0.646526 0.510937 0.289245 0.583102 0.289245
0 0.517261 0.636152 0.448369 0.636152 0.448369 0.276026 0.517261 0.276026
0 0.357476 0.648007 0.286578 0.648007 0.286578 0.289654 0.357476 0.289654
0 0.459548 0.640598 0.393153 0.640598 0.393153 0.277972 0.459548 0.277972
0 0.847009 0.728031 0.765946 0.722348 0.795651 0.298672 0.876715 0.304356
0 0.124636 0.680281 0.054881 0.680281 0.054881 0.307754 0.124636 0.307754
0 0.067920 0.695429 0.000167 0.695429 0.000167 0.309261 0.067920 0.309261
0 0.812877 0.701384 0.727077 0.701384 0.727077 0.301570 0.812877 0.301570
0 0.999475 0.744311 0.940070 0.744311 0.940070 0.312065 0.999475 0.312065
0 0.407322 0.645043 0.342357 0.645043 0.342357 0.282577 0.407322 0.282577
0 0.243670 0.655417 0.175508 0.655417 0.175508 0.296037 0.243670 0.296037
0 0.186244 0.671718 0.118678 0.671718 0.118678 0.301582 0.186244 0.301582
0 0.643593 0.659188 0.565199 0.659188 0.565199 0.291550 0.643593 0.291550
