0 0.497198 0.661852 0.365978 0.615067 0.478618 0.299139 0.609838 0.345924
0 0.733037 0.608958 0.532528 0.595085 0.556097 0.254444 0.756606 0.268317
0 0.756451 0.574451 0.692845 0.245756 1.008747 0.184626 1.072353 0.513321
0 0.593003 0.315363 0.428371 0.150732 0.454279 0.124825 0.618910 0.289456
0 0.639223 0.270474 0.468851 0.100102 0.501200 0.067753 0.671572 0.238125
0 0.555256 0.359840 0.388034 0.192618 0.411756 0.168896 0.578979 0.336118
0 0.616866 0.295565 0.447337 0.126036 0.475724 0.097649 0.645253 0.267177
0 0.576195 0.340656 0.409155 0.173616 0.433340 0.149431 0.600380 0.316472
0 0.536041 0.379712 0.370331 0.214002 0.392725 0.191608 0.558435 0.357318
0 0.728359 0.175297 0.562946 0.009884 0.598490 -0.025659 0.763903 0.139754
0 0.521670 0.416024 0.344953 0.239307 0.371872 0.212388 0.548589 0.389105
0 0.362708 0.649640 0.276910 0.601569 0.418443 0.348961 0.504240 0.397032
0 0.262615 0.630274 0.214375 0.592430 0.374600 0.388194 0.422840 0.426039
