0 0.420312 0.231771 0.268750 0.231771 0.268750 0.001215 0.420312 0.001215
0 0.461667 0.249660 0.428333 0.249660 0.428333 0.001215 0.461667 0.001215
0 0.483333 0.249660 0.450002 0.249431 0.451669 0.006914 0.485000 0.007143
0 0.504167 0.255588 0.470836 0.255359 0.472502 0.012842 0.505833 0.013071
0 0.537500 0.255588 0.508320 0.255264 0.510833 0.028851 0.540013 0.029175
0 0.557500 0.260032 0.533302 0.259750 0.535833 0.042190 0.560031 0.042472
0 0.574167 0.265960 0.549969 0.265678 0.552500 0.048118 0.576698 0.048400
0 0.592500 0.276335 0.568302 0.276053 0.570833 0.058490 0.595031 0.058772
0 0.604167 0.277815 0.585597 0.277293 0.591430 0.069824 0.610000 0.070346
0 0.616667 0.285226 0.598097 0.284704 0.603930 0.077235 0.622500 0.077757
0 0.630000 0.276335 0.611709 0.275444 0.620876 0.087238 0.639167 0.088129
0 0.643333 0.288190 0.625043 0.287299 0.634211 0.099094 0.652500 0.099985
0 0.654167 0.294118 0.641561 0.293564 0.650000 0.101468 0.662606 0.102022
0 0.665833 0.300046 0.653227 0.299492 0.661667 0.107396 0.674273 0.107950
