0 0.560532 0.455410 0.523888 0.455410 0.523888 0.207556 0.560532 0.207556
0 0.724030 0.444152 0.684920 0.444152 0.684920 0.214787 0.724030 0.214787
0 0.590321 0.448953 0.554149 0.448953 0.554149 0.211149 0.590321 0.211149
0 0.658039 0.443993 0.620831 0.443993 0.620831 0.211863 0.658039 0.211863
0 0.797429 0.449780 0.755431 0.449780 0.755431 0.216254 0.797429 0.216254
0 0.760415 0.445592 0.719335 0.445592 0.719335 0.217516 0.760415 0.217516
0 0.528896 0.453644 0.492250 0.453644 0.492250 0.205198 0.528896 0.205198
0 0.690624 0.445556 0.652262 0.445556 0.652262 0.214814 0.690624 0.214814
0 0.624839 0.447028 0.587871 0.447028 0.587871 0.213429 0.624839 0.213429
0 0.836289 0.453166 0.792437 0.453166 0.792437 0.215541 0.836289 0.215541
0 0.498972 0.457704 0.460108 0.457704 0.460108 0.203140 0.498972 0.203140
0 0.990278 1.022747 0.668206 0.922163 0.792523 0.524098 1.114595 0.624683
0 0.638825 0.889561 0.452435 0.740474 0.708469 0.420379 0.894859 0.569466
0 0.392072 0.712885 0.303882 0.570947 0.625347 0.371215 0.713536 0.513153
0 0.232529 0.584284 0.194329 0.472998 0.526753 0.358890 0.564953 0.470177
0 0.166212 0.480550 0.151070 0.407328 0.444879 0.346569 0.460021 0.419791
0 0.124008 0.415750 0.117851 0.361168 0.384189 0.331125 0.390346 0.385707
0 0.346691 0.328835 0.345852 0.239401 0.360965 0.239259 0.361805 0.328694
0 0.412172 0.352405 0.392963 0.351928 0.396320 0.216561 0.415530 0.217037
0 0.386149 0.344995 0.367311 0.344652 0.369409 0.229656 0.388248 0.230000
