0 0.997272 0.999074 0.863200 0.998429 0.865477 0.525007 0.999550 0.525653
0 0.860441 0.997742 0.520270 0.990062 0.531063 0.511974 0.871234 0.519654
0 0.482686 0.947356 0.220398 0.852698 0.375697 0.422379 0.637985 0.517037
0 0.147744 0.889561 0.008300 0.766375 0.338205 0.392929 0.477650 0.516116
0 -0.000000 0.751742 -0.061706 0.672113 0.261484 0.421668 0.323190 0.501297
0 0.000000 0.596140 -0.046230 0.527853 0.126698 0.410782 0.172928 0.479069
0 0.554040 0.410900 0.529338 0.410654 0.531437 0.200124 0.556139 0.200370
0 0.519622 0.412382 0.494921 0.412135 0.497019 0.201606 0.521721 0.201852
0 0.737880 0.390153 0.713179 0.389907 0.715278 0.179377 0.739979 0.179623
0 0.706821 0.393117 0.682119 0.392870 0.684218 0.182341 0.708919 0.182587
0 0.396255 0.426163 0.392478 0.205260 0.418468 0.204816 0.422246 0.425718
0 0.360159 0.430609 0.356381 0.209707 0.382371 0.209262 0.386149 0.430165
0 0.326581 0.436537 0.322803 0.215634 0.348793 0.215190 0.352571 0.436093
0 0.290013 0.442516 0.286235 0.221613 0.315215 0.221118 0.318993 0.442020
0 0.258342 0.463881 0.247792 0.228373 0.277440 0.227045 0.287990 0.462553
0 0.223302 0.468282 0.211340 0.225519 0.240504 0.224081 0.252466 0.466845
0 0.190478 0.490651 0.174607 0.234551 0.203554 0.232757 0.219425 0.488857
0 0.151023 0.496579 0.135152 0.240479 0.164100 0.238685 0.179971 0.494785
