0 0.537889 0.046354 0.521235 0.018193 0.610248 -0.034449 0.626902 -0.006288
0 -0.000570 0.607596 -0.023558 0.594001 0.021449 0.517900 0.044437 0.531495
0 0.043283 0.558846 0.022067 0.547801 0.054834 0.484857 0.076050 0.495901
0 0.084241 0.515009 0.065267 0.506442 0.091352 0.448668 0.110326 0.457235
0 0.123065 0.479618 0.102589 0.471262 0.126076 0.413706 0.146553 0.422062
0 0.161193 0.440899 0.139112 0.430461 0.163521 0.378824 0.185602 0.389261
0 0.214018 0.398632 0.184264 0.395190 0.189820 0.347168 0.219574 0.350610
0 0.235465 0.364427 0.212348 0.341310 0.239374 0.314283 0.262491 0.337400
0 0.265738 0.334799 0.242944 0.312005 0.273880 0.281069 0.296674 0.303864
0 0.299937 0.299954 0.275512 0.275528 0.312312 0.238728 0.336737 0.263154
0 0.341938 0.261862 0.315881 0.235805 0.347803 0.203882 0.373860 0.229940
0 0.376478 0.225385 0.352698 0.201605 0.388189 0.166113 0.411969 0.189893
0 0.436378 0.175242 0.411629 0.150493 0.456248 0.105874 0.480997 0.130622
0 0.479688 0.139750 0.448752 0.108815 0.490771 0.066796 0.521707 0.097732
0 0.521044 0.095131 0.493372 0.067459 0.548410 0.012420 0.576082 0.040092
0 0.008561 0.544177 -0.003099 0.532517 0.028653 0.500765 0.040313 0.512425
0 0.213725 0.333066 0.199600 0.318940 0.227000 0.291540 0.241125 0.305665
0 0.253074 0.307280 0.231351 0.285557 0.262015 0.254893 0.283738 0.276616
0 0.283194 0.272808 0.266910 0.256524 0.290792 0.232642 0.307076 0.248926
0 0.307059 0.244592 0.290503 0.228037 0.315473 0.203067 0.332029 0.219622
0 0.333932 0.216631 0.320096 0.202795 0.345322 0.177570 0.359157 0.191406
0 0.362149 0.188959 0.346681 0.173491 0.364869 0.155303 0.380337 0.170771
0 0.167491 0.370257 0.155762 0.358529 0.191865 0.322425 0.203594 0.334154
0 0.144510 0.399799 0.128566 0.383855 0.154351 0.358070 0.170295 0.374014
0 0.113557 0.428882 0.100893 0.416219 0.126678 0.390433 0.139342 0.403097
0 0.089641 0.458407 0.073697 0.442463 0.095267 0.420893 0.111211 0.436837
0 0.065249 0.480929 0.047911 0.463592 0.064790 0.446712 0.082128 0.464050
0 0.031015 0.515163 0.015072 0.499219 0.042744 0.471546 0.058688 0.487490
0 0.418360 0.131591 0.403810 0.117041 0.432417 0.088433 0.446967 0.102984
0 0.393034 0.171910 0.370529 0.149405 0.393034 0.126899 0.415539 0.149405
0 0.453529 0.101115 0.438520 0.086106 0.466192 0.058433 0.481201 0.073442
