0 0.141868 0.692465 -0.042805 0.636801 0.005884 0.475271 0.190556 0.530935
0 0.266316 0.557449 -0.002630 0.514422 0.015419 0.401604 0.284365 0.444631
0 0.387566 0.899830 0.334624 0.899830 0.334624 0.362073 0.387566 0.362073
0 0.428933 0.827164 0.385813 0.827164 0.385813 0.333850 0.428933 0.333850
0 0.519461 0.679001 0.489899 0.679001 0.489899 0.280351 0.519461 0.280351
0 0.463541 0.769580 0.424595 0.769580 0.424595 0.320058 0.463541 0.320058
0 0.341685 0.966400 0.284011 0.966400 0.284011 0.390632 0.341685 0.390632
0 0.581758 0.608734 0.552672 0.608734 0.552672 0.250494 0.581758 0.250494
0 0.552907 0.647151 0.522133 0.647151 0.522133 0.257909 0.552907 0.257909
0 0.492893 0.727148 0.458987 0.727148 0.458987 0.297049 0.492893 0.297049
0 0.078069 0.843908 0.000068 0.843908 0.000068 0.602085 0.078069 0.602085
0 0.606719 0.575206 0.579827 0.575206 0.579827 0.246328 0.606719 0.246328
0 0.624891 0.544820 0.605210 0.544275 0.613478 0.245870 0.633159 0.246415
0 0.641419 0.522559 0.625133 0.521976 0.635340 0.236824 0.651626 0.237407
0 0.660040 0.494530 0.641908 0.493879 0.651333 0.231201 0.669465 0.231852
0 0.677651 0.473728 0.660861 0.473149 0.669464 0.223865 0.686254 0.224444
0 0.690276 0.450262 0.673612 0.449404 0.685330 0.221735 0.701994 0.222593
