0 0.664843 0.894444 0.234374 0.894444 0.234374 0.065276 0.664843 0.065276
0 0.999219 0.319444 0.974219 0.319444 0.974219 0.001389 0.999219 0.001389
0 0.979688 0.302778 0.942188 0.302778 0.942188 0.005556 0.979688 0.005556
0 0.949219 0.283333 0.914063 0.283333 0.914063 0.001389 0.949219 0.001389
0 0.919532 0.269444 0.886718 0.269444 0.886718 0.001389 0.919532 0.001389
0 0.893750 0.254167 0.864844 0.254167 0.864844 0.001389 0.893750 0.001389
0 0.868750 0.244444 0.840626 0.244444 0.840626 0.004167 0.868750 0.004167
0 0.847656 0.231944 0.818750 0.231944 0.818750 0.004167 0.847656 0.004167
0 0.824218 0.218056 0.799999 0.218056 0.799999 0.005556 0.824218 0.005556
0 0.805469 0.211110 0.781250 0.211110 0.781250 0.002778 0.805469 0.002778
0 0.786719 0.200000 0.764844 0.200000 0.764844 0.002778 0.786719 0.002778
0 0.771094 0.191667 0.748438 0.191667 0.748438 0.005556 0.771094 0.005556
0 0.753907 0.183333 0.734376 0.183333 0.734376 0.004167 0.753907 0.004167
0 0.739062 0.173611 0.719531 0.173611 0.719531 0.001389 0.739062 0.001389
0 0.725000 0.165278 0.706250 0.165278 0.706250 0.005556 0.725000 0.005556
0 0.712500 0.155556 0.693750 0.155556 0.693750 0.002778 0.712500 0.002778
0 0.700000 0.155556 0.683594 0.155556 0.683594 0.002778 0.700000 0.002778
0 0.635157 0.129167 0.573437 0.129167 0.573437 0.001389 0.635157 0.001389
0 0.684821 0.147315 0.671398 0.146990 0.674970 -0.000325 0.688393 0.000000
0 0.674107 0.147315 0.660683 0.146990 0.664255 -0.000325 0.677678 0.000000
0 0.665178 0.147315 0.651755 0.146990 0.655327 -0.000325 0.668750 0.000000
0 0.658036 0.147315 0.644612 0.146990 0.648184 -0.000325 0.661607 0.000000
0 0.650000 0.147315 0.636577 0.146990 0.640148 -0.000325 0.653571 0.000000
