0 0.138809 0.661717 0.060891 0.661717 0.060891 0.302995 0.138809 0.302995
0 0.752161 0.642527 0.722734 0.341304 0.777335 0.335970 0.806761 0.637193
0 0.000053 0.669798 -0.016891 0.298888 0.055404 0.295586 0.072348 0.666495
0 0.801679 0.638282 0.774419 0.318136 0.829702 0.313429 0.856963 0.633574
0 0.193463 0.659303 0.123677 0.659303 0.123677 0.313369 0.193463 0.313369
0 0.863327 0.627706 0.824560 0.309855 0.877497 0.303398 0.916265 0.621250
0 0.701784 0.644210 0.687766 0.348400 0.740404 0.345905 0.754422 0.641715
0 0.662592 0.650270 0.605362 0.650270 0.605362 0.352271 0.662592 0.352271
0 0.656858 0.649933 0.636272 0.358919 0.688353 0.355235 0.708939 0.646249
0 0.919493 0.622892 0.880607 0.289382 0.933358 0.283232 0.972244 0.616741
0 0.617227 0.647322 0.563150 0.647322 0.563150 0.355235 0.617227 0.355235
0 0.297047 0.660007 0.233062 0.660007 0.233062 0.325224 0.297047 0.325224
0 0.347191 0.656840 0.285945 0.656840 0.285945 0.331152 0.347191 0.331152
0 0.246740 0.657828 0.179511 0.657828 0.179511 0.316333 0.246740 0.316333
0 0.397542 0.658396 0.337886 0.658396 0.337886 0.334115 0.397542 0.334115
0 0.443459 0.656366 0.383262 0.656366 0.383262 0.343007 0.443459 0.343007
0 0.533364 0.656081 0.473068 0.656081 0.473068 0.346343 0.533364 0.346343
0 0.575859 0.648883 0.520906 0.648883 0.520906 0.350789 0.575859 0.350789
0 0.485762 0.658632 0.432548 0.658632 0.432548 0.345971 0.485762 0.345971
0 0.999475 0.614326 0.953767 0.614326 0.953767 0.274752 0.999475 0.274752
