1 0.764327 0.862212 0.578702 0.862212 0.578702 0.155144 0.764327 0.155144
1 0.568389 0.788870 0.443462 0.788870 0.443462 0.222764 0.568389 0.222764
1 0.444615 0.755625 0.352933 0.755625 0.352933 0.286947 0.444615 0.286947
1 0.347332 0.714111 0.286851 0.714111 0.286851 0.308245 0.347332 0.308245
1 0.294808 0.691827 0.232740 0.691827 0.232740 0.330529 0.294808 0.330529
1 0.242284 0.663173 0.189760 0.663173 0.189760 0.344856 0.242284 0.344856
1 0.205673 0.649663 0.162692 0.649663 0.162692 0.359976 0.205673 0.359976
1 0.170673 0.635337 0.130865 0.635337 0.130865 0.368726 0.170673 0.368726
1 0.146779 0.616226 0.113365 0.616226 0.113365 0.378293 0.146779 0.378293
1 0.118942 0.610649 0.092668 0.610649 0.092668 0.384639 0.118942 0.384639
1 0.106995 0.605096 0.081538 0.605096 0.081538 0.398966 0.106995 0.398966
1 0.083918 0.596322 0.062428 0.596322 0.062428 0.408534 0.083918 0.408534
1 0.074375 0.599519 0.044135 0.599519 0.044135 0.415697 0.074375 0.415697
1 0.581971 1.000000 0.451611 1.000000 0.451611 0.908726 0.581971 0.908726
1 0.436779 1.000000 0.350962 1.000000 0.350962 0.842716 0.436779 0.842716
1 0.357548 1.000000 0.286611 1.000000 0.286611 0.799808 0.357548 0.799808
1 0.291538 1.000000 0.232644 1.000000 0.232644 0.773870 0.291538 0.773870
1 0.231058 1.000000 0.196058 1.000000 0.196058 0.727716 0.231058 0.727716
1 0.208774 0.987957 0.174567 0.987957 0.174567 0.712596 0.208774 0.712596
1 0.185697 0.944183 0.151490 0.944183 0.151490 0.699063 0.185697 0.699063
1 0.156250 0.905986 0.122837 0.905986 0.122837 0.671226 0.156250 0.671226
1 0.129207 0.875745 0.103726 0.875745 0.103726 0.663269 0.129207 0.663269
1 0.107716 0.836755 0.087019 0.836755 0.087019 0.644159 0.107716 0.644159
1 0.088606 0.816851 0.074279 0.816851 0.074279 0.624255 0.088606 0.624255
1 0.080649 0.800937 0.059159 0.800937 0.059159 0.620288 0.080649 0.620288
1 0.071899 0.778654 0.045649 0.778654 0.045649 0.618702 0.071899 0.618702
