0 0.664843 0.894444 0.234374 0.894444 0.234374 0.065276 0.664843 0.065276
0 0.999219 0.331944 0.960938 0.331944 0.960938 0.001389 0.999219 0.001389
0 0.965625 0.298611 0.928125 0.298611 0.928125 0.001389 0.965625 0.001389
0 0.935937 0.283333 0.900781 0.283333 0.900781 0.001389 0.935937 0.001389
0 0.907032 0.269444 0.874218 0.269444 0.874218 0.001389 0.907032 0.001389
0 0.883594 0.252776 0.854688 0.252776 0.854688 0.001389 0.883594 0.001389
0 0.862499 0.241667 0.834375 0.241667 0.834375 0.001389 0.862499 0.001389
0 0.842187 0.229167 0.813281 0.229167 0.813281 0.001389 0.842187 0.001389
0 0.821094 0.212500 0.796875 0.212500 0.796875 0.001388 0.821094 0.001388
0 0.801562 0.208333 0.777343 0.208333 0.777343 0.001389 0.801562 0.001389
0 0.784376 0.198611 0.762501 0.198611 0.762501 0.001389 0.784376 0.001389
0 0.767187 0.187499 0.744531 0.187499 0.744531 0.001388 0.767187 0.001388
0 0.751563 0.180556 0.732032 0.180556 0.732032 0.001388 0.751563 0.001388
0 0.738282 0.173611 0.718751 0.173611 0.718751 0.001389 0.738282 0.001389
0 0.726562 0.161111 0.707812 0.161111 0.707812 0.001389 0.726562 0.001389
0 0.713281 0.155556 0.694531 0.155556 0.694531 0.002778 0.713281 0.002778
0 0.698990 0.147661 0.682593 0.147285 0.685947 0.001013 0.702344 0.001389
0 0.635157 0.129167 0.573437 0.129167 0.573437 0.001389 0.635157 0.001389
0 0.690062 0.146272 0.673664 0.145896 0.677018 -0.000376 0.693416 0.000000
0 0.690062 0.146272 0.673664 0.145896 0.677018 -0.000376 0.693416 0.000000
0 0.680240 0.146272 0.663843 0.145896 0.667197 -0.000376 0.683594 0.000000
0 0.670419 0.146272 0.654021 0.145896 0.657375 -0.000376 0.673773 0.000000
0 0.663276 0.146272 0.646878 0.145896 0.650232 -0.000376 0.666630 -0.000000
