0 0.454378 0.639116 0.379379 0.639116 0.379379 0.266429 0.454378 0.266429
0 0.231389 0.665791 0.156620 0.665791 0.156620 0.290626 0.231389 0.290626
0 0.291540 0.658381 0.215746 0.658381 0.215746 0.285952 0.291540 0.285952
0 0.808615 0.670236 0.725266 0.670236 0.725266 0.277167 0.808615 0.277167
0 0.999475 0.739887 0.916879 0.739887 0.916879 0.295616 0.999475 0.295616
0 0.507950 0.639116 0.432656 0.639116 0.432656 0.260673 0.507950 0.260673
0 0.170602 0.682092 0.096612 0.682092 0.096612 0.302565 0.170602 0.302565
0 0.875835 0.692465 0.781529 0.692465 0.781529 0.282645 0.875835 0.282645
0 0.743520 0.658274 0.664994 0.658274 0.664994 0.277270 0.743520 0.277270
0 0.560780 0.634670 0.486112 0.634670 0.486112 0.266808 0.560780 0.266808
0 0.671960 0.646526 0.597624 0.646526 0.597624 0.270874 0.671960 0.270874
0 0.400761 0.645043 0.323658 0.645043 0.323658 0.276082 0.400761 0.276082
0 0.111575 0.695429 0.037773 0.695429 0.037773 0.308377 0.111575 0.308377
0 0.052113 0.698393 0.000222 0.698393 0.000222 0.309408 0.052113 0.309408
0 0.594963 0.633188 0.519723 0.628812 0.540802 0.266424 0.616042 0.270800
0 0.333263 0.649489 0.261904 0.647241 0.273407 0.282066 0.344766 0.284314
