0 0.558764 0.641567 0.422163 0.503751 0.438293 0.487764 0.574894 0.625579
0 0.296761 0.751231 0.199207 0.653677 0.209594 0.643289 0.307148 0.740844
0 0.286373 0.761619 0.188818 0.664065 0.199206 0.653677 0.296760 0.751232
0 0.279041 0.767643 0.181487 0.670088 0.191874 0.659701 0.289428 0.757256
0 0.270421 0.777571 0.172866 0.680017 0.183254 0.669629 0.280808 0.767184
0 0.576887 0.627636 0.440285 0.489820 0.456415 0.473833 0.593017 0.611648
0 0.601715 0.613288 0.465113 0.475471 0.481243 0.459483 0.617845 0.597300
0 0.619625 0.595518 0.482953 0.457631 0.499050 0.441676 0.635722 0.579563
0 0.643998 0.579528 0.507326 0.441641 0.523424 0.425686 0.660096 0.563573
0 0.671969 0.568323 0.527967 0.423107 0.542869 0.408330 0.686871 0.553546
0 0.536765 0.655183 0.400164 0.517367 0.416294 0.501379 0.552895 0.639195
0 0.817148 0.405191 0.688727 0.274259 0.750636 0.213537 0.879057 0.344469
