0 0.690989 0.917391 0.245315 0.917391 0.245315 0.063683 0.690989 0.063683
0 0.981821 0.292474 0.947897 0.292474 0.947897 0.004513 0.981821 0.004513
0 0.952141 0.274714 0.920287 0.274714 0.920287 0.004964 0.952141 0.004964
0 0.925324 0.259817 0.894153 0.259817 0.894153 0.006210 0.925324 0.006210
0 0.874602 0.231057 0.848712 0.231057 0.848712 0.005292 0.874602 0.005292
0 0.898723 0.244376 0.870289 0.244376 0.870289 0.005931 0.898723 0.005931
0 0.999219 0.307122 0.977884 0.307122 0.977884 0.004401 0.999219 0.004401
0 0.854294 0.220493 0.830018 0.220493 0.830018 0.003643 0.854294 0.003643
0 0.832971 0.210579 0.809129 0.210579 0.809129 0.001307 0.832971 0.001307
0 0.778176 0.181444 0.757920 0.181444 0.757920 0.000367 0.778176 0.000367
0 0.814053 0.199751 0.792611 0.199751 0.792611 0.000208 0.814053 0.000208
0 0.795446 0.188524 0.773854 0.188524 0.773854 0.000044 0.795446 0.000044
0 0.759816 0.169795 0.744168 0.169502 0.747350 -0.000293 0.762998 0.000000
0 0.746424 0.169795 0.730777 0.169502 0.733958 -0.000293 0.749605 -0.000000
0 0.733924 0.169795 0.718277 0.169502 0.721458 -0.000293 0.737105 -0.000000
0 0.718572 0.147682 0.702958 0.147139 0.708098 -0.000543 0.723712 0.000000
0 0.707857 0.147682 0.692243 0.147139 0.697383 -0.000543 0.712998 0.000000
0 0.697143 0.147682 0.681529 0.147139 0.686669 -0.000543 0.702283 0.000000
0 0.687322 0.147682 0.671708 0.147139 0.676848 -0.000543 0.692462 0.000000
0 0.680179 0.147682 0.664565 0.147139 0.669705 -0.000543 0.685319 0.000000
0 0.672143 0.147682 0.656528 0.147138 0.661669 -0.000544 0.677284 -0.000000
0 0.665989 0.133026 0.595536 0.133026 0.595536 0.000000 0.665989 0.000000
