0 0.235580 0.714463 -0.029160 0.409354 0.158669 0.246377 0.423409 0.551487
0 0.728094 0.778832 0.224110 0.274848 0.554716 -0.055758 1.058700 0.448225
0 0.059792 0.692369 -0.118685 0.467149 0.000377 0.372798 0.178854 0.598018
0 -0.032357 0.677996 -0.187574 0.494124 -0.095348 0.416270 0.059869 0.600143
0 -0.059187 0.647548 -0.187541 0.508032 -0.141788 0.465939 -0.013434 0.605455
0 0.731765 0.156638 0.466175 -0.104702 0.530495 -0.170068 0.796085 0.091273
0 0.443203 0.278422 0.240292 0.096759 0.276591 0.056215 0.479501 0.237878
0 0.397521 0.311355 0.194611 0.129692 0.230909 0.089148 0.433820 0.270811
0 0.355610 0.329326 0.159073 0.162536 0.191602 0.124206 0.388138 0.290996
0 0.317296 0.348219 0.131383 0.189927 0.162918 0.152889 0.348831 0.311181
0 0.273439 0.364008 0.102399 0.207841 0.133172 0.174137 0.304212 0.330303
0 0.465747 0.039398 0.386402 -0.042998 0.444443 -0.098890 0.523789 -0.016493
0 0.387509 0.094747 0.316331 0.021444 0.364766 -0.025587 0.435945 0.047716
0 0.363631 0.117616 0.285017 0.070872 0.309524 0.029656 0.388138 0.076399
