0 0.205829 0.561899 0.011567 0.552561 0.026891 0.233751 0.221154 0.243089
0 0.291466 0.561899 0.210619 0.554407 0.239465 0.243109 0.320313 0.250601
0 0.423678 0.557392 0.337542 0.552296 0.355872 0.242500 0.442007 0.247596
0 0.545373 0.554387 0.459237 0.549291 0.477566 0.239495 0.563702 0.244591
0 0.635517 0.551382 0.549381 0.546286 0.567711 0.236490 0.653846 0.241587
0 0.718149 0.561899 0.632014 0.556803 0.650343 0.247007 0.736478 0.252103
0 0.809796 0.533353 0.748667 0.525864 0.782020 0.253629 0.843149 0.261118
0 0.865384 0.536358 0.804256 0.528869 0.837609 0.256633 0.898738 0.264123
0 0.946514 0.539363 0.885386 0.531874 0.918739 0.259638 0.979868 0.267127
0 0.966647 0.539363 0.905518 0.531874 0.938871 0.259638 1.000000 0.267127
