0 0.865477 0.473430 0.863200 0.000009 0.997272 -0.000637 0.999550 0.472785
0 0.531063 0.486463 0.520270 0.008376 0.860441 0.000696 0.871234 0.478784
0 0.375697 0.576058 0.220398 0.145740 0.482686 0.051082 0.637985 0.481400
0 0.338205 0.605508 0.008300 0.232063 0.147744 0.108876 0.477650 0.482322
0 0.261484 0.576769 -0.061706 0.326325 0.000000 0.246696 0.323190 0.497140
0 0.126698 0.587656 -0.046230 0.470584 0.000000 0.402298 0.172928 0.519369
0 0.531437 0.798313 0.529338 0.587784 0.554040 0.587537 0.556139 0.798067
0 0.497019 0.796832 0.494921 0.586302 0.519622 0.586056 0.521721 0.796586
0 0.715278 0.819061 0.713179 0.608531 0.737880 0.608285 0.739979 0.818814
0 0.684218 0.816097 0.682119 0.605567 0.706821 0.605321 0.708919 0.815851
0 0.418468 0.793622 0.392478 0.793177 0.396255 0.572275 0.422246 0.572719
0 0.382371 0.789176 0.356381 0.788731 0.360159 0.567828 0.386149 0.568273
0 0.348793 0.783248 0.322803 0.782803 0.326581 0.561900 0.352571 0.562345
0 0.315215 0.777320 0.286235 0.776824 0.290013 0.555922 0.318993 0.556417
0 0.277440 0.771392 0.247792 0.770064 0.258342 0.534556 0.287990 0.535884
0 0.240504 0.774356 0.211340 0.772919 0.223302 0.530155 0.252466 0.531592
0 0.203554 0.765680 0.174607 0.763887 0.190478 0.507786 0.219425 0.509580
0 0.164100 0.759753 0.135152 0.757959 0.151023 0.501858 0.179971 0.503652
