0 0.402099 0.628558 0.361424 0.628558 0.361424 0.333796 0.402099 0.333796
0 0.625934 0.602768 0.594099 0.601330 0.605312 0.353149 0.637146 0.354587
0 0.999475 0.802950 0.946624 0.802950 0.946624 0.400132 0.999475 0.400132
0 0.867212 0.714924 0.787054 0.714924 0.787054 0.388997 0.867212 0.388997
0 0.664833 0.596622 0.635852 0.595721 0.643422 0.352204 0.672403 0.353105
0 0.590045 0.602053 0.556545 0.601018 0.564191 0.353552 0.597691 0.354587
0 0.555628 0.609463 0.522127 0.608428 0.529773 0.360961 0.563274 0.361996
0 0.355089 0.630040 0.314415 0.630040 0.314415 0.335278 0.355089 0.335278
0 0.312277 0.631521 0.271603 0.631521 0.271603 0.336760 0.312277 0.336760
0 0.264428 0.633004 0.223754 0.633004 0.223754 0.338242 0.264428 0.338242
0 0.212382 0.633004 0.171708 0.633004 0.171708 0.338242 0.212382 0.338242
0 0.118900 0.643976 0.116304 0.344169 0.156936 0.343818 0.159532 0.643624
0 0.063496 0.643976 0.060900 0.344169 0.101532 0.343818 0.104128 0.643624
0 0.010610 0.645457 0.008014 0.345651 0.048646 0.345299 0.051243 0.645106
