0 0.866286 0.619291 0.822079 0.379186 0.905312 0.363862 0.949519 0.603966
0 0.212639 0.755623 0.195798 0.360620 0.334721 0.354697 0.351562 0.749700
0 0.833809 0.622337 0.832297 0.369789 0.865385 0.369591 0.866897 0.622139
0 0.805152 0.628353 0.802130 0.369945 0.832332 0.369591 0.835354 0.627999
0 0.773307 0.638868 0.768778 0.358040 0.797777 0.357572 0.802306 0.638400
0 0.737680 0.644531 0.731589 0.364335 0.766226 0.363582 0.772317 0.643778
0 0.701623 0.653546 0.690989 0.357314 0.725661 0.356070 0.736295 0.652301
0 0.662560 0.665565 0.659306 0.356404 0.695454 0.356024 0.698709 0.665184
0 0.618990 0.674579 0.609747 0.352604 0.646034 0.351562 0.655277 0.673538
0 0.362151 0.727239 0.342052 0.348449 0.396635 0.345553 0.416734 0.724343
0 0.415329 0.719849 0.396746 0.357489 0.453726 0.354567 0.472309 0.716926
0 0.463611 0.710914 0.445008 0.365216 0.503305 0.362079 0.521908 0.707777
0 0.513993 0.697417 0.496910 0.366628 0.555889 0.363582 0.572972 0.694371
0 0.572416 0.683594 0.563173 0.361619 0.599459 0.360577 0.608702 0.682552
