0 0.782862 0.500603 0.318416 0.500603 0.318416 0.412529 0.782862 0.412529
0 0.783289 0.328848 0.324281 0.328848 0.324281 0.244858 0.783289 0.244858
0 0.833248 0.153133 0.334456 0.153133 0.334456 0.048039 0.833248 0.048039
0 0.812501 0.235631 0.317511 0.235631 0.317511 0.137900 0.812501 0.137900
0 0.782862 0.595423 0.317508 0.595423 0.317508 0.511562 0.782862 0.511562
0 0.845168 0.066845 0.341542 0.066845 0.341542 -0.001038 0.845168 -0.001038
0 0.785826 0.664985 0.318249 0.664985 0.318249 0.581841 0.785826 0.581841
0 0.779898 0.406787 0.318112 0.406787 0.318112 0.324098 0.779898 0.324098
0 0.781737 0.740103 0.334996 0.740103 0.334996 0.655590 0.781737 0.655590
0 0.215185 0.439151 0.214903 0.403279 0.323466 0.402425 0.323748 0.438297
0 0.215692 0.860863 0.213804 0.834744 0.435685 0.818699 0.437574 0.844817
