0 0.664843 0.894444 0.234374 0.894444 0.234374 0.065276 0.664843 0.065276
0 0.999219 0.337500 0.969532 0.337500 0.969532 0.001389 0.999219 0.001389
0 0.975000 0.301389 0.937500 0.301389 0.937500 0.004167 0.975000 0.004167
0 0.944531 0.286111 0.909375 0.286111 0.909375 0.004167 0.944531 0.004167
0 0.915626 0.270833 0.882812 0.270833 0.882812 0.002778 0.915626 0.002778
0 0.889062 0.254167 0.860156 0.254167 0.860156 0.001389 0.889062 0.001389
0 0.864062 0.241667 0.835938 0.241667 0.835938 0.001389 0.864062 0.001389
0 0.842969 0.229167 0.814063 0.229167 0.814063 0.001389 0.842969 0.001389
0 0.821875 0.213889 0.797656 0.213889 0.797656 0.001389 0.821875 0.001389
0 0.800782 0.209724 0.776563 0.209724 0.776563 0.001390 0.800782 0.001390
0 0.782031 0.198611 0.760156 0.198611 0.760156 0.001389 0.782031 0.001389
0 0.765625 0.187499 0.742969 0.187499 0.742969 0.001388 0.765625 0.001388
0 0.748437 0.179167 0.728907 0.179167 0.728907 0.001389 0.748437 0.001389
0 0.734374 0.173611 0.714843 0.173611 0.714843 0.001389 0.734374 0.001389
0 0.720313 0.161111 0.701563 0.161111 0.701563 0.001389 0.720313 0.001389
0 0.710156 0.155556 0.691406 0.155556 0.691406 0.002778 0.710156 0.002778
0 0.695312 0.154167 0.678906 0.154167 0.678906 0.001389 0.695312 0.001389
0 0.635157 0.129167 0.573437 0.129167 0.573437 0.001389 0.635157 0.001389
0 0.682812 0.152778 0.666406 0.152778 0.666406 0.000000 0.682812 0.000000
0 0.671429 0.144140 0.657040 0.143806 0.660388 -0.000334 0.674776 0.000000
0 0.661607 0.144140 0.647218 0.143806 0.650566 -0.000334 0.664955 0.000000
0 0.654464 0.144140 0.640076 0.143806 0.643424 -0.000334 0.657812 0.000000
0 0.647321 0.144140 0.632933 0.143806 0.636281 -0.000334 0.650669 0.000000
