0 0.490720 0.541696 0.292356 0.343332 0.388036 0.247651 0.586400 0.446015
0 0.540684 -0.107774 0.463989 -0.123517 0.474106 -0.172802 0.550800 -0.157059
0 0.505679 -0.063056 0.428984 -0.078799 0.439096 -0.128060 0.515791 -0.112317
0 0.471996 -0.043641 0.395301 -0.059384 0.405418 -0.108669 0.482112 -0.092926
0 0.426762 -0.001105 0.350043 -0.016852 0.360155 -0.066115 0.436873 -0.050367
0 0.388939 0.044812 0.312244 0.029068 0.322356 -0.020192 0.399050 -0.004449
0 0.349764 0.082635 0.273070 0.066892 0.283187 0.017607 0.359881 0.033350
0 0.305890 0.125171 0.229173 0.109423 0.239285 0.060161 0.316002 0.075909
0 0.268745 0.167583 0.193536 0.145733 0.207573 0.097418 0.282781 0.119268
0 0.203470 0.219533 0.128285 0.197690 0.142322 0.149376 0.217506 0.171219
0 0.140149 0.282714 0.065278 0.240527 0.104455 0.170997 0.179326 0.213183
0 0.065963 0.360041 0.001813 0.295892 0.064603 0.233102 0.128752 0.297251
0 0.001813 0.406649 -0.056200 0.348635 0.001881 0.290554 0.059894 0.348568
0 -0.079215 0.493082 -0.139931 0.432367 -0.077125 0.369560 -0.016409 0.430276
0 -0.154175 0.546422 -0.204081 0.496516 -0.139931 0.432367 -0.090026 0.482272
0 0.750943 0.295953 0.512948 0.189493 0.559709 0.084956 0.797704 0.191417
0 0.651577 0.401744 0.413559 0.295274 0.460321 0.190736 0.698338 0.297206
0 0.404371 0.658369 0.183842 0.437840 0.291183 0.330499 0.511711 0.551028
0 0.281835 0.778560 0.062478 0.559203 0.186171 0.435511 0.405528 0.654867
0 0.184998 0.884745 -0.041378 0.658369 0.081142 0.535849 0.307517 0.762225
