0 0.212607 0.625074 -0.026847 0.577672 0.001469 0.434630 0.240923 0.482032
0 0.115845 0.740779 -0.000000 0.740779 0.000000 0.534230 0.115845 0.534230
0 0.378674 0.951729 0.317154 0.951729 0.317154 0.379581 0.378674 0.379581
0 0.427484 0.872265 0.374302 0.872265 0.374302 0.361983 0.427484 0.361983
0 0.472208 0.797355 0.425878 0.797355 0.425878 0.329803 0.472208 0.329803
0 0.512642 0.740529 0.470744 0.740529 0.470744 0.309095 0.512642 0.309095
0 0.583952 0.639961 0.550568 0.639961 0.550568 0.275601 0.583952 0.275601
0 0.297255 0.544855 0.055492 0.506325 0.072823 0.397582 0.314586 0.436112
0 0.609303 0.583641 0.582561 0.583641 0.582561 0.261781 0.609303 0.261781
0 0.546968 0.702017 0.511986 0.702017 0.511986 0.284811 0.546968 0.284811
0 0.637356 0.559456 0.613851 0.559456 0.613851 0.254074 0.637356 0.254074
0 0.653752 0.530164 0.629801 0.529817 0.633970 0.242615 0.657922 0.242963
0 0.657503 0.497215 0.656803 0.231907 0.677859 0.231852 0.678559 0.497159
0 0.691555 0.473705 0.675131 0.473504 0.678224 0.220540 0.694649 0.220741
0 0.704709 0.447287 0.689507 0.446704 0.698334 0.216454 0.713536 0.217037
0 0.718390 0.426437 0.707042 0.426021 0.714781 0.214770 0.726128 0.215185
