0 0.856268 0.918948 0.527344 0.892428 0.563847 0.439688 0.892771 0.466209
0 0.893492 0.470323 0.656112 0.467318 0.656551 0.432692 0.893930 0.435697
0 0.997596 0.493389 0.966947 0.493389 0.966947 0.340745 0.997596 0.340745
0 0.964543 0.493389 0.933894 0.493389 0.933894 0.340745 0.964543 0.340745
0 0.896935 0.399639 0.866286 0.399639 0.866286 0.334736 0.896935 0.334736
0 0.931490 0.490385 0.900841 0.490385 0.900841 0.337740 0.931490 0.337740
0 0.871394 0.398137 0.840745 0.398137 0.840745 0.333233 0.871394 0.333233
0 0.847356 0.372596 0.816707 0.372596 0.816707 0.334736 0.847356 0.334736
0 0.809796 0.371094 0.779575 0.367496 0.784082 0.329635 0.814303 0.333233
0 0.787260 0.369591 0.757039 0.365994 0.761546 0.328133 0.791767 0.331731
0 0.764724 0.366587 0.734503 0.362989 0.739010 0.325128 0.769231 0.328726
0 0.749699 0.362079 0.719051 0.362079 0.719051 0.324219 0.749699 0.324219
0 0.731671 0.360577 0.701022 0.360577 0.701022 0.322716 0.731671 0.322716
