0 0.761192 0.943492 0.466565 0.648865 0.593070 0.522359 0.887698 0.816987
0 0.877202 0.827483 0.577663 0.527945 0.626277 0.479331 0.925815 0.778870
0 1.154520 0.550165 0.861856 0.257502 0.913232 0.206125 1.205896 0.498789
0 0.918082 0.786603 0.618544 0.487065 0.667157 0.438451 0.966695 0.737989
0 0.961171 0.743514 0.661632 0.443976 0.710246 0.395362 1.009784 0.694901
0 1.009784 0.694901 0.710246 0.395362 0.758860 0.346749 1.058398 0.646287
0 1.056741 0.647944 0.757202 0.348406 0.805816 0.299793 1.105354 0.599331
0 1.105354 0.599331 0.805816 0.299793 0.854429 0.251179 1.153968 0.550717
0 0.274326 0.973781 0.190190 0.878281 0.235881 0.838027 0.320017 0.933528
0 0.323019 0.915855 0.234720 0.835461 0.268194 0.798695 0.356493 0.879089
0 0.352002 0.874598 0.270486 0.796867 0.301364 0.764486 0.382880 0.842217
0 0.392268 0.836577 0.316162 0.756828 0.338090 0.735901 0.414196 0.815651
0 0.414014 0.810341 0.338333 0.738482 0.356184 0.719681 0.431865 0.791540
