0 0.912043 0.949160 0.796274 0.932993 0.881827 0.320371 0.997596 0.336538
0 0.741998 0.957973 0.576841 0.924793 0.710744 0.258286 0.875901 0.291466
0 0.611478 0.954026 0.443595 0.924247 0.563787 0.246663 0.731671 0.276442
0 0.500301 0.899940 0.334807 0.885034 0.393401 0.234493 0.558894 0.249399
0 0.392127 0.866887 0.244547 0.858474 0.280605 0.225962 0.428185 0.234375
0 0.163581 0.840174 0.162079 0.231701 0.295974 0.231370 0.297476 0.839844
0 0.079120 0.824259 0.074613 0.232312 0.198317 0.231370 0.202825 0.823317
0 0.015540 0.802739 -0.002489 0.218304 0.109676 0.214844 0.127704 0.799279
0 0.679087 0.270433 0.651846 0.183973 0.782753 0.142728 0.809993 0.229188
0 0.581430 0.244892 0.563921 0.189081 0.668570 0.156250 0.686079 0.212061
0 0.510817 0.244892 0.493962 0.215115 0.597957 0.156250 0.614812 0.186027
0 0.381648 0.261479 0.364304 0.233099 0.504808 0.147236 0.522151 0.175616
0 0.345590 0.240445 0.328878 0.213098 0.444526 0.142425 0.461238 0.169772
0 0.279484 0.226924 0.262772 0.199577 0.378420 0.128903 0.395132 0.156250
0 0.147273 0.217909 0.130561 0.190562 0.246209 0.119888 0.262921 0.147236
0 -0.000000 0.273437 -0.012184 0.245746 0.138056 0.179640 0.150240 0.207332
0 -0.000000 0.237380 -0.012184 0.209688 0.138056 0.143582 0.150240 0.171274
