0 0.997596 0.997596 0.898438 0.997596 0.898438 0.366587 0.997596 0.366587
0 0.815721 1.014824 0.648128 0.984770 0.778921 0.255403 0.946514 0.285457
0 0.680433 0.997134 0.510873 0.969169 0.631221 0.239463 0.800781 0.267428
0 0.554327 0.954813 0.397715 0.942792 0.451862 0.237378 0.608473 0.249399
0 0.441707 0.919471 0.292452 0.915197 0.311984 0.233106 0.461238 0.237380
0 0.199042 0.893539 0.179510 0.233984 0.318510 0.229868 0.338041 0.889423
0 0.092031 0.862823 0.083017 0.224302 0.220853 0.222356 0.229868 0.860877
0 0.028026 0.837968 -0.003525 0.229494 0.105168 0.223858 0.136719 0.832332
0 0.736178 0.283954 0.706512 0.205155 0.856370 0.148738 0.886036 0.227537
0 0.617488 0.283954 0.587822 0.205155 0.737680 0.148738 0.767346 0.227537
0 0.509315 0.274940 0.485498 0.228859 0.655048 0.141226 0.678865 0.187307
0 0.413161 0.255409 0.390045 0.206424 0.555693 0.128253 0.578809 0.177238
0 0.381611 0.220853 0.369083 0.181561 0.500300 0.139724 0.512828 0.179016
0 0.315505 0.207332 0.302977 0.168040 0.434195 0.126202 0.446723 0.165494
0 0.163762 0.205829 0.151234 0.166537 0.282452 0.124699 0.294980 0.163992
0 0.000000 0.279447 -0.017801 0.228586 0.160814 0.166071 0.178615 0.216932
0 0.000000 0.240385 -0.017801 0.189524 0.160814 0.127008 0.178615 0.177869
