1 0.554423 0.922405 0.448822 0.922405 0.448822 0.296995 0.554423 0.296995
1 0.037397 0.593691 0.019184 0.431317 0.041330 0.428833 0.059542 0.591207
1 0.049314 0.596064 0.030006 0.423920 0.052151 0.421437 0.071459 0.593580
1 0.059672 0.603236 0.038975 0.418720 0.061120 0.416236 0.081817 0.600752
1 0.075595 0.604020 0.051995 0.393631 0.074140 0.391147 0.097741 0.601536
1 0.094681 0.604822 0.067956 0.366556 0.090102 0.364072 0.116827 0.602338
1 0.111172 0.613020 0.084447 0.374753 0.106592 0.372269 0.133317 0.610536
1 0.123069 0.620947 0.093609 0.358315 0.115753 0.355831 0.145213 0.618463
1 0.750794 0.998437 0.567620 0.998437 0.567620 0.282139 0.750794 0.282139
1 0.159206 0.657933 0.129759 0.657933 0.129759 0.362595 0.159206 0.362595
1 0.190241 0.646780 0.151250 0.646780 0.151250 0.354639 0.190241 0.354639
1 0.214905 0.669062 0.190241 0.669062 0.190241 0.347477 0.214905 0.347477
1 0.260264 0.712838 0.222861 0.712838 0.222861 0.359423 0.260264 0.359423
1 0.343197 0.788750 0.273894 0.788750 0.273894 0.348148 0.343197 0.348148
1 0.429014 0.806898 0.351442 0.806898 0.351442 0.313509 0.429014 0.313509
1 0.299802 0.093886 0.021502 0.051040 0.029512 -0.000989 0.307813 0.041856
1 0.269109 0.122885 0.008967 0.087669 0.014859 0.044151 0.275000 0.079367
1 0.245312 0.155953 0.009564 0.108819 0.017377 0.069744 0.253125 0.116878
1 0.229687 0.182523 0.005646 0.154315 0.010562 0.115268 0.234604 0.143477
1 0.217935 0.211691 0.003872 0.189810 0.007812 0.151264 0.221875 0.173145
1 0.217910 0.224817 -0.002403 0.206062 0.000000 0.177834 0.220313 0.196589
1 0.179687 0.262234 -0.001407 0.249633 0.000000 0.229412 0.181095 0.242014
