0 0.359536 0.904942 0.083651 0.629057 0.132713 0.579995 0.408598 0.855880
0 0.814257 0.418327 0.561956 0.118420 0.623722 0.066458 0.876023 0.366366
0 0.748439 0.481618 0.473671 0.206850 0.524408 0.156113 0.799176 0.430881
0 0.793193 0.441883 0.519262 0.167952 0.574526 0.112689 0.848457 0.386619
0 0.317560 0.960457 0.043437 0.686334 0.095702 0.634068 0.369825 0.908192
0 0.465772 0.757754 0.198917 0.490899 0.249990 0.439826 0.516845 0.706681
0 0.902481 0.367153 0.613862 0.078534 0.672635 0.019761 0.961254 0.308380
0 0.296284 1.001657 0.012507 0.717879 0.047813 0.682573 0.331590 0.966351
0 0.956341 0.327252 0.665213 0.036124 0.704250 -0.002913 0.995378 0.288216
0 0.430557 0.803449 0.160472 0.533364 0.210836 0.483001 0.480921 0.753085
0 0.703606 0.519920 0.432598 0.248913 0.484012 0.197499 0.755019 0.468507
0 0.392903 0.849486 0.123208 0.579791 0.172544 0.530455 0.442239 0.800150
0 0.576546 0.634406 0.309988 0.367848 0.362222 0.315614 0.628780 0.582172
0 0.661930 0.557405 0.395328 0.290803 0.445273 0.240859 0.711874 0.507461
0 0.621854 0.597481 0.351722 0.327349 0.402656 0.276415 0.672788 0.546547
0 0.537550 0.673401 0.271052 0.406902 0.323345 0.354609 0.589843 0.621108
0 0.502779 0.714461 0.235171 0.446852 0.286595 0.395428 0.554203 0.663037
