0 0.330427 0.650229 0.187800 0.642368 0.208936 0.258906 0.351562 0.266767
0 0.395132 0.648377 0.334642 0.647068 0.342393 0.288942 0.402884 0.290251
0 0.447716 0.657392 0.383832 0.656009 0.391584 0.297883 0.455468 0.299266
0 0.494291 0.652885 0.440619 0.651185 0.451472 0.308525 0.505144 0.310225
0 0.542368 0.648377 0.494661 0.646560 0.507074 0.320711 0.554781 0.322528
0 0.591947 0.646875 0.538729 0.645564 0.546511 0.329637 0.599729 0.330948
0 0.632512 0.645373 0.580693 0.643778 0.590036 0.340141 0.641855 0.341735
0 0.674579 0.643870 0.630716 0.642956 0.636836 0.349176 0.680700 0.350090
0 0.710637 0.648377 0.664978 0.647406 0.671101 0.359650 0.716760 0.360622
0 0.745192 0.648377 0.699534 0.647406 0.705656 0.359650 0.751315 0.360622
0 0.781250 0.642368 0.735932 0.641861 0.739000 0.367292 0.784318 0.367798
0 0.811298 0.640865 0.770510 0.640388 0.773581 0.377855 0.814369 0.378332
0 0.835337 0.640865 0.803589 0.640109 0.809599 0.387706 0.841346 0.388462
0 0.990985 0.641466 0.838341 0.641466 0.838341 0.371034 0.990985 0.371034
