0 0.854907 0.654258 0.779055 0.654258 0.779055 0.298341 0.854907 0.298341
0 0.075147 0.711923 0.000363 0.711923 0.000363 0.325791 0.075147 0.325791
0 0.912963 0.661669 0.838905 0.661669 0.838905 0.301044 0.912963 0.301044
0 0.687817 0.657222 0.621903 0.657222 0.621903 0.300307 0.687817 0.300307
0 0.742640 0.648330 0.676714 0.648330 0.676714 0.299279 0.742640 0.299279
0 0.199777 0.699875 0.124352 0.699875 0.124352 0.315936 0.199777 0.315936
0 0.311103 0.693947 0.244680 0.693947 0.244680 0.311050 0.311103 0.311050
0 0.792637 0.648331 0.728383 0.648331 0.728383 0.298771 0.792637 0.298771
0 0.370348 0.686537 0.300048 0.686537 0.300048 0.310666 0.370348 0.310666
0 0.142276 0.698393 0.059414 0.698393 0.059414 0.322977 0.142276 0.322977
0 0.637087 0.658705 0.573255 0.658705 0.573255 0.302224 0.637087 0.302224
0 0.259236 0.696911 0.186734 0.696911 0.186734 0.314392 0.259236 0.314392
0 0.999475 0.677334 0.959585 0.677334 0.959585 0.299789 0.999475 0.299789
0 0.587889 0.660186 0.525702 0.660186 0.525702 0.303541 0.587889 0.303541
0 0.536879 0.666114 0.467734 0.666114 0.467734 0.304046 0.536879 0.304046
0 0.434459 0.677646 0.360098 0.677646 0.360098 0.308421 0.434459 0.308421
0 0.980908 0.667310 0.898176 0.667310 0.898176 0.300572 0.980908 0.300572
