0 0.935003 0.681876 0.864141 0.681876 0.864141 0.351498 0.935003 0.351498
0 0.881992 0.673200 0.810395 0.673200 0.810395 0.347669 0.881992 0.347669
0 0.133983 0.696911 0.057435 0.696911 0.057435 0.334627 0.133983 0.334627
0 0.542343 0.649489 0.481849 0.649489 0.481849 0.331496 0.542343 0.331496
0 0.677765 0.640598 0.613596 0.640598 0.613596 0.334798 0.677765 0.334798
0 0.074602 0.701356 0.000384 0.701356 0.000384 0.337487 0.074602 0.337487
0 0.825369 0.656899 0.759493 0.656899 0.759493 0.341624 0.825369 0.341624
0 0.452741 0.662827 0.386113 0.662827 0.386113 0.332914 0.452741 0.332914
0 0.774991 0.653935 0.710398 0.653935 0.710398 0.340384 0.774991 0.340384
0 0.631175 0.637634 0.571019 0.637634 0.571019 0.334506 0.631175 0.334506
0 0.194123 0.698393 0.118635 0.698393 0.118635 0.334124 0.194123 0.334124
0 0.724731 0.648007 0.662633 0.648007 0.662633 0.338906 0.724731 0.338906
0 0.400708 0.664308 0.335681 0.664308 0.335681 0.336197 0.400708 0.336197
0 0.999401 0.696911 0.917721 0.696911 0.917721 0.359387 0.999401 0.359387
0 0.586751 0.642080 0.528313 0.642080 0.528313 0.334388 0.586751 0.334388
0 0.350492 0.671718 0.282472 0.671718 0.282472 0.334491 0.350492 0.334491
0 0.496173 0.656899 0.438027 0.656899 0.438027 0.333866 0.496173 0.333866
0 0.301433 0.674682 0.230920 0.674682 0.230920 0.329562 0.301433 0.329562
0 0.249058 0.683573 0.177100 0.683573 0.177100 0.330545 0.249058 0.330545
