0 0.879328 0.375926 0.837880 0.375926 0.837880 0.130556 0.879328 0.130556
0 0.999475 0.999074 0.653095 0.999074 0.653095 0.493887 0.999475 0.493887
0 0.736097 0.391666 0.694649 0.391666 0.694649 0.146296 0.736097 0.146296
0 0.631689 0.382408 0.591290 0.382408 0.591290 0.149075 0.631689 0.149075
0 0.595489 0.383333 0.555090 0.383333 0.555090 0.150001 0.595489 0.150001
0 0.559811 0.385186 0.519413 0.385186 0.519413 0.151853 0.559811 0.151853
0 0.526757 0.387962 0.486358 0.387962 0.486358 0.154629 0.526757 0.154629
0 0.494228 0.391666 0.453830 0.391666 0.453830 0.158333 0.494228 0.158333
0 0.461700 0.398147 0.421301 0.398147 0.421301 0.164815 0.461700 0.164815
0 0.429696 0.402778 0.389297 0.402778 0.389297 0.169445 0.429696 0.169445
0 0.399790 0.410185 0.359392 0.410185 0.359392 0.176852 0.399790 0.176852
0 0.368311 0.428704 0.328437 0.428704 0.328437 0.179630 0.368311 0.179630
0 0.910283 0.367593 0.875657 0.367593 0.875657 0.133333 0.910283 0.133333
0 0.653095 0.898453 0.396582 0.790208 0.563004 0.395829 0.819517 0.504074
0 0.395017 0.775769 0.240923 0.649489 0.488928 0.346860 0.643022 0.473141
0 0.198111 0.682092 0.109091 0.567661 0.406258 0.336482 0.495278 0.450912
0 0.020986 0.593176 -0.023620 0.503509 0.313001 0.336051 0.357608 0.425719
0 -0.000000 0.505743 -0.024992 0.442734 0.240276 0.337517 0.265268 0.400526
0 0.130643 0.330493 0.125606 0.232952 0.146905 0.231852 0.151941 0.329394
0 0.164377 0.367703 0.154460 0.221214 0.173084 0.219953 0.183001 0.366442
