0 0.480565 0.999241 0.285253 0.972198 0.295974 0.894771 0.491286 0.921815
0 0.518329 0.977404 0.315505 0.977404 0.315505 0.798618 0.518329 0.798618
0 0.625601 0.246635 0.323918 0.246635 0.323918 0.214183 0.625601 0.214183
0 0.645433 0.275481 0.335337 0.275481 0.335337 0.233413 0.645433 0.233413
0 0.679688 0.300120 0.337139 0.300120 0.337140 0.259255 0.679688 0.259255
0 0.703125 0.340385 0.342548 0.340385 0.342548 0.288702 0.703125 0.288702
0 0.826322 0.663401 0.342496 0.646009 0.353449 0.341307 0.837276 0.358699
0 0.304545 0.813675 0.301983 0.779087 0.505361 0.764022 0.507923 0.798610
0 0.728666 0.362921 0.368089 0.362921 0.368089 0.311238 0.728666 0.311238
0 0.604567 0.236118 0.302885 0.236118 0.302885 0.203666 0.604567 0.203666
0 0.604567 0.218089 0.302885 0.218089 0.302885 0.185637 0.604567 0.185637
0 0.594051 0.206070 0.292368 0.206070 0.292368 0.173618 0.594051 0.173618
