0 0.598530 0.754706 0.519950 0.754706 0.519950 0.310680 0.598530 0.310680
0 0.513536 0.763597 0.427187 0.763597 0.427187 0.309067 0.513536 0.309067
0 0.853127 0.790433 0.760197 0.790433 0.760197 0.323087 0.853127 0.323087
0 0.353151 0.775725 0.267433 0.775725 0.267433 0.309756 0.353151 0.309756
0 0.773347 0.778417 0.684673 0.778417 0.684673 0.316624 0.773347 0.316624
0 0.673808 0.753440 0.596016 0.753440 0.596016 0.312464 0.673808 0.312464
0 0.999475 0.840657 0.920854 0.840657 0.920854 0.330659 0.999475 0.330659
0 0.419454 0.769525 0.339587 0.769525 0.339587 0.311956 0.419454 0.311956
0 0.939910 0.819910 0.837578 0.819910 0.837578 0.327948 0.939910 0.327948
0 0.279065 0.773971 0.187693 0.773971 0.187693 0.310525 0.279065 0.310525
0 0.048441 0.399120 0.000284 0.399120 0.000284 0.216606 0.048441 0.216606
