1 0.352360 0.329495 0.326158 0.112973 0.933938 0.039423 0.960141 0.255945
1 0.000976 0.997320 0.000912 0.996800 0.002374 0.996622 0.002438 0.997142
1 0.001033 0.997692 0.000983 0.997277 0.002445 0.997098 0.002496 0.997514
1 0.997597 0.879591 0.478847 0.879591 0.478847 0.683558 0.997597 0.683558
1 0.997597 0.998438 0.512500 0.998438 0.512500 0.891466 0.997597 0.891466
1 0.135697 0.272813 0.000937 0.272813 0.000937 0.084423 0.135697 0.084423
1 0.170072 0.479086 -0.000000 0.479086 0.000000 0.260433 0.170072 0.260433
1 0.203197 0.789086 -0.000000 0.789086 0.000000 0.610889 0.203197 0.610889
1 0.282403 0.929688 0.000000 0.929688 0.000000 0.789086 0.282403 0.789086
1 0.316081 0.998437 0.000000 0.998437 0.000000 0.925722 0.316081 0.925722
1 0.998437 0.681250 0.428125 0.681250 0.428125 0.490625 0.998437 0.490625
1 0.996875 0.481250 0.393750 0.481250 0.393750 0.260938 0.996875 0.260938
