0 0.570667 0.657051 0.369349 0.455733 0.407010 0.418072 0.608328 0.619390
0 0.353965 0.932435 0.107197 0.685666 0.155044 0.637819 0.401812 0.884587
0 0.727877 0.520799 0.528331 0.321253 0.567384 0.282200 0.766930 0.481746
0 0.390234 0.894069 0.146250 0.650084 0.193172 0.603162 0.437157 0.847147
0 0.983342 0.406790 0.773050 0.161569 0.824594 0.117366 1.034887 0.362587
0 0.660540 0.569274 0.461589 0.370322 0.497973 0.333937 0.696925 0.532889
0 0.809577 0.474727 0.602387 0.267537 0.642450 0.227474 0.849640 0.434664
0 0.763797 0.495357 0.562747 0.294308 0.602750 0.254305 0.803800 0.455354
0 0.297633 1.003437 0.040099 0.745903 0.069935 0.716068 0.327469 0.973601
0 0.514552 0.725740 0.303306 0.514494 0.342871 0.474929 0.554118 0.686175
0 0.315382 0.978465 0.063483 0.726566 0.112501 0.677548 0.364400 0.929447
0 0.694087 0.546205 0.493270 0.345388 0.528902 0.309757 0.729719 0.510574
0 0.850167 0.452202 0.638887 0.240921 0.685009 0.194800 0.896289 0.406080
0 0.421057 0.842289 0.190597 0.611829 0.235196 0.567230 0.465656 0.797690
0 0.484843 0.763832 0.267748 0.546737 0.311180 0.503305 0.528276 0.720400
0 0.598765 0.624761 0.400194 0.426191 0.434273 0.392112 0.632844 0.590683
0 0.459200 0.806242 0.230809 0.577851 0.272738 0.535922 0.501129 0.764313
0 0.628059 0.597564 0.427362 0.396867 0.464213 0.360017 0.664909 0.560714
0 0.542393 0.688892 0.337429 0.483929 0.375897 0.445461 0.580861 0.650424
0 0.880985 0.440838 0.681110 0.196998 0.721534 0.163864 0.921408 0.407703
