0 0.757813 0.904167 0.321095 0.904167 0.321095 0.065276 0.757813 0.065276
0 0.059376 0.287500 0.025781 0.287500 0.025781 0.004167 0.059376 0.004167
0 0.088280 0.269444 0.056251 0.269444 0.056251 0.004167 0.088280 0.004167
0 0.029688 0.308333 -0.000780 0.308333 -0.000780 0.002778 0.029688 0.002778
0 0.178906 0.219444 0.153906 0.219444 0.153906 0.004167 0.178906 0.004167
0 0.157030 0.230556 0.131249 0.230556 0.131249 0.004167 0.157030 0.004167
0 0.113281 0.254167 0.084376 0.254167 0.084376 0.004167 0.113281 0.004167
0 0.196874 0.209724 0.174219 0.209724 0.174219 0.001390 0.196874 0.001390
0 0.136719 0.243056 0.109374 0.243056 0.109374 0.004167 0.136719 0.004167
0 0.214844 0.198611 0.192970 0.198611 0.192970 0.001389 0.214844 0.001389
0 0.231251 0.188889 0.210156 0.188889 0.210156 0.001389 0.231251 0.001389
0 0.263281 0.170833 0.243751 0.170833 0.243751 0.001389 0.263281 0.001389
0 0.245312 0.173611 0.225781 0.173611 0.225781 0.004167 0.245312 0.004167
0 0.275781 0.169444 0.256251 0.169444 0.256251 0.000000 0.275781 0.000000
0 0.270759 0.153667 0.269644 0.000000 0.284845 -0.000110 0.285960 0.153556
0 0.280580 0.153667 0.279465 -0.000000 0.294665 -0.000110 0.295781 0.153556
0 0.293973 0.153667 0.292858 0.000000 0.308058 -0.000110 0.309174 0.153556
0 0.302902 0.153667 0.301786 -0.000000 0.316987 -0.000110 0.318103 0.153556
0 0.312723 0.153667 0.311608 0.000000 0.326808 -0.000110 0.327924 0.153556
0 0.319866 0.153667 0.318751 0.000000 0.333952 -0.000110 0.335067 0.153556
0 0.329688 0.153667 0.328572 -0.000000 0.343772 -0.000110 0.344888 0.153556
0 0.407027 0.152080 0.340398 0.151932 0.340738 -0.000149 0.407366 -0.000000
