0 0.681043 1.030226 0.495370 0.996865 0.535020 0.776192 0.720693 0.809553
0 0.830653 1.054277 0.614815 0.997913 0.642080 0.893506 0.857918 0.949869
0 0.559791 0.984563 0.425739 0.976402 0.443141 0.690568 0.577193 0.698729
0 0.672223 0.483748 0.287038 0.483748 0.287038 0.451219 0.672223 0.451219
0 0.601852 0.450168 0.274074 0.450168 0.274074 0.422362 0.601852 0.422362
0 0.762963 0.578709 0.337963 0.578709 0.337963 0.529916 0.762963 0.529916
0 0.694445 0.527817 0.307408 0.527817 0.307408 0.483747 0.694445 0.483747
0 0.835185 0.628552 0.362037 0.628552 0.362037 0.575039 0.835185 0.575039
0 0.894445 0.692037 0.405555 0.692037 0.405555 0.639047 0.894445 0.639047
0 0.259711 0.425188 0.259630 0.398228 0.570516 0.397290 0.570597 0.424251
0 0.243112 0.398328 0.242961 0.373802 0.531917 0.372023 0.532068 0.396549
0 0.503911 0.372420 0.233686 0.372189 0.233704 0.351008 0.503929 0.351240
0 0.472791 0.351218 0.224231 0.348664 0.224444 0.327923 0.473004 0.330478
0 0.449011 0.335329 0.212858 0.329062 0.213333 0.311134 0.449487 0.317401
0 0.419441 0.317640 0.205793 0.316276 0.205926 0.295394 0.419574 0.296759
0 0.402844 0.301690 0.201550 0.292837 0.202222 0.277556 0.403517 0.286409
