0 0.929573 0.327714 0.517227 0.205914 0.611656 -0.113767 1.024001 0.008032
0 0.716176 0.536738 0.425675 0.295520 0.580000 0.109665 0.870501 0.350883
0 0.588969 0.688349 0.365199 0.387824 0.510189 0.279865 0.733959 0.580389
0 0.476295 0.796718 0.341441 0.484441 0.467213 0.430127 0.602068 0.742404
0 0.410363 0.870438 0.330339 0.564876 0.415345 0.542614 0.495369 0.848175
0 0.377281 0.898250 0.375774 0.852969 0.999074 0.832226 1.000581 0.877506
0 0.463493 0.238657 0.227141 0.211029 0.230861 0.179204 0.467213 0.206832
0 0.461763 0.267470 0.228491 0.247862 0.230977 0.218284 0.464249 0.237892
0 0.455835 0.301888 0.222563 0.282280 0.225049 0.252702 0.458321 0.272310
0 0.454353 0.335466 0.221081 0.315858 0.223568 0.286280 0.456839 0.305888
0 0.449907 0.371562 0.216635 0.351954 0.219121 0.322376 0.452394 0.341984
0 0.448426 0.405140 0.215154 0.385533 0.217640 0.355955 0.450912 0.375562
0 0.451389 0.438719 0.218118 0.419111 0.220604 0.389533 0.453875 0.409140
0 0.455996 0.470428 0.212150 0.451670 0.214476 0.421442 0.458321 0.440200
0 0.446325 0.497436 0.215007 0.486302 0.216630 0.452572 0.447948 0.463705
0 0.396018 0.526906 0.209358 0.516591 0.210903 0.488647 0.397562 0.498962
0 0.477522 0.561324 0.215286 0.546811 0.216833 0.518867 0.479069 0.533380
0 0.370358 0.637648 0.222167 0.625896 0.224178 0.600536 0.372369 0.612289
0 0.353064 0.665388 0.227038 0.657829 0.228561 0.632432 0.354587 0.639991
0 0.353064 0.687214 0.227038 0.679655 0.228561 0.654258 0.354587 0.661816
