0 0.270812 0.976814 0.142129 0.848131 0.221076 0.769184 0.349759 0.897868
0 0.166184 0.904614 0.091001 0.783647 0.297096 0.655555 0.372279 0.776521
0 0.652254 0.795946 0.322687 0.466380 0.362514 0.426552 0.692081 0.756119
0 0.672232 0.907454 0.291886 0.527108 0.337789 0.481205 0.718135 0.861551
0 0.633230 0.699644 0.341491 0.407905 0.373407 0.375989 0.665146 0.667728
0 0.624079 0.628091 0.361675 0.365687 0.388446 0.338916 0.650850 0.601320
0 0.612068 0.564993 0.374103 0.327028 0.395637 0.305493 0.633603 0.543459
0 0.693115 1.012864 0.262924 0.625504 0.307485 0.576016 0.737676 0.963376
0 0.616963 0.522220 0.387362 0.298923 0.404664 0.281132 0.634264 0.504430
0 0.603377 0.472960 0.393094 0.264003 0.410293 0.246695 0.620576 0.455651
0 0.600638 0.435853 0.406959 0.242173 0.423579 0.225553 0.617259 0.419233
0 0.595980 0.398594 0.411790 0.213720 0.425743 0.199818 0.609934 0.384692
0 0.588837 0.370074 0.420119 0.194392 0.434603 0.180483 0.603321 0.356165
0 0.583943 0.339329 0.426777 0.177479 0.439011 0.165599 0.596177 0.327449
0 0.579162 0.314709 0.432211 0.158732 0.442109 0.149406 0.589060 0.305384
