1 0.206515 0.987764 -0.001563 0.987764 -0.001563 0.251130 0.206515 0.251130
1 0.404543 0.940240 0.214447 0.940240 0.214447 0.326370 0.404543 0.326370
1 0.549087 0.932308 0.382764 0.932308 0.382764 0.399639 0.549087 0.399639
1 0.658004 0.912500 0.539207 0.912500 0.539207 0.429351 0.658004 0.429351
1 0.739350 0.870913 0.650121 0.870913 0.650121 0.449038 0.739350 0.449038
1 0.819448 0.851322 0.739231 0.851322 0.739231 0.461683 0.819448 0.461683
1 0.881323 0.828389 0.817163 0.828389 0.817163 0.476587 0.881323 0.476587
1 0.930601 0.805481 0.871010 0.805481 0.871010 0.491490 0.930601 0.491490
1 0.968414 0.777981 0.932909 0.777981 0.932909 0.496082 0.968414 0.496082
1 0.998437 0.787139 0.963846 0.787139 0.963846 0.494928 0.998437 0.494928
1 0.388582 0.234784 0.202933 0.234784 0.202933 0.000000 0.388582 0.000000
1 0.532956 0.270313 0.393150 0.270313 0.393150 0.000000 0.532956 0.000000
1 0.642980 0.292091 0.530674 0.292091 0.530674 0.000000 0.642980 0.000000
1 0.735793 0.325337 0.641827 0.325337 0.641827 0.000000 0.735793 0.000000
1 0.807980 0.352837 0.725480 0.352837 0.725480 0.000000 0.807980 0.000000
1 0.854976 0.371154 0.793101 0.371154 0.793101 0.041130 0.854976 0.041130
1 0.912259 0.395216 0.842379 0.395216 0.842379 0.081250 0.912259 0.081250
1 0.960409 0.398678 0.914567 0.398678 0.914567 0.115625 0.960409 0.115625
1 0.986755 0.425024 0.960409 0.425024 0.960409 0.150000 0.986755 0.150000
