0 0.152951 0.816462 -0.040820 0.780660 0.000982 0.554410 0.194753 0.590212
0 0.289214 0.654764 -0.015508 0.623643 0.001679 0.455357 0.306401 0.486478
0 0.535037 0.746425 0.490909 0.746425 0.490909 0.279879 0.535037 0.279879
0 0.597800 0.646706 0.567528 0.646706 0.567528 0.236543 0.597800 0.236543
0 0.627964 0.609243 0.597060 0.609243 0.597060 0.214429 0.627964 0.214429
0 0.374773 0.504264 0.115959 0.478462 0.127335 0.364351 0.386149 0.390153
0 0.655482 0.572823 0.627250 0.572823 0.627250 0.199156 0.655482 0.199156
0 0.491666 0.815624 0.439320 0.815624 0.439320 0.318063 0.491666 0.318063
0 0.569184 0.691822 0.532693 0.691822 0.532693 0.253451 0.569184 0.253451
0 0.446655 0.870050 0.390131 0.870050 0.390131 0.340632 0.446655 0.340632
0 0.678736 0.537294 0.653654 0.537294 0.653654 0.188432 0.678736 0.188432
0 0.000016 0.879210 -0.000128 0.729828 0.047825 0.729782 0.047969 0.879163
0 0.699937 0.510436 0.677820 0.510230 0.680926 0.177941 0.703043 0.178148
0 0.714787 0.489837 0.697581 0.489510 0.703676 0.168562 0.720882 0.168889
0 0.730128 0.458643 0.712697 0.458390 0.717091 0.155673 0.734523 0.155926
0 0.743270 0.448364 0.725976 0.447900 0.734017 0.148055 0.751312 0.148519
0 0.760234 0.421680 0.743279 0.421332 0.749047 0.140763 0.766002 0.141111
0 0.767594 0.401057 0.753178 0.400464 0.764178 0.133111 0.778594 0.133704
0 0.780165 0.387749 0.766163 0.387215 0.776134 0.125762 0.790136 0.126296
0 0.790376 0.371345 0.778174 0.370957 0.786329 0.114797 0.798531 0.115185
0 0.798518 0.355170 0.786628 0.354618 0.798183 0.105375 0.810073 0.105926
0 0.812490 0.335723 0.801633 0.335388 0.808660 0.107443 0.819517 0.107778
