0 0.425417 0.449990 0.400243 0.449990 0.400243 0.253132 0.425417 0.253132
0 0.997272 0.856958 0.755067 0.827808 0.786724 0.564771 1.028929 0.593921
0 0.773141 0.789641 0.634837 0.704074 0.768307 0.488344 0.906611 0.573911
0 0.608718 0.727447 0.522560 0.646667 0.701250 0.456082 0.787408 0.536863
0 0.510618 0.669617 0.445960 0.604074 0.606066 0.446128 0.670724 0.511670
0 0.414334 0.631136 0.364113 0.567037 0.537397 0.431271 0.587618 0.495369
0 0.343903 1.002399 0.306769 0.502507 0.351533 0.499181 0.388667 0.999074
0 0.300150 1.001907 0.258430 0.489577 0.293222 0.486744 0.334942 0.999074
0 0.262855 0.920445 0.218252 0.469201 0.245848 0.466473 0.290451 0.917718
0 0.222435 0.848968 0.186498 0.456240 0.212542 0.453857 0.248479 0.846585
0 0.197750 0.801288 0.158447 0.437407 0.178115 0.435283 0.217419 0.799164
0 0.151823 0.766425 0.118917 0.425525 0.144219 0.423083 0.177125 0.763982
0 0.125485 0.727579 0.109848 0.411654 0.122873 0.411009 0.138510 0.726934
0 0.433158 0.443887 0.428813 0.268976 0.446578 0.268535 0.450923 0.443446
0 0.383411 0.463173 0.379805 0.273794 0.397062 0.273466 0.400668 0.462844
0 0.531800 0.410235 0.526758 0.248519 0.540603 0.248087 0.545645 0.409803
