0 0.343337 0.958277 0.280717 0.958277 0.280717 0.352770 0.343337 0.352770
0 0.157817 0.582803 -0.034984 0.511206 0.014544 0.377833 0.207345 0.449430
0 0.397295 0.866357 0.339101 0.866357 0.339101 0.313327 0.397295 0.313327
0 0.527060 0.690591 0.490300 0.690591 0.490300 0.258363 0.527060 0.258363
0 0.446740 0.808325 0.395370 0.808325 0.395370 0.292489 0.446740 0.292489
0 0.559250 0.644110 0.525550 0.644110 0.525550 0.245455 0.559250 0.245455
0 0.491003 0.736816 0.446545 0.736816 0.446545 0.274701 0.491003 0.274701
0 0.276493 0.489327 0.016260 0.489327 0.016260 0.369463 0.276493 0.369463
0 0.588789 0.612009 0.560144 0.612009 0.560144 0.232105 0.588789 0.232105
0 0.614891 0.584915 0.587103 0.584915 0.587103 0.221543 0.614891 0.221543
0 0.060396 0.737123 -0.051251 0.708967 -0.000000 0.505743 0.111647 0.533899
0 0.637823 0.541445 0.617838 0.541309 0.620099 0.209493 0.640084 0.209630
0 0.654458 0.526733 0.637146 0.526490 0.641659 0.205682 0.658972 0.205926
