0 0.143853 0.821487 -0.042784 0.782590 0.001401 0.570581 0.188038 0.609478
0 0.238405 0.653935 -0.028228 0.573382 0.018782 0.417780 0.285414 0.498333
0 0.530892 0.764042 0.487686 0.764042 0.487686 0.284523 0.530892 0.284523
0 0.622234 0.624911 0.590473 0.624911 0.590473 0.224379 0.622234 0.224379
0 0.487735 0.827313 0.436479 0.827313 0.436479 0.324647 0.487735 0.324647
0 0.565181 0.705738 0.527145 0.705738 0.527145 0.265036 0.565181 0.265036
0 0.357699 0.521438 0.101574 0.469468 0.124147 0.358220 0.380273 0.410191
0 0.649326 0.581027 0.621924 0.581027 0.621924 0.210863 0.649326 0.210863
0 0.442963 0.895908 0.386517 0.895908 0.386517 0.350795 0.442963 0.350795
0 0.593677 0.658652 0.562197 0.658652 0.562197 0.241804 0.593677 0.241804
0 0.674198 0.555083 0.649134 0.555083 0.649134 0.199884 0.674198 0.199884
0 0.694749 0.521798 0.672105 0.521798 0.672105 0.184026 0.694749 0.184026
0 0.709765 0.502740 0.689822 0.502442 0.694642 0.179702 0.714585 0.180000
0 0.721245 0.476086 0.704578 0.475648 0.712609 0.170302 0.729276 0.170741
0 0.738062 0.459709 0.721990 0.459388 0.727894 0.163013 0.743966 0.163333
0 0.748686 0.439046 0.735006 0.438567 0.744977 0.153595 0.758657 0.154074
0 0.761090 0.427195 0.747378 0.426699 0.757537 0.146170 0.771249 0.146667
0 0.773130 0.405023 0.760568 0.404616 0.769179 0.138852 0.781742 0.139259
0 0.783414 0.391546 0.772088 0.391298 0.777761 0.131604 0.789087 0.131852
0 0.792381 0.373939 0.778988 0.373383 0.789335 0.123889 0.802728 0.124444
0 0.802485 0.365214 0.790668 0.364584 0.803503 0.123815 0.815320 0.124444
