0 0.369237 0.770883 0.284549 0.770883 0.284549 0.321185 0.369237 0.321185
0 0.113741 0.843251 0.004252 0.843251 0.004252 0.341056 0.113741 0.341056
0 0.273703 0.789902 0.183240 0.789902 0.183240 0.324855 0.273703 0.324855
0 0.699948 0.782862 0.612581 0.782862 0.612581 0.315215 0.699948 0.315215
0 0.625268 0.783974 0.543772 0.783974 0.543772 0.315762 0.625268 0.315762
0 0.446730 0.766192 0.364504 0.766192 0.364504 0.317014 0.446730 0.317014
0 0.535889 0.778046 0.452382 0.778046 0.452382 0.323521 0.535889 0.323521
0 0.194952 0.813613 0.097534 0.813613 0.097534 0.332008 0.194952 0.332008
0 0.776911 0.779898 0.686249 0.779898 0.686249 0.320377 0.776911 0.320377
0 0.029230 0.853050 -0.001038 0.853050 -0.001038 0.342739 0.029230 0.342739
0 0.433046 0.321549 0.402215 0.320132 0.407270 0.210065 0.438102 0.211481
0 0.956469 0.440515 0.926951 0.437649 0.947933 0.221578 0.977451 0.224444
