0 0.880750 0.683573 0.796911 0.683573 0.796911 0.282762 0.880750 0.282762
0 0.227227 0.686537 0.155831 0.686537 0.155831 0.296890 0.227227 0.296890
0 0.689004 0.659863 0.616302 0.659863 0.616302 0.278191 0.689004 0.278191
0 0.808477 0.674682 0.733291 0.674682 0.733291 0.279396 0.808477 0.279396
0 0.163606 0.696529 0.090302 0.696529 0.090302 0.301544 0.163606 0.301544
0 0.632447 0.650971 0.558845 0.650971 0.558845 0.278791 0.632447 0.278791
0 0.949446 0.695429 0.863953 0.695429 0.863953 0.287259 0.949446 0.287259
0 0.292793 0.673200 0.217811 0.673200 0.217811 0.291393 0.292793 0.291393
0 0.980483 0.708767 0.911467 0.705648 0.930460 0.285328 0.999475 0.288446
0 0.406520 0.652453 0.333978 0.652453 0.333978 0.276652 0.406520 0.276652
0 0.747246 0.667272 0.674144 0.667272 0.674144 0.278920 0.747246 0.278920
0 0.350584 0.664308 0.277870 0.664308 0.277870 0.283368 0.350584 0.283368
0 0.574685 0.646526 0.502112 0.646526 0.502112 0.274568 0.574685 0.274568
0 0.464166 0.650971 0.390234 0.650971 0.390234 0.272007 0.464166 0.272007
0 0.517850 0.653935 0.446432 0.653935 0.446432 0.272618 0.517850 0.272618
0 0.094734 0.710248 0.021484 0.710248 0.021484 0.309975 0.094734 0.309975
0 0.027814 0.719093 0.000199 0.719093 0.000199 0.313865 0.027814 0.313865
