0 0.993750 0.318056 0.956250 0.318056 0.956250 0.001389 0.993750 0.001389
0 0.958593 0.295833 0.924218 0.295833 0.924218 0.001389 0.958593 0.001389
0 0.927344 0.286111 0.892188 0.286111 0.892188 0.001389 0.927344 0.001389
0 0.897656 0.283333 0.868750 0.283333 0.868750 0.001389 0.897656 0.001389
0 0.871874 0.266667 0.846093 0.266667 0.846093 0.001389 0.871874 0.001389
0 0.852344 0.261111 0.824219 0.261111 0.824219 0.001389 0.852344 0.001389
0 0.825781 0.236111 0.803125 0.236111 0.803125 0.001389 0.825781 0.001389
0 0.804687 0.236111 0.782031 0.236111 0.782031 0.001389 0.804687 0.001389
0 0.785157 0.215276 0.763281 0.215276 0.763281 0.001388 0.785157 0.001388
0 0.768751 0.204167 0.748437 0.204167 0.748437 0.001389 0.768751 0.001389
0 0.750781 0.204167 0.730468 0.204167 0.730468 0.001389 0.750781 0.001389
0 0.735938 0.204167 0.715624 0.204167 0.715624 0.001389 0.735938 0.001389
0 0.721094 0.179167 0.700781 0.179167 0.700781 0.001389 0.721094 0.001389
0 0.709375 0.172224 0.688281 0.172224 0.688281 0.001389 0.709375 0.001389
0 0.698438 0.166667 0.677344 0.166667 0.677344 0.001389 0.698438 0.001389
0 0.684376 0.155556 0.666406 0.155556 0.666406 0.001388 0.684376 0.001388
0 0.685937 0.894444 0.255468 0.894444 0.255468 0.080556 0.685937 0.080556
0 0.667827 0.152162 0.653868 0.152075 0.654799 0.001388 0.668758 0.001474
0 0.659792 0.150774 0.645833 0.150688 0.646763 0.000000 0.660722 0.000086
0 0.651756 0.150774 0.637796 0.150688 0.638727 0.000000 0.652687 0.000086
0 0.643720 0.150774 0.629761 0.150688 0.630692 0.000000 0.644651 0.000086
0 0.632143 0.131437 0.618168 0.131150 0.620870 0.000000 0.634846 0.000288
0 0.558740 0.150503 0.557143 0.000000 0.624322 -0.000713 0.625919 0.149790
