0 0.094858 0.845103 -0.080249 0.771379 0.012091 0.552055 0.187198 0.625779
0 0.266170 0.674132 -0.025960 0.617819 0.003358 0.465731 0.295488 0.522044
0 0.534385 0.766548 0.490817 0.766548 0.490817 0.287484 0.534385 0.287484
0 0.625608 0.628946 0.594308 0.628946 0.594308 0.223586 0.625608 0.223586
0 0.568694 0.711760 0.530914 0.711760 0.530914 0.259139 0.568694 0.259139
0 0.653353 0.584533 0.625997 0.584533 0.625997 0.209274 0.653353 0.209274
0 0.596984 0.662233 0.566430 0.662233 0.566430 0.247069 0.596984 0.247069
0 0.491337 0.832825 0.439061 0.832825 0.439061 0.334755 0.491337 0.334755
0 0.447025 0.894162 0.389077 0.894162 0.389077 0.353135 0.447025 0.353135
0 0.369841 0.526090 0.096088 0.498429 0.107989 0.380649 0.381742 0.408310
0 0.678482 0.547822 0.651560 0.547822 0.651560 0.195972 0.678482 0.195972
0 0.042812 0.929013 0.000110 0.929013 0.000110 0.753064 0.042812 0.753064
0 0.697112 0.528102 0.674720 0.528102 0.674720 0.184892 0.697112 0.184892
0 0.714290 0.502482 0.696747 0.502409 0.698092 0.176224 0.715635 0.176296
0 0.728500 0.484727 0.711018 0.484626 0.712843 0.168788 0.730325 0.168889
0 0.742425 0.458185 0.724853 0.457845 0.730591 0.161142 0.748164 0.161481
0 0.753366 0.428583 0.737333 0.428090 0.745772 0.153581 0.761805 0.154074
0 0.767616 0.413711 0.754172 0.413377 0.760952 0.140777 0.774397 0.141111
0 0.777894 0.397540 0.764851 0.397145 0.772896 0.131457 0.785939 0.131852
