0 0.076623 0.491286 -0.000804 0.480565 0.026239 0.285253 0.103666 0.295974
0 0.199820 0.518329 0.021034 0.518329 0.021034 0.315505 0.199820 0.315505
0 0.784255 0.625601 0.751803 0.625601 0.751803 0.323918 0.784255 0.323918
0 0.765024 0.645433 0.722957 0.645433 0.722957 0.335337 0.765024 0.335337
0 0.739183 0.679687 0.698317 0.679687 0.698317 0.337139 0.739183 0.337139
0 0.709736 0.703125 0.658053 0.703125 0.658053 0.342548 0.709736 0.342548
0 0.639738 0.837276 0.335036 0.826322 0.352429 0.342496 0.657131 0.353449
0 0.199828 0.507923 0.184763 0.304545 0.219351 0.301983 0.234416 0.505361
0 0.687199 0.728666 0.635517 0.728666 0.635517 0.368089 0.687199 0.368089
0 0.794772 0.604567 0.762320 0.604567 0.762320 0.302885 0.794772 0.302885
0 0.812800 0.604567 0.780348 0.604567 0.780348 0.302885 0.812800 0.302885
0 0.824820 0.594051 0.792368 0.594051 0.792368 0.292368 0.824820 0.292368
