0 0.946952 0.232057 0.846787 0.206339 0.854923 0.174650 0.955088 0.200368
0 0.069180 0.222449 0.062539 0.196581 0.148175 0.174594 0.154817 0.200462
0 0.134661 0.218986 0.127469 0.196175 0.195147 0.174836 0.202339 0.197647
0 0.194620 0.216950 0.187261 0.197476 0.246558 0.175069 0.253917 0.194543
0 0.247098 0.219378 0.238528 0.198990 0.295834 0.174901 0.304404 0.195288
0 0.301437 0.218960 0.293204 0.195966 0.346977 0.176713 0.355210 0.199707
0 0.368677 0.226426 0.350072 0.202953 0.387957 0.172925 0.406562 0.196398
0 0.446250 0.217404 0.408029 0.217404 0.408029 0.184712 0.446250 0.184712
0 0.494135 0.217861 0.450385 0.217861 0.450385 0.185625 0.494135 0.185625
0 0.551250 0.217404 0.499207 0.217404 0.499207 0.182861 0.551250 0.182861
0 0.600986 0.220168 0.555841 0.220168 0.555841 0.183317 0.600986 0.183317
0 0.656250 0.218798 0.606058 0.218798 0.606058 0.185168 0.656250 0.185168
0 0.746971 0.225697 0.683870 0.225697 0.683870 0.190697 0.746971 0.190697
0 0.799014 0.231226 0.739591 0.231226 0.739591 0.187476 0.799014 0.187476
0 0.878221 0.228918 0.800385 0.228918 0.800385 0.189784 0.878221 0.189784
0 0.165385 0.184062 0.120481 0.184062 0.120481 0.167572 0.165385 0.167572
0 0.453582 0.179856 0.414832 0.179856 0.414832 0.159880 0.453582 0.159880
0 0.504255 0.189447 0.460889 0.189447 0.460889 0.158726 0.504255 0.158726
0 0.540337 0.186370 0.506563 0.186370 0.506563 0.163341 0.540337 0.163341
0 0.578702 0.183293 0.543389 0.183293 0.543389 0.159880 0.578702 0.159880
0 0.617837 0.182524 0.582163 0.182524 0.582163 0.162957 0.617837 0.162957
0 0.647404 0.182909 0.621683 0.182909 0.621683 0.161034 0.647404 0.161034
0 0.406899 0.173462 0.355841 0.173462 0.355841 0.156875 0.406899 0.156875
0 0.355168 0.178101 0.318702 0.178101 0.318702 0.155553 0.355168 0.155553
0 0.312716 0.176779 0.276250 0.176779 0.276250 0.158870 0.312716 0.158870
0 0.268966 0.180745 0.238462 0.180745 0.238462 0.158197 0.268966 0.158197
0 0.229159 0.179423 0.205288 0.179423 0.205288 0.154904 0.229159 0.154904
0 0.196010 0.179423 0.156875 0.179423 0.156875 0.156875 0.196010 0.156875
0 0.742452 0.182091 0.701995 0.182091 0.701995 0.161514 0.742452 0.161514
0 0.687404 0.192692 0.655577 0.192692 0.655577 0.160865 0.687404 0.160865
0 0.787548 0.185409 0.748413 0.185409 0.748413 0.164183 0.787548 0.164183
