0 0.997596 0.744351 0.847812 0.744351 0.847812 0.666779 0.997596 0.666779
0 0.878012 0.666964 0.661514 0.640764 0.735065 0.032988 0.951563 0.059188
0 0.276329 0.527815 0.092623 0.505584 0.155065 -0.010411 0.338772 0.011820
0 0.124038 0.486370 0.000481 0.486370 0.000481 0.000841 0.124038 0.000841
0 0.931947 0.998438 0.713341 0.998438 0.713341 0.876058 0.931947 0.876058
0 0.727596 0.998437 0.546995 0.998437 0.546995 0.849928 0.727596 0.849928
0 0.354519 0.998438 0.228582 0.998438 0.228582 0.792909 0.354519 0.792909
0 0.204832 0.998437 0.064639 0.998437 0.064639 0.728750 0.204832 0.728750
0 0.059880 0.997260 0.007596 0.997260 0.007596 0.704976 0.059880 0.704976
0 0.518750 0.582812 0.293750 0.582812 0.293750 0.000000 0.518750 0.000000
0 0.728125 0.614062 0.507812 0.614062 0.507812 0.006250 0.728125 0.006250
