1 0.890986 0.275169 0.877067 0.275169 0.877067 0.176250 0.890986 0.176250
1 0.914534 0.585366 0.911962 0.493284 0.929023 0.492808 0.931595 0.584889
1 0.931410 0.584452 0.928838 0.492372 0.945899 0.491895 0.948470 0.583975
1 0.115567 0.808605 0.061433 0.801189 0.087053 0.614161 0.141187 0.621576
1 0.164437 0.815518 0.111752 0.805372 0.145275 0.631286 0.197961 0.641431
1 0.219448 0.820552 0.169162 0.815355 0.187019 0.642574 0.237305 0.647770
1 0.271325 0.825560 0.221197 0.821263 0.235911 0.649631 0.286039 0.653929
1 0.335289 0.823102 0.283847 0.823102 0.283847 0.663991 0.335289 0.663991
1 0.371119 0.837284 0.314403 0.833716 0.323980 0.681491 0.380695 0.685059
1 0.422620 0.824303 0.375961 0.824303 0.375961 0.677139 0.422620 0.677139
1 0.899806 0.582599 0.897172 0.488237 0.914209 0.487761 0.916844 0.582123
1 0.451923 0.803966 0.417236 0.803966 0.417236 0.664591 0.451923 0.664591
1 0.499183 0.801562 0.466875 0.801562 0.466875 0.656803 0.499183 0.656803
1 0.532669 0.800361 0.500961 0.800361 0.500961 0.657405 0.532669 0.657405
1 0.569759 0.787813 0.542836 0.787813 0.542836 0.653822 0.569759 0.653822
1 0.598461 0.780625 0.569759 0.780625 0.569759 0.652019 0.598461 0.652019
1 0.623005 0.773462 0.599063 0.773462 0.599063 0.649639 0.623005 0.649639
1 0.628569 0.765494 0.619903 0.638384 0.645038 0.636670 0.653703 0.763780
1 0.676225 0.768678 0.649303 0.768678 0.649303 0.641852 0.676225 0.641852
1 0.699567 0.759087 0.672044 0.759087 0.672044 0.638870 0.699567 0.638870
1 0.722884 0.754303 0.699567 0.754303 0.699567 0.635288 0.722884 0.635288
1 0.728122 0.751853 0.722483 0.636556 0.746973 0.635358 0.752612 0.750655
1 0.772475 0.747741 0.749206 0.747741 0.749206 0.631683 0.772475 0.631683
1 0.792164 0.743991 0.771803 0.743991 0.771803 0.631419 0.792164 0.631419
1 0.812933 0.738581 0.792572 0.738581 0.792572 0.631009 0.812933 0.631009
1 0.832044 0.736106 0.810433 0.736106 0.810433 0.628919 0.832044 0.628919
1 0.851153 0.727787 0.832044 0.727787 0.832044 0.628509 0.851153 0.628509
1 0.868173 0.730697 0.849903 0.730697 0.849903 0.627259 0.868173 0.627259
1 0.870150 0.715391 0.863733 0.613404 0.882398 0.612230 0.888816 0.714216
1 0.886567 0.704195 0.880584 0.609093 0.899225 0.607920 0.905208 0.703023
1 0.905870 0.697860 0.899884 0.602734 0.916583 0.601684 0.922569 0.696809
1 0.923033 0.691563 0.917048 0.596461 0.933770 0.595409 0.939755 0.690510
1 0.937984 0.687813 0.932000 0.592711 0.948722 0.591659 0.954706 0.686760
1 0.955028 0.680769 0.949044 0.585643 0.965742 0.584592 0.971727 0.679718
1 0.996109 0.001305 0.996000 0.001266 0.996145 0.000858 0.996255 0.000897
1 0.166947 0.550817 0.106442 0.550817 0.106442 0.367764 0.166947 0.367764
1 0.221620 0.552755 0.170620 0.550885 0.176769 0.383184 0.227769 0.385054
1 0.266736 0.562727 0.222583 0.561108 0.228553 0.398284 0.272706 0.399903
1 0.308662 0.567737 0.267944 0.566244 0.273766 0.407480 0.314484 0.408973
1 0.363000 0.572184 0.323770 0.570746 0.329236 0.421686 0.368466 0.423124
1 0.405072 0.576241 0.368870 0.574913 0.374134 0.431355 0.410336 0.432683
1 0.439484 0.580149 0.405300 0.578895 0.410347 0.441245 0.444531 0.442499
1 0.478973 0.584227 0.445245 0.582991 0.450258 0.446302 0.483986 0.447538
1 0.511892 0.587797 0.480111 0.586631 0.485008 0.453091 0.516789 0.454256
1 0.543908 0.588717 0.514528 0.587640 0.519242 0.459119 0.548622 0.460197
1 0.565998 0.592185 0.544113 0.591383 0.548834 0.462622 0.570720 0.463424
1 0.597286 0.596914 0.567906 0.595837 0.572691 0.465370 0.602070 0.466448
1 0.623434 0.594049 0.600925 0.593223 0.605581 0.466217 0.628091 0.467042
1 0.629000 0.589817 0.625578 0.467267 0.652034 0.466528 0.655456 0.589078
1 0.657847 0.591668 0.654423 0.469119 0.680856 0.468380 0.684280 0.590930
1 0.684258 0.596146 0.680945 0.477562 0.707834 0.476811 0.711147 0.595395
1 0.715170 0.595660 0.712098 0.485678 0.735047 0.485037 0.738119 0.595019
1 0.740006 0.593533 0.737020 0.486603 0.757397 0.486034 0.760383 0.592964
1 0.762881 0.591089 0.759961 0.486561 0.777383 0.486074 0.780303 0.590602
1 0.781781 0.588269 0.778902 0.485183 0.800936 0.484567 0.803816 0.587653
1 0.804328 0.585866 0.801450 0.482779 0.823486 0.482164 0.826364 0.585250
1 0.826853 0.585889 0.823973 0.482803 0.846008 0.482188 0.848888 0.585274
1 0.849400 0.584497 0.846520 0.481413 0.863581 0.480936 0.866461 0.584020
1 0.866636 0.583969 0.863756 0.480883 0.880817 0.480406 0.883697 0.583492
1 0.882765 0.578920 0.879886 0.475834 0.896924 0.475358 0.899803 0.578444
1 0.093028 0.222933 0.035722 0.222933 0.035722 0.040697 0.093028 0.040697
1 0.137541 0.255511 0.083011 0.247458 0.108061 0.077830 0.162591 0.085883
1 0.179992 0.284027 0.127319 0.275306 0.154744 0.109652 0.207417 0.118372
1 0.240481 0.320111 0.193656 0.315107 0.211225 0.150705 0.258050 0.155709
1 0.283228 0.346364 0.239175 0.338438 0.267781 0.179453 0.311834 0.187380
1 0.342542 0.367023 0.305361 0.363181 0.320992 0.211919 0.358173 0.215761
1 0.385866 0.371755 0.347669 0.371755 0.347669 0.218173 0.385866 0.218173
1 0.426467 0.381298 0.385072 0.381298 0.385072 0.233294 0.426467 0.233294
1 0.456706 0.390866 0.421683 0.390866 0.421683 0.242838 0.456706 0.242838
1 0.494111 0.395625 0.457500 0.395625 0.457500 0.255577 0.494111 0.255577
1 0.521947 0.394037 0.490120 0.394037 0.490120 0.258750 0.521947 0.258750
1 0.553775 0.398030 0.522741 0.398030 0.522741 0.261947 0.553775 0.261947
1 0.586419 0.401995 0.554688 0.401995 0.554688 0.265912 0.586419 0.265912
1 0.610217 0.397213 0.582428 0.397213 0.582428 0.269905 0.610217 0.269905
1 0.636298 0.403822 0.609423 0.403822 0.609423 0.276419 0.636298 0.276419
1 0.665072 0.406852 0.633222 0.406852 0.633222 0.283702 0.665072 0.283702
1 0.690025 0.411875 0.663150 0.411875 0.663150 0.288702 0.690025 0.288702
1 0.715336 0.414544 0.686178 0.414544 0.686178 0.292884 0.715336 0.292884
1 0.736827 0.421491 0.708822 0.421491 0.708822 0.300169 0.736827 0.300169
1 0.762933 0.421827 0.734158 0.421827 0.734158 0.305192 0.762933 0.305192
1 0.784423 0.426852 0.761394 0.426852 0.761394 0.312500 0.784423 0.312500
1 0.801322 0.427620 0.782884 0.427620 0.782884 0.319736 0.801322 0.319736
1 0.829327 0.429544 0.801322 0.429544 0.801322 0.320553 0.829327 0.320553
1 0.850817 0.429544 0.830481 0.429544 0.830481 0.321322 0.850817 0.321322
1 0.865794 0.429111 0.847741 0.429111 0.847741 0.318966 0.865794 0.318966
1 0.884592 0.424134 0.865408 0.424134 0.865408 0.322861 0.884592 0.322861
1 0.901850 0.417259 0.885361 0.417259 0.885361 0.324736 0.901850 0.324736
1 0.921827 0.414544 0.904544 0.414544 0.904544 0.323630 0.921827 0.323630
1 0.938701 0.412644 0.920289 0.412644 0.920289 0.318630 0.938701 0.318630
1 0.954062 0.411491 0.939086 0.411491 0.939086 0.313702 0.954062 0.313702
1 0.192356 0.053463 0.133991 0.053463 0.133991 0.001058 0.192356 0.001058
1 0.236130 0.076009 0.187044 0.076009 0.187044 0.000000 0.236130 0.000000
1 0.279231 0.087933 0.229495 0.087933 0.229495 0.000000 0.279231 0.000000
1 0.323005 0.110481 0.275264 0.110481 0.275264 0.000000 0.323005 0.000000
1 0.370097 0.129063 0.327644 0.129063 0.327644 0.000000 0.370097 0.000000
1 0.401923 0.146298 0.359472 0.146298 0.359472 0.000000 0.401923 0.000000
1 0.451658 0.166202 0.415842 0.166202 0.415842 0.017644 0.451658 0.017644
1 0.480169 0.180769 0.442380 0.180769 0.442380 0.035553 0.480169 0.035553
1 0.507356 0.189398 0.479519 0.189398 0.479519 0.046827 0.507356 0.046827
1 0.539183 0.213269 0.504711 0.213269 0.504711 0.068702 0.539183 0.068702
1 0.567717 0.212620 0.536539 0.212620 0.536539 0.078655 0.567717 0.078655
1 0.598222 0.223220 0.565722 0.223220 0.565722 0.089255 0.598222 0.089255
1 0.628414 0.230409 0.596923 0.230409 0.596923 0.100553 0.628414 0.100553
1 0.654952 0.233727 0.630072 0.233727 0.630072 0.105530 0.654952 0.105530
1 0.680361 0.231514 0.654400 0.231514 0.654400 0.108294 0.680361 0.108294
1 0.706900 0.233727 0.682019 0.233727 0.682019 0.108845 0.706900 0.108845
1 0.730120 0.234280 0.709664 0.234280 0.709664 0.118773 0.730120 0.118773
1 0.752764 0.250312 0.730600 0.250312 0.730600 0.129831 0.752764 0.129831
1 0.775433 0.253630 0.753269 0.253630 0.753269 0.138678 0.775433 0.138678
1 0.801347 0.262477 0.778197 0.262477 0.778197 0.146419 0.801347 0.146419
1 0.815722 0.262477 0.798077 0.262477 0.798077 0.151947 0.815722 0.151947
1 0.821428 0.263575 0.813373 0.153895 0.829005 0.152747 0.837059 0.262427
1 0.856611 0.266898 0.835673 0.266898 0.835673 0.160794 0.856611 0.160794
1 0.873798 0.269111 0.856611 0.269111 0.856611 0.167428 0.873798 0.167428
1 0.909711 0.274087 0.891491 0.274087 0.891491 0.174591 0.909711 0.174591
1 0.930673 0.278486 0.913581 0.278486 0.913581 0.187308 0.930673 0.187308
1 0.944544 0.283462 0.930169 0.283462 0.930169 0.187308 0.944544 0.187308
1 0.959447 0.288991 0.947236 0.288991 0.947236 0.190072 0.959447 0.190072
1 0.978750 0.284567 0.961658 0.284567 0.961658 0.193942 0.978750 0.193942
1 0.989231 0.286227 0.974928 0.286227 0.974928 0.200023 0.989231 0.200023
1 0.998437 0.295072 0.988750 0.295072 0.988750 0.205553 0.998437 0.205553
1 0.556442 0.015912 0.506706 0.015912 0.506706 0.000000 0.556442 0.000000
1 0.586827 0.022837 0.555986 0.022837 0.555986 0.000000 0.586827 0.000000
1 0.612620 0.035720 0.585456 0.035720 0.585456 0.000000 0.612620 0.000000
1 0.613533 0.042162 0.613533 0.000000 0.640241 0.000000 0.640241 0.042162
1 0.663269 0.048606 0.639783 0.048606 0.639783 0.000000 0.663269 0.000000
1 0.692283 0.057356 0.667884 0.057356 0.667884 0.000000 0.692283 0.000000
1 0.720384 0.068412 0.696442 0.068412 0.696442 0.000000 0.720384 0.000000
1 0.739255 0.074398 0.720384 0.074398 0.720384 0.000000 0.739255 0.000000
1 0.760914 0.081322 0.741106 0.081322 0.741106 0.000000 0.760914 0.000000
1 0.784856 0.090072 0.765505 0.090072 0.765505 0.000000 0.784856 0.000000
1 0.803750 0.093294 0.782092 0.093294 0.782092 0.000000 0.803750 0.000000
1 0.818942 0.099736 0.801442 0.099736 0.801442 0.000000 0.818942 0.000000
1 0.839664 0.107116 0.816634 0.107116 0.816634 0.000264 0.839664 0.000264
1 0.859014 0.115384 0.842428 0.115384 0.842428 0.010384 0.859014 0.010384
1 0.871900 0.122308 0.856250 0.122308 0.856250 0.020986 0.871900 0.020986
1 0.893533 0.135192 0.869592 0.135192 0.869592 0.027428 0.893533 0.027428
1 0.908750 0.139352 0.889400 0.139352 0.889400 0.038942 0.908750 0.038942
1 0.928077 0.147162 0.911514 0.147162 0.911514 0.049544 0.928077 0.049544
1 0.940986 0.153630 0.926706 0.153630 0.926706 0.057356 0.940986 0.057356
1 0.955264 0.162380 0.937283 0.162380 0.937283 0.066106 0.955264 0.066106
1 0.058890 0.554910 -0.003986 0.543331 0.032812 0.343508 0.095689 0.355087
