0 0.831992 0.998611 0.274127 0.998611 0.274127 0.064000 0.831992 0.064000
0 0.984162 0.275088 0.952954 0.275088 0.952954 0.005394 0.984162 0.005394
0 0.908379 0.230650 0.881107 0.230650 0.881107 0.004690 0.908379 0.004690
0 0.957878 0.254483 0.928094 0.254483 0.928094 0.005499 0.957878 0.005499
0 0.932727 0.243031 0.903985 0.243031 0.903985 0.003651 0.932727 0.003651
0 0.999219 0.291608 0.980772 0.291608 0.980772 0.009771 0.999219 0.009771
0 0.885702 0.221653 0.860168 0.221653 0.860168 0.001042 0.885702 0.001042
0 0.846550 0.203358 0.823634 0.203358 0.823634 0.001681 0.846550 0.001681
0 0.829420 0.188172 0.807130 0.188172 0.807130 0.000907 0.829420 0.000907
0 0.865865 0.212767 0.842173 0.212767 0.842173 0.001251 0.865865 0.001251
0 0.808929 0.174308 0.788383 0.174098 0.790168 -0.000210 0.810714 0.000000
0 0.795536 0.174308 0.774988 0.174308 0.774988 0.000000 0.795536 0.000000
0 0.781248 0.160187 0.764352 0.159999 0.766140 -0.000189 0.783036 0.000000
0 0.768748 0.160187 0.751852 0.159999 0.753640 -0.000189 0.770536 0.000000
0 0.742857 0.136201 0.730366 0.135874 0.733938 -0.000327 0.746428 0.000000
0 0.733036 0.136201 0.720545 0.135874 0.724116 -0.000328 0.736607 0.000000
0 0.723913 0.123894 0.711431 0.123425 0.716089 -0.000469 0.728571 0.000000
0 0.714232 0.125462 0.643081 0.123492 0.646555 -0.001971 0.717706 0.000000
