0 0.145151 0.646366 -0.035315 0.601825 0.000856 0.455273 0.181322 0.499815
0 0.270813 0.561937 0.040238 0.524638 0.059877 0.403238 0.290451 0.440538
0 0.422233 0.863862 0.365635 0.863862 0.365635 0.366755 0.422233 0.366755
0 0.474074 0.784895 0.421446 0.784895 0.421446 0.344923 0.474074 0.344923
0 0.546045 0.688932 0.512177 0.688932 0.512177 0.292658 0.546045 0.292658
0 0.513675 0.705920 0.472965 0.705920 0.472965 0.319450 0.513675 0.319450
0 0.575065 0.612401 0.544915 0.612401 0.544915 0.281869 0.575065 0.281869
0 0.292801 0.946326 0.276952 0.409799 0.351102 0.407608 0.366951 0.944136
0 0.571878 0.582475 0.571167 0.274507 0.598111 0.274444 0.598823 0.582413
0 0.621319 0.546973 0.601259 0.546908 0.602185 0.261416 0.622246 0.261481
0 0.623924 0.511343 0.621104 0.250610 0.643232 0.250370 0.646052 0.511103
0 0.665843 0.486192 0.644071 0.486150 0.644546 0.241069 0.666317 0.241111
0 0.678980 0.461236 0.662037 0.460933 0.666163 0.229698 0.683106 0.230000
0 0.693092 0.444929 0.677332 0.444596 0.682037 0.222259 0.697796 0.222593
0 0.706556 0.421267 0.691254 0.420831 0.697185 0.212897 0.712487 0.213333
