0 0.274081 0.979465 0.147890 0.853274 0.233058 0.768107 0.359248 0.894298
0 0.159782 0.898869 0.091950 0.797358 0.284448 0.668727 0.352279 0.770238
0 0.684356 0.931260 0.285150 0.532054 0.327496 0.489707 0.726703 0.888914
0 0.668224 0.828730 0.310729 0.471235 0.351580 0.430384 0.709075 0.787879
0 0.640208 0.649759 0.360277 0.369828 0.387209 0.342896 0.667140 0.622827
0 0.653542 0.604181 0.374714 0.325353 0.397001 0.303066 0.675829 0.581894
0 0.652741 0.729980 0.339700 0.416939 0.371911 0.384729 0.684951 0.697770
0 0.685894 1.020284 0.261206 0.620385 0.305743 0.573087 0.730432 0.972985
0 0.626067 0.531918 0.394639 0.301735 0.413642 0.282630 0.645070 0.512813
0 0.617559 0.479584 0.404964 0.259299 0.421642 0.243204 0.634236 0.463489
0 0.616587 0.442897 0.418472 0.237948 0.435521 0.221468 0.633636 0.426417
0 0.612185 0.407460 0.426398 0.214320 0.441020 0.200255 0.626806 0.393395
0 0.606610 0.373175 0.437130 0.192954 0.449137 0.181662 0.618618 0.361882
0 0.602010 0.350181 0.440105 0.173983 0.452410 0.162675 0.614315 0.338873
0 0.598865 0.324337 0.446456 0.157174 0.457560 0.147050 0.609970 0.314212
0 0.591528 0.295902 0.452002 0.141075 0.462710 0.131424 0.602236 0.286251
