0 0.139686 0.702839 0.068376 0.702839 0.068376 0.360640 0.139686 0.360640
0 0.193218 0.698388 0.129575 0.698388 0.129575 0.361650 0.193218 0.361650
0 0.624829 0.652449 0.575153 0.652449 0.575153 0.380452 0.624829 0.380452
0 0.081124 0.719140 0.009433 0.719140 0.009433 0.360070 0.081124 0.360070
0 0.584934 0.652449 0.534928 0.652449 0.534928 0.377517 0.584934 0.377517
0 0.337077 0.671714 0.283909 0.671714 0.283909 0.367067 0.337077 0.367067
0 0.244645 0.688015 0.181780 0.688015 0.181780 0.364207 0.244645 0.364207
0 0.825721 0.717997 0.777647 0.712859 0.809942 0.410679 0.858016 0.415817
0 0.295293 0.680606 0.236025 0.680606 0.236025 0.366534 0.295293 0.366534
0 0.729696 0.679123 0.685719 0.674490 0.714953 0.397037 0.758929 0.401670
0 0.445851 0.654457 0.408368 0.652416 0.423639 0.371981 0.461121 0.374022
0 0.543909 0.649485 0.494691 0.649485 0.494691 0.374625 0.543909 0.374625
0 0.382136 0.658377 0.326408 0.658377 0.326408 0.369232 0.382136 0.369232
0 0.775751 0.700967 0.731888 0.696379 0.762407 0.404608 0.806270 0.409196
0 0.421472 0.653931 0.371989 0.653931 0.371989 0.370400 0.421472 0.370400
0 0.489612 0.653931 0.442317 0.652476 0.450909 0.373158 0.498204 0.374613
0 0.646377 0.660339 0.605673 0.657818 0.622468 0.386549 0.663172 0.389069
0 0.874409 0.734298 0.826335 0.729160 0.858631 0.426981 0.906705 0.432119
0 0.919740 0.752081 0.871666 0.746943 0.903961 0.444763 0.952035 0.449901
0 0.967705 0.768382 0.919632 0.763244 0.951926 0.461064 1.000000 0.466202
