0 0.200175 0.951157 0.109488 0.815106 0.258138 0.716022 0.348825 0.852073
0 0.655377 0.903040 0.242279 0.489942 0.284543 0.447678 0.697641 0.860776
0 0.635886 0.721866 0.298017 0.383997 0.330320 0.351693 0.668190 0.689562
0 0.641908 0.806319 0.272032 0.436443 0.310793 0.397682 0.680669 0.767558
0 0.622796 0.593316 0.333060 0.303580 0.358131 0.278509 0.647867 0.568245
0 0.672504 1.010949 0.218579 0.557025 0.264379 0.511225 0.718304 0.965150
0 0.618666 0.541901 0.348433 0.271668 0.370277 0.249824 0.640510 0.520057
0 0.128148 0.860618 0.060728 0.766730 0.276314 0.611920 0.343734 0.705808
0 0.630669 0.654830 0.315812 0.339974 0.343307 0.312479 0.658164 0.627335
0 0.253974 1.009193 0.188694 0.892321 0.247573 0.859434 0.312853 0.976305
0 0.618890 0.498729 0.360403 0.240242 0.379550 0.221095 0.638037 0.479581
0 0.610699 0.452370 0.370196 0.211867 0.387585 0.194478 0.628088 0.434981
0 0.138090 0.762181 0.076305 0.683648 0.274902 0.527406 0.336687 0.605940
