0 0.579327 0.998438 0.403846 0.998438 0.403846 0.794110 0.579327 0.794110
0 0.588942 0.998438 0.406250 0.998438 0.406250 0.815745 0.588942 0.815745
0 0.590745 0.982813 0.406851 0.982813 0.406851 0.797716 0.590745 0.797716
0 0.599760 0.933534 0.405048 0.933534 0.405048 0.702764 0.599760 0.702764
0 0.609375 0.907692 0.407452 0.907692 0.407452 0.685336 0.609375 0.685336
0 0.618990 0.889063 0.402644 0.889063 0.402644 0.677524 0.618990 0.677524
0 0.629808 0.852404 0.406250 0.852404 0.406250 0.637260 0.629808 0.637260
0 0.641226 0.824760 0.414062 0.824760 0.414062 0.595192 0.641226 0.595192
0 0.655649 0.789904 0.406851 0.789904 0.406851 0.538702 0.655649 0.538702
0 0.667668 0.762260 0.404447 0.762260 0.404447 0.470192 0.667668 0.470192
0 0.683293 0.716587 0.400841 0.716587 0.400841 0.419712 0.683293 0.419712
0 0.691707 0.676322 0.402043 0.676322 0.402043 0.315745 0.691707 0.315745
0 0.719952 0.633654 0.397837 0.633654 0.397837 0.281490 0.719952 0.281490
0 0.784856 0.583774 0.393029 0.583774 0.393029 0.276082 0.784856 0.276082
0 0.819111 0.509856 0.394832 0.509856 0.394832 0.186539 0.819111 0.186539
0 0.855769 0.466587 0.384615 0.466587 0.384615 0.039904 0.855769 0.039904
0 0.599760 0.958173 0.467548 0.958173 0.467548 0.786298 0.599760 0.786298
