1 0.615192 0.144616 0.555337 0.144616 0.555337 0.102259 0.615192 0.102259
1 0.549808 0.146009 0.487163 0.146009 0.487163 0.102259 0.549808 0.102259
1 0.362356 0.149231 0.283148 0.149231 0.283148 0.104087 0.362356 0.104087
1 0.489470 0.152909 0.422692 0.152909 0.422692 0.103173 0.489470 0.103173
1 0.371759 0.163395 0.347515 0.121572 0.411029 0.084754 0.435274 0.126577
1 0.884944 0.623580 0.788573 0.604666 0.878061 0.148700 0.974431 0.167614
1 0.791194 0.619319 0.694823 0.600405 0.784311 0.144438 0.880681 0.163352
1 0.617898 0.620739 0.533238 0.610939 0.584374 0.169177 0.669034 0.178977
1 0.548295 0.602273 0.459234 0.596141 0.489064 0.162902 0.578125 0.169034
1 0.471591 0.595170 0.383105 0.590746 0.404413 0.164610 0.492898 0.169034
1 0.317941 0.590387 0.306577 0.171352 0.392045 0.169034 0.403409 0.588069
1 0.248339 0.584704 0.236977 0.165669 0.322444 0.163352 0.333806 0.582386
