0 0.905870 0.637661 0.856150 0.454648 0.997347 0.416289 1.047066 0.599302
0 0.532541 0.628458 0.501836 0.628458 0.501836 0.204765 0.532541 0.204765
0 0.785236 0.498062 0.762971 0.377588 0.995499 0.334613 1.017765 0.455087
0 0.502029 0.587526 0.474159 0.587526 0.474159 0.196622 0.502029 0.196622
0 0.602561 0.722413 0.564587 0.722413 0.564587 0.246532 0.602561 0.246532
0 0.695890 0.848782 0.639555 0.848782 0.639555 0.287948 0.695890 0.287948
0 0.643666 0.779105 0.599337 0.779105 0.599337 0.263103 0.643666 0.263103
0 0.474985 0.546712 0.451648 0.546712 0.451648 0.183941 0.474985 0.183941
0 0.568073 0.677228 0.532957 0.677228 0.532957 0.235482 0.568073 0.235482
0 0.710880 0.432641 0.693296 0.337577 0.948696 0.290333 0.966281 0.385397
0 0.437756 0.529169 0.429707 0.181852 0.447052 0.181450 0.455101 0.528767
0 0.421094 0.505377 0.412918 0.174444 0.428079 0.174070 0.436255 0.505003
0 0.409552 0.471447 0.394030 0.163333 0.409239 0.162567 0.424761 0.470681
0 0.394999 0.450748 0.382488 0.157778 0.395328 0.157230 0.407839 0.450200
0 0.381765 0.428449 0.371995 0.150370 0.384889 0.149917 0.394660 0.427996
0 0.369071 0.404987 0.357304 0.144815 0.372820 0.144113 0.384587 0.404285
0 0.358173 0.388552 0.347860 0.137407 0.361682 0.136840 0.371995 0.387984
0 0.343057 0.378403 0.330022 0.137407 0.344688 0.136614 0.357724 0.377610
0 0.327504 0.362792 0.315332 0.135556 0.328804 0.134834 0.340976 0.362070
0 0.314072 0.353900 0.299592 0.130000 0.312417 0.129170 0.326898 0.353070
0 0.297800 0.347566 0.281753 0.130000 0.296347 0.128924 0.312393 0.346490
0 0.274633 0.233229 0.267063 0.120741 0.279639 0.119894 0.287210 0.232382
