1 0.676538 0.636923 0.539567 0.636923 0.539567 0.044519 0.676538 0.044519
1 0.522788 0.597428 0.432067 0.597428 0.432067 0.121466 0.522788 0.121466
1 0.438413 0.575938 0.360433 0.575938 0.360433 0.175577 0.438413 0.175577
1 0.381923 0.568774 0.314279 0.568774 0.314279 0.230481 0.381923 0.230481
1 0.327019 0.555240 0.282452 0.555240 0.282452 0.247188 0.327019 0.247188
1 0.853029 1.000000 0.639760 1.000000 0.639760 0.744567 0.853029 0.744567
1 0.622260 1.000000 0.493341 1.000000 0.493341 0.682500 0.622260 0.682500
1 0.482187 1.000000 0.401010 1.000000 0.401010 0.655433 0.482187 0.655433
1 0.407380 1.000000 0.343726 1.000000 0.343726 0.629976 0.407380 0.629976
1 0.336562 0.908582 0.280865 0.908582 0.280865 0.604495 0.336562 0.604495
1 0.287212 0.871971 0.249014 0.871971 0.249014 0.599736 0.287212 0.599736
1 0.258582 0.837764 0.221971 0.837764 0.221971 0.587788 0.258582 0.587788
1 0.290409 0.552861 0.243462 0.552861 0.243462 0.263894 0.290409 0.263894
1 0.234687 0.805120 0.198894 0.805120 0.198894 0.569495 0.234687 0.569495
1 0.255385 0.547284 0.217187 0.547284 0.217187 0.286178 0.255385 0.286178
1 0.201779 0.779663 0.175240 0.779663 0.175240 0.566851 0.201779 0.566851
1 0.186298 0.760337 0.165313 0.760337 0.165313 0.565192 0.186298 0.565192
1 0.176346 0.742091 0.148173 0.742091 0.148173 0.558558 0.176346 0.558558
1 0.164207 0.726611 0.140986 0.726611 0.140986 0.546947 0.164207 0.546947
1 0.147067 0.711154 0.128822 0.711154 0.128822 0.543077 0.147067 0.543077
1 0.137668 0.700649 0.119976 0.700649 0.119976 0.543077 0.137668 0.543077
1 0.121635 0.678534 0.107284 0.678534 0.107284 0.532043 0.121635 0.532043
1 0.232163 0.532091 0.200673 0.532091 0.200673 0.294399 0.232163 0.294399
1 0.199615 0.528774 0.179663 0.528774 0.179663 0.319832 0.199615 0.319832
1 0.189615 0.523245 0.165313 0.523245 0.165313 0.324784 0.189615 0.324784
1 0.175793 0.520481 0.150938 0.520481 0.150938 0.328654 0.175793 0.328654
1 0.159784 0.515505 0.140433 0.515505 0.140433 0.339159 0.159784 0.339159
1 0.116130 0.517163 0.097885 0.517163 0.097885 0.377284 0.116130 0.377284
1 0.128894 0.524351 0.111707 0.524351 0.111707 0.361827 0.128894 0.361827
1 0.143750 0.517163 0.125505 0.517163 0.125505 0.346899 0.143750 0.346899
1 0.274279 1.000000 0.233750 1.000000 0.233750 0.930457 0.274279 0.930457
1 0.242043 0.996803 0.213029 0.996803 0.213029 0.898678 0.242043 0.898678
1 0.221322 1.000000 0.194159 1.000000 0.194159 0.865048 0.221322 0.865048
1 0.200601 1.000000 0.178029 1.000000 0.178029 0.840192 0.200601 0.840192
1 0.185409 1.000000 0.162380 1.000000 0.162380 0.812548 0.185409 0.812548
1 0.170673 0.979303 0.150409 0.979303 0.150409 0.791370 0.170673 0.791370
1 0.158221 0.942476 0.138894 0.942476 0.138894 0.772476 0.158221 0.772476
1 0.146250 0.920361 0.129688 0.920361 0.129688 0.758197 0.146250 0.758197
1 0.132428 0.894567 0.120000 0.894567 0.120000 0.745313 0.132428 0.745313
1 0.133822 0.873846 0.113558 0.873846 0.113558 0.726442 0.133822 0.726442
