0 0.556250 0.869444 0.489063 0.869444 0.489063 0.537500 0.556250 0.537500
0 0.967969 0.919444 0.811719 0.919444 0.811719 0.558333 0.967969 0.558333
0 0.706250 0.783333 0.631250 0.783333 0.631250 0.494444 0.706250 0.494444
0 0.775781 0.780556 0.700781 0.780556 0.700781 0.491667 0.775781 0.491667
0 0.858594 0.552776 0.781250 0.552776 0.781250 0.491667 0.858594 0.491667
0 0.925781 0.547222 0.859375 0.547222 0.859375 0.487500 0.925781 0.487500
0 0.992188 0.527778 0.941407 0.527778 0.941407 0.490278 0.992188 0.490278
0 0.094211 0.757912 0.058382 0.524292 0.115957 0.515462 0.151786 0.749082
0 0.460306 0.801524 0.457572 0.506513 0.496429 0.506153 0.499163 0.801164
0 0.366964 0.755433 0.357129 0.493087 0.432143 0.490275 0.441978 0.752621
0 0.294643 0.742732 0.275000 0.742732 0.275000 0.492460 0.294643 0.492460
0 0.272318 0.742911 0.257575 0.742700 0.261161 0.492460 0.275904 0.492671
0 0.258929 0.739556 0.241964 0.739556 0.241964 0.490476 0.258929 0.490476
0 0.242845 0.733254 0.229007 0.733203 0.229912 0.490223 0.243750 0.490275
