0 1.000000 0.992308 0.786562 0.992308 0.786562 0.245769 1.000000 0.245769
0 0.790529 0.956659 0.600433 0.956659 0.600433 0.323005 0.790529 0.323005
0 0.600433 0.936875 0.451923 0.936875 0.451923 0.406178 0.600433 0.406178
0 0.456923 0.902740 0.346923 0.902740 0.346923 0.428317 0.456923 0.428317
0 0.355168 0.875240 0.256154 0.875240 0.256154 0.451707 0.355168 0.451707
0 0.257524 0.855986 0.180529 0.855986 0.180529 0.470962 0.257524 0.470962
0 0.186034 0.817476 0.124135 0.817476 0.124135 0.486082 0.186034 0.486082
0 0.131010 0.810601 0.069135 0.810601 0.069135 0.492957 0.131010 0.492957
0 0.078774 0.792740 0.032019 0.792740 0.032019 0.498462 0.078774 0.498462
0 0.037764 0.790889 -0.000000 0.790889 0.000000 0.503774 0.037764 0.503774
0 0.806731 0.233125 0.613654 0.233125 0.613654 0.000000 0.806731 0.000000
0 0.605409 0.282644 0.470096 0.282644 0.470096 0.000000 0.605409 0.000000
0 0.471755 0.302452 0.351298 0.302452 0.351298 0.000457 0.471755 0.000457
0 0.359543 0.328846 0.272091 0.328846 0.272091 0.000000 0.359543 0.000000
0 0.285288 0.350288 0.199471 0.350288 0.199471 0.002115 0.285288 0.002115
0 0.206082 0.368438 0.135120 0.368438 0.135120 0.040072 0.206082 0.040072
0 0.145024 0.394856 0.082308 0.394856 0.082308 0.086274 0.145024 0.086274
0 0.093870 0.406394 0.042716 0.406394 0.042716 0.112668 0.093870 0.112668
0 0.042716 0.429495 0.003101 0.429495 0.003101 0.150625 0.042716 0.150625
