0 0.201562 0.220660 0.085938 0.220660 0.085938 0.001215 0.201562 0.001215
0 0.212712 0.233714 0.210000 0.001215 0.240621 0.000858 0.243333 0.233357
0 0.242712 0.230941 0.240000 0.001215 0.270621 0.000854 0.273333 0.230579
0 0.268611 0.243815 0.265833 0.002696 0.296454 0.002343 0.299232 0.243462
0 0.330625 0.249660 0.300000 0.249660 0.300000 0.020479 0.330625 0.020479
0 0.325882 0.252922 0.323333 0.032335 0.349118 0.032037 0.351667 0.252624
0 0.365833 0.255587 0.339942 0.255174 0.343333 0.042710 0.369223 0.043123
0 0.383333 0.267443 0.360815 0.267084 0.364167 0.057010 0.386685 0.057369
0 0.399167 0.276335 0.376649 0.275976 0.380000 0.065901 0.402518 0.066261
0 0.410833 0.279299 0.392156 0.278509 0.400833 0.073310 0.419510 0.074099
0 0.422500 0.289671 0.403825 0.288881 0.412500 0.083685 0.431175 0.084474
0 0.435806 0.287242 0.417079 0.286315 0.426667 0.092576 0.445394 0.093503
0 0.457500 0.282262 0.439167 0.282262 0.439167 0.102949 0.457500 0.102949
0 0.461649 0.293090 0.445551 0.292461 0.452500 0.114804 0.468598 0.115434
