0 0.096446 0.681778 -0.040368 0.647426 0.000857 0.483245 0.137671 0.517598
0 0.386309 0.848901 0.338047 0.848901 0.338047 0.304579 0.386309 0.304579
0 0.427613 0.771289 0.381723 0.771289 0.381723 0.276230 0.427613 0.276230
0 0.221979 0.567889 -0.013994 0.540044 0.002432 0.400838 0.238405 0.428682
0 0.533166 0.628780 0.502706 0.628780 0.502706 0.235041 0.533166 0.235041
0 0.505419 0.667022 0.468985 0.667022 0.468985 0.249144 0.505419 0.249144
0 0.469596 0.715898 0.428546 0.715898 0.428546 0.262023 0.469596 0.262023
0 0.345827 0.914294 0.294435 0.914294 0.294435 0.337940 0.345827 0.337940
0 0.283748 0.478969 0.036775 0.442510 0.051033 0.345926 0.298006 0.382384
0 0.582341 0.557717 0.556405 0.557717 0.556405 0.215944 0.582341 0.215944
0 0.558304 0.592005 0.530362 0.592005 0.530362 0.229561 0.558304 0.229561
0 0.604352 0.532037 0.579540 0.532037 0.579540 0.209473 0.604352 0.209473
0 0.621169 0.511340 0.601962 0.510817 0.610384 0.201699 0.629591 0.202222
0 0.638884 0.487408 0.623415 0.487126 0.628812 0.190829 0.644281 0.191111
