0 0.751319 0.985229 0.251093 0.985229 0.251093 0.073171 0.751319 0.073171
0 0.994730 0.290406 0.960790 0.290406 0.960790 0.005850 0.994730 0.005850
0 0.966762 0.272919 0.933914 0.272919 0.933914 0.002901 0.966762 0.002901
0 0.938682 0.258600 0.907660 0.258600 0.907660 0.006660 0.938682 0.006660
0 0.888582 0.230751 0.862428 0.230751 0.862428 0.005614 0.888582 0.005614
0 0.911758 0.247693 0.884044 0.247693 0.884044 0.012783 0.911758 0.012783
0 0.867792 0.222424 0.842956 0.222424 0.842956 0.004426 0.867792 0.004426
0 0.846230 0.211608 0.822606 0.211608 0.822606 0.003392 0.846230 0.003392
0 0.828023 0.200478 0.805877 0.200478 0.805877 0.001844 0.828023 0.001844
0 0.810166 0.198633 0.788019 0.198633 0.788019 0.000000 0.810166 0.000000
0 0.792857 0.177483 0.772841 0.177483 0.772841 0.000000 0.792857 0.000000
0 0.778571 0.177483 0.758555 0.177483 0.758555 0.000000 0.778571 0.000000
0 0.759295 0.165272 0.745027 0.164764 0.750911 -0.000508 0.765179 -0.000000
0 0.745903 0.165272 0.731635 0.164764 0.737518 -0.000508 0.751786 0.000000
0 0.735714 0.150492 0.721108 0.149972 0.726465 -0.000520 0.741071 0.000000
0 0.725000 0.148904 0.710447 0.148381 0.715804 -0.000524 0.730357 0.000000
0 0.715179 0.148904 0.700626 0.148381 0.705983 -0.000524 0.720536 0.000000
0 0.703244 0.136782 0.689012 0.135912 0.697374 -0.000870 0.711607 0.000000
0 0.687875 0.155322 0.612611 0.151836 0.619804 -0.003486 0.695069 0.000000
