0 0.000067 0.547182 -0.029353 0.386940 0.154421 0.353200 0.183840 0.513442
0 0.061304 0.602575 0.041496 0.481997 0.277358 0.443250 0.297167 0.563827
0 0.478353 0.669557 0.429238 0.669557 0.429238 0.233730 0.478353 0.233730
0 0.430375 0.635875 0.371039 0.635875 0.371039 0.158493 0.430375 0.158493
0 0.515627 0.689599 0.475175 0.689599 0.475175 0.300151 0.515627 0.300151
0 0.549855 0.707209 0.514351 0.707209 0.514351 0.346954 0.549855 0.346954
0 0.578401 0.725007 0.546743 0.725007 0.546743 0.387793 0.578401 0.387793
0 0.358867 0.598067 0.297781 0.596556 0.311083 0.058815 0.372168 0.060326
0 0.605666 0.736468 0.580249 0.736313 0.582162 0.422300 0.607579 0.422455
0 0.627492 0.748067 0.599676 0.747978 0.600630 0.451938 0.628446 0.452028
0 0.630867 0.759310 0.629171 0.491951 0.649931 0.491819 0.651626 0.759178
0 0.652966 0.770638 0.648579 0.523099 0.668226 0.522751 0.672613 0.770289
0 0.668075 0.777987 0.664428 0.549746 0.682607 0.549455 0.686254 0.777697
0 0.686017 0.787681 0.676465 0.563285 0.693491 0.562560 0.703043 0.786956
0 0.702695 0.796773 0.693515 0.583951 0.706454 0.583393 0.715635 0.796215
