0 0.998611 0.720930 0.076171 0.720930 0.076171 0.173797 0.998611 0.173797
0 0.270342 0.050012 0.004744 0.050012 0.004744 0.018222 0.270342 0.018222
0 0.289044 0.021655 0.008572 0.021655 0.008572 -0.000781 0.289044 -0.000781
0 0.252163 0.073869 0.005325 0.073869 0.005325 0.044197 0.252163 0.044197
0 0.221158 0.142047 0.001592 0.142047 0.001592 0.116833 0.221158 0.116833
0 0.243363 0.097510 0.003429 0.097510 0.003429 0.067941 0.243363 0.067941
0 0.231161 0.119899 0.001881 0.119899 0.001881 0.093299 0.231161 0.093299
0 0.208424 0.163017 0.000863 0.163017 0.000863 0.139077 0.208424 0.139077
0 0.200104 0.178784 0.001149 0.178784 0.001149 0.156934 0.200104 0.156934
0 0.200104 0.178784 0.001149 0.178784 0.001149 0.156934 0.200104 0.156934
0 0.182247 0.196641 -0.000000 0.196641 0.000000 0.177902 0.182247 0.177902
0 0.182247 0.210927 -0.000000 0.210927 0.000000 0.192188 0.182247 0.192188
0 0.167872 0.227881 -0.000000 0.225213 0.000298 0.206458 0.168170 0.209126
0 0.167872 0.240381 -0.000000 0.237713 0.000298 0.218958 0.168170 0.221626
0 -0.000000 0.249320 -0.000082 0.235045 0.155254 0.234152 0.155336 0.248427
0 -0.000000 0.260034 -0.000082 0.245759 0.155254 0.244866 0.155336 0.259141
0 -0.000000 0.264499 -0.000082 0.250224 0.155254 0.249330 0.155336 0.263606
0 0.000001 0.272585 -0.000187 0.258261 0.139189 0.256434 0.139376 0.270759
0 0.131437 0.355580 -0.000000 0.355580 0.000000 0.278261 0.131437 0.278261
