0 0.286856 0.981027 0.056502 0.750672 0.101323 0.705851 0.331677 0.936206
0 0.353895 0.900980 0.132835 0.679921 0.174757 0.637999 0.395816 0.859059
0 0.846316 0.514185 0.646842 0.274896 0.685141 0.242970 0.884615 0.482259
0 0.320024 0.943052 0.093390 0.716418 0.137590 0.672218 0.364224 0.898852
0 0.387890 0.867187 0.167597 0.646894 0.213157 0.601334 0.433450 0.821627
0 0.422609 0.826585 0.206559 0.610534 0.245326 0.571767 0.461376 0.787818
0 1.088592 0.417042 0.802345 0.130795 0.820305 0.112835 1.106552 0.399082
0 0.899199 0.500436 0.689059 0.249444 0.727287 0.217438 0.937428 0.468430
0 0.955079 0.483699 0.732418 0.212373 0.770885 0.180805 0.993546 0.452131
0 1.004104 0.447248 0.781444 0.175922 0.819911 0.144355 1.042571 0.415681
