0 0.013904 0.462134 -0.045068 0.305797 0.123400 0.242250 0.182371 0.398587
0 0.000000 0.491949 -0.011286 0.375279 0.249155 0.350085 0.260441 0.466755
0 0.455569 0.628246 0.417884 0.628246 0.417884 0.172127 0.455569 0.172127
0 0.506740 0.664560 0.480058 0.664560 0.480058 0.264284 0.506740 0.264284
0 0.380758 0.588477 0.329546 0.588477 0.329546 0.026022 0.380758 0.026022
0 0.483742 0.648621 0.452582 0.648621 0.452582 0.223880 0.483742 0.223880
0 0.556348 0.703479 0.529174 0.703479 0.529174 0.341218 0.556348 0.341218
0 0.418764 0.607971 0.375498 0.607971 0.375498 0.091623 0.418764 0.091623
0 0.579085 0.701307 0.554955 0.701307 0.554955 0.370263 0.579085 0.370263
0 0.531388 0.675500 0.503616 0.675500 0.503616 0.303527 0.531388 0.303527
0 0.000000 0.308937 -0.047149 0.109659 0.034278 0.090393 0.081427 0.289671
0 0.333712 0.561648 0.276962 0.561648 0.276962 -0.000637 0.333712 -0.000637
0 0.582014 0.700027 0.580284 0.392664 0.599530 0.392556 0.601259 0.699919
0 0.600623 0.705852 0.594324 0.414984 0.611749 0.414607 0.618048 0.705475
0 0.615841 0.718811 0.609953 0.435716 0.627900 0.435342 0.633788 0.718437
0 0.631723 0.722656 0.622426 0.458006 0.637082 0.457491 0.646380 0.722141
0 0.645300 0.728157 0.637364 0.474296 0.652085 0.473836 0.660021 0.727697
0 0.658457 0.731960 0.648856 0.489161 0.663012 0.488601 0.672613 0.731401
0 0.668616 0.739130 0.662539 0.505286 0.674930 0.504964 0.681007 0.738808
