0 0.120881 0.679607 0.000437 0.679607 0.000437 0.501147 0.120881 0.501147
0 0.203678 0.586956 -0.023395 0.541796 0.000420 0.422053 0.227492 0.467213
0 0.384519 0.935631 0.324631 0.935631 0.324631 0.371067 0.384519 0.371067
0 0.443496 0.851723 0.385724 0.851723 0.385724 0.346149 0.443496 0.346149
0 0.530553 0.705361 0.492465 0.705361 0.492465 0.309479 0.530553 0.309479
0 0.565641 0.682561 0.534123 0.682561 0.534123 0.288239 0.565641 0.288239
0 0.490155 0.770948 0.444603 0.770948 0.444603 0.328242 0.490155 0.328242
0 0.262770 0.999667 0.245240 0.416596 0.310178 0.414643 0.327708 0.997714
0 0.565792 0.612036 0.564912 0.285628 0.591858 0.285555 0.592738 0.611963
0 0.619955 0.569426 0.596782 0.569014 0.602220 0.262922 0.625394 0.263333
0 0.645745 0.542787 0.622036 0.542385 0.626868 0.257376 0.650577 0.257778
0 0.664265 0.514608 0.643981 0.514215 0.649181 0.246273 0.669465 0.246667
0 0.680758 0.486535 0.664282 0.486029 0.671877 0.238753 0.688353 0.239259
0 0.693986 0.467223 0.677289 0.466517 0.687396 0.227442 0.704092 0.228148
0 0.708351 0.446712 0.693340 0.446019 0.703772 0.220048 0.718783 0.220741
0 0.722654 0.421472 0.708258 0.420724 0.719077 0.212585 0.733473 0.213333
