0 0.594541 0.055374 0.420712 -0.118456 0.440600 -0.138343 0.614429 0.035486
0 0.647699 0.035610 0.454227 -0.157863 0.477981 -0.181617 0.671453 0.011855
0 0.617991 0.045676 0.437286 -0.135029 0.458831 -0.156574 0.639536 0.024131
0 0.680783 0.030024 0.476507 -0.174251 0.499710 -0.197454 0.703986 0.006821
0 0.568150 0.062126 0.401193 -0.104831 0.421081 -0.124719 0.588037 0.042238
0 0.544396 0.068202 0.388243 -0.087950 0.406472 -0.106179 0.562625 0.049973
0 0.506216 0.080847 0.359884 -0.065485 0.375905 -0.081505 0.522236 0.064827
0 0.524262 0.074587 0.374001 -0.075673 0.391128 -0.092800 0.541388 0.057461
0 0.484242 0.083179 0.347731 -0.053332 0.363199 -0.068800 0.499710 0.067711
0 0.466748 0.088888 0.336130 -0.041730 0.350494 -0.056094 0.481113 0.074524
0 0.448518 0.089441 0.326738 -0.032338 0.341102 -0.046703 0.462882 0.075077
0 0.430910 0.094562 0.314392 -0.021956 0.328756 -0.036320 0.445274 0.080198
0 0.422071 0.103401 0.305553 -0.013117 0.319917 -0.027481 0.436435 0.089037
0 0.414495 0.110977 0.297977 -0.005541 0.312341 -0.019905 0.428859 0.096613
0 0.392652 0.109634 0.290044 0.001660 0.304765 -0.012329 0.407372 0.095645
0 0.385076 0.117211 0.282468 0.009236 0.297188 -0.004753 0.399796 0.103221
0 0.379393 0.122893 0.276786 0.014918 0.291507 0.000929 0.394114 0.108904
0 0.367838 0.105988 0.277142 0.015293 0.286297 0.006138 0.376993 0.096834
0 0.632195 0.983538 0.019369 0.370712 0.341434 0.048647 0.954260 0.661473
0 0.362787 0.111039 0.272092 0.020344 0.281247 0.011189 0.371942 0.101884
0 0.357736 0.116090 0.267041 0.025395 0.276196 0.016239 0.366891 0.106935
0 0.313087 0.162985 0.221269 0.071167 0.269251 0.023185 0.361069 0.115002
