0 0.642144 0.445235 0.604760 0.445235 0.604760 0.203787 0.642144 0.203787
0 0.811596 0.434677 0.768622 0.434677 0.768622 0.205683 0.811596 0.205683
0 0.671568 0.446151 0.634260 0.446151 0.634260 0.206381 0.671568 0.206381
0 0.775147 0.438803 0.735853 0.438803 0.735853 0.207585 0.775147 0.207585
0 0.742095 0.441591 0.702289 0.441591 0.702289 0.206113 0.742095 0.206113
0 0.579671 0.450793 0.548883 0.450793 0.548883 0.205805 0.579671 0.205805
0 0.708434 0.440947 0.668323 0.440947 0.668323 0.204324 0.708434 0.204324
0 0.609441 0.445025 0.576123 0.445025 0.576123 0.205877 0.609441 0.205877
0 0.552762 0.466812 0.517040 0.466812 0.517040 0.206958 0.552762 0.206958
0 0.974584 1.003984 0.573347 0.822874 0.739384 0.455030 1.140621 0.636140
0 0.529696 0.822874 0.370158 0.658156 0.680756 0.357326 0.840294 0.522043
0 0.345024 0.639656 0.280378 0.505743 0.597683 0.352564 0.662330 0.486478
0 0.232529 0.517598 0.211083 0.429939 0.520002 0.354361 0.541448 0.442020
0 0.172798 0.447744 0.161175 0.393117 0.424894 0.337007 0.436516 0.391634
0 0.156454 0.388714 0.152354 0.339041 0.386246 0.319733 0.390346 0.369406
0 0.441553 0.353105 0.421606 0.352584 0.424964 0.223924 0.444911 0.224444
