0 0.128578 0.764979 -0.031917 0.729932 0.000260 0.582580 0.160756 0.617627
0 0.403393 0.902005 0.359439 0.902005 0.359439 0.402642 0.403393 0.402642
0 0.440392 0.841547 0.400594 0.841547 0.400594 0.383277 0.440392 0.383277
0 0.362273 0.981482 0.306997 0.981482 0.306997 0.407540 0.362273 0.407540
0 0.219490 0.652494 -0.010940 0.630266 0.000000 0.516856 0.230430 0.539085
0 0.534633 0.669752 0.511443 0.669752 0.511443 0.325027 0.534633 0.325027
0 0.469414 0.786069 0.437708 0.786069 0.437708 0.356065 0.469414 0.356065
0 0.555348 0.639866 0.533600 0.639866 0.533600 0.308862 0.555348 0.308862
0 0.515446 0.698519 0.491902 0.698519 0.491902 0.331932 0.515446 0.331932
0 0.493987 0.742507 0.466483 0.742507 0.466483 0.340849 0.493987 0.340849
0 0.040522 0.916484 -0.000000 0.916484 0.000000 0.708024 0.040522 0.708024
0 0.268814 0.584971 0.023301 0.538719 0.040321 0.448374 0.285834 0.494627
0 0.551941 0.613921 0.551016 0.311670 0.571249 0.311608 0.572174 0.613859
0 0.585307 0.594841 0.569570 0.594656 0.573140 0.292158 0.588877 0.292344
0 0.596099 0.571325 0.580440 0.570840 0.589167 0.288895 0.604827 0.289380
0 0.606224 0.553486 0.593914 0.553162 0.600911 0.287574 0.613221 0.287898
0 0.616199 0.535808 0.603987 0.535379 0.612801 0.284890 0.625012 0.285320
0 0.626272 0.526918 0.614061 0.526488 0.622874 0.275998 0.635086 0.276428
0 0.634898 0.506132 0.624134 0.505741 0.632678 0.270464 0.643442 0.270855
0 0.642494 0.483806 0.631689 0.483512 0.637674 0.263152 0.648479 0.263445
0 0.651410 0.468886 0.644113 0.468648 0.650625 0.268651 0.657922 0.268889
0 0.658965 0.465922 0.651668 0.465684 0.658180 0.265687 0.665477 0.265925
