0 0.587500 0.931944 0.239062 0.931944 0.239062 0.134722 0.587500 0.134722
0 0.403125 0.554166 0.240625 0.554166 0.240625 0.083333 0.403125 0.083333
0 1.000000 0.695833 0.864844 0.695833 0.864844 0.059723 1.000000 0.059723
0 0.171094 0.643056 0.000782 0.643056 0.000782 0.104167 0.171094 0.104167
0 0.724219 0.611111 0.520313 0.611111 0.520313 0.127777 0.724219 0.127777
0 0.865625 0.648612 0.774219 0.648612 0.774219 0.122223 0.865625 0.122223
0 0.212500 0.536111 0.165625 0.536111 0.165625 0.122222 0.212500 0.122222
0 0.251563 0.513889 0.205469 0.513889 0.205469 0.091667 0.251563 0.091667
0 0.489844 0.569444 0.402344 0.569444 0.402344 0.097222 0.489844 0.097222
0 0.542188 0.570834 0.401562 0.570834 0.401562 0.102778 0.542188 0.102778
