0 0.313281 0.590278 0.103125 0.590278 0.103125 0.095834 0.313281 0.095834
0 0.836718 0.629167 0.671093 0.629167 0.671093 0.104167 0.836718 0.104167
0 0.999218 0.656945 0.828906 0.656945 0.828906 0.091667 0.999218 0.091667
0 0.585155 0.951389 0.180468 0.951389 0.180468 0.127778 0.585155 0.127778
0 0.357031 0.515277 0.313281 0.515277 0.313281 0.111110 0.357031 0.111110
0 0.069532 0.555556 0.014844 0.555556 0.014844 0.140278 0.069532 0.140278
0 0.392187 0.490278 0.350781 0.490278 0.350781 0.097222 0.392187 0.097222
0 0.118751 0.547223 0.063281 0.547223 0.063281 0.111111 0.118751 0.111111
0 0.625000 0.569445 0.512500 0.569445 0.512500 0.155555 0.625000 0.155555
0 0.021875 0.568055 0.000781 0.568055 0.000781 0.148611 0.021875 0.148611
