1 0.760673 0.854087 0.580769 0.854087 0.580769 0.150337 0.760673 0.150337
1 0.561274 0.788750 0.448966 0.788750 0.448966 0.223678 0.561274 0.223678
1 0.442091 0.753221 0.359591 0.753221 0.359591 0.283269 0.442091 0.283269
1 0.357308 0.710817 0.287404 0.710817 0.287404 0.314207 0.357308 0.314207
1 0.293774 0.688413 0.238077 0.688413 0.238077 0.336659 0.293774 0.336659
1 0.245216 0.659760 0.197476 0.659760 0.197476 0.347019 0.245216 0.347019
1 0.200673 0.649423 0.164904 0.649423 0.164904 0.364519 0.200673 0.364519
1 0.166779 0.630457 0.134087 0.630457 0.134087 0.372043 0.166779 0.372043
1 0.146058 0.619856 0.116130 0.619856 0.116130 0.378486 0.146058 0.378486
1 0.118438 0.606514 0.093558 0.606514 0.093558 0.390937 0.118438 0.390937
1 0.102308 0.599135 0.080673 0.599135 0.080673 0.390481 0.102308 0.390481
1 0.089880 0.593149 0.064087 0.593149 0.064087 0.403822 0.089880 0.403822
1 0.084351 0.599135 0.053029 0.599135 0.053029 0.414880 0.084351 0.414880
1 0.541082 1.000000 0.448462 1.000000 0.448462 0.901490 0.541082 0.901490
1 0.438918 1.000000 0.351058 1.000000 0.351058 0.847067 0.438918 0.847067
1 0.358702 1.000000 0.288029 1.000000 0.288029 0.796442 0.358702 0.796442
1 0.292861 1.000000 0.235817 1.000000 0.235817 0.765625 0.292861 0.765625
1 0.230529 1.000000 0.195361 1.000000 0.195361 0.717212 0.230529 0.717212
1 0.204663 0.977837 0.176130 0.977837 0.176130 0.707933 0.204663 0.707933
1 0.184087 0.949327 0.150938 0.949327 0.150938 0.684712 0.184087 0.684712
1 0.152260 0.908870 0.126394 0.908870 0.126394 0.674760 0.152260 0.674760
1 0.132380 0.877043 0.103197 0.877043 0.103197 0.658197 0.132380 0.658197
1 0.115120 0.841899 0.087933 0.841899 0.087933 0.643606 0.115120 0.643606
1 0.098558 0.820000 0.074663 0.820000 0.074663 0.626370 0.098558 0.626370
1 0.077981 0.794808 0.064062 0.794808 0.064062 0.617067 0.077981 0.617067
1 0.064062 0.783534 0.048822 0.783534 0.048822 0.617067 0.064062 0.617067
