1 0.998438 0.757812 0.847884 0.757812 0.847884 0.022116 0.998438 0.022116
1 0.831827 0.677595 0.670264 0.677595 0.670264 0.073678 0.831827 0.073678
1 0.666827 0.609977 0.554519 0.609977 0.554519 0.119519 0.666827 0.119519
1 0.552236 0.554977 0.462838 0.554977 0.462838 0.135553 0.552236 0.135553
1 0.466227 0.533870 0.397787 0.533870 0.397787 0.162139 0.466227 0.162139
1 0.393005 0.507595 0.346058 0.507595 0.346058 0.186827 0.393005 0.186827
1 0.343678 0.502838 0.303870 0.502838 0.303870 0.205120 0.343678 0.205120
1 0.302284 0.497259 0.267259 0.497259 0.267259 0.222620 0.302284 0.222620
1 0.268870 0.467019 0.233845 0.467019 0.233845 0.219447 0.268870 0.219447
1 0.230673 0.467019 0.211562 0.467019 0.211562 0.228125 0.230673 0.228125
1 0.212331 0.458894 0.191611 0.458894 0.191611 0.249327 0.212331 0.249327
1 0.175962 0.465817 0.157067 0.465817 0.157067 0.270505 0.175962 0.270505
1 0.152019 0.457523 0.138197 0.457523 0.138197 0.273269 0.152019 0.273269
1 0.949639 0.998438 0.768581 0.998438 0.768581 0.775338 0.949639 0.775338
1 0.755963 0.998438 0.621898 0.998438 0.621898 0.744398 0.755963 0.744398
1 0.625337 0.998438 0.517620 0.998438 0.517620 0.703148 0.625337 0.703148
1 0.535962 0.998438 0.450000 0.998438 0.450000 0.655023 0.535962 0.655023
1 0.453438 0.963269 0.391563 0.963269 0.391563 0.621780 0.453438 0.621780
1 0.391345 0.903294 0.340745 0.903294 0.340745 0.604398 0.391345 0.604398
1 0.338942 0.844087 0.300625 0.844087 0.300625 0.565241 0.338942 0.565241
1 0.303077 0.806611 0.265938 0.806611 0.265938 0.557861 0.303077 0.557861
1 0.267259 0.767477 0.236755 0.767477 0.236755 0.535962 0.267259 0.535962
1 0.240072 0.740963 0.211562 0.740963 0.211562 0.525361 0.240072 0.525361
1 0.210216 0.711106 0.190986 0.711106 0.190986 0.516081 0.210216 0.516081
1 0.194977 0.697861 0.172428 0.697861 0.172428 0.510769 0.194977 0.510769
1 0.175745 0.677284 0.153845 0.677284 0.153845 0.502812 0.175745 0.502812
1 0.140481 0.449062 0.126273 0.449062 0.126273 0.282861 0.140481 0.282861
1 0.124736 0.443317 0.112477 0.443317 0.112477 0.285937 0.124736 0.285937
1 0.111706 0.439470 0.095962 0.439470 0.095963 0.289759 0.111706 0.289759
1 0.099038 0.434111 0.087523 0.434111 0.087523 0.293220 0.099038 0.293220
1 0.091731 0.434495 0.077933 0.434495 0.077933 0.292837 0.091731 0.292837
1 0.079088 0.432956 0.062956 0.432956 0.062956 0.295913 0.079088 0.295913
1 0.047652 0.282019 0.030691 0.226196 0.048310 0.220843 0.065270 0.276666
