1 1.000000 0.740409 0.935216 0.740409 0.935216 0.111298 1.000000 0.111298
1 0.938582 0.715986 0.719111 0.715986 0.719111 0.000000 0.938582 0.000000
1 0.730673 0.691226 0.578846 0.691226 0.578846 0.110385 0.730673 0.110385
1 0.575000 0.660553 0.452620 0.660553 0.452620 0.199880 0.575000 0.199880
1 0.441611 0.631659 0.367356 0.631659 0.367356 0.227380 0.441611 0.227380
1 0.363245 0.608293 0.295865 0.608293 0.295865 0.241130 0.363245 0.241130
1 0.306851 0.587668 0.243606 0.587668 0.243606 0.260385 0.306851 0.260385
1 0.246346 0.568413 0.198221 0.568413 0.198221 0.268630 0.246346 0.268630
1 0.192716 0.547788 0.163846 0.547788 0.163846 0.279639 0.192716 0.279639
1 0.169495 0.535673 0.134688 0.535673 0.134688 0.291971 0.169495 0.291971
1 0.144087 0.530144 0.102091 0.530144 0.102091 0.299712 0.144087 0.299712
1 0.107596 0.517452 0.070577 0.517452 0.070577 0.306346 0.107596 0.306346
1 0.080529 0.511370 0.051250 0.511370 0.051250 0.310745 0.080529 0.310745
1 0.058966 0.505841 0.025817 0.505841 0.025817 0.319591 0.058966 0.319591
1 0.037428 0.500312 0.005913 0.500312 0.005913 0.319038 0.037428 0.319038
1 0.896154 1.000000 0.715096 1.000000 0.715096 0.883437 0.896154 0.883437
1 0.713942 1.000000 0.570697 1.000000 0.570697 0.799784 0.713942 0.799784
1 0.562668 0.998029 0.446947 0.998029 0.446947 0.748197 0.562668 0.748197
1 0.471010 1.000000 0.369014 1.000000 0.369014 0.714976 0.471010 0.714976
1 0.393077 1.000000 0.303702 1.000000 0.303702 0.677163 0.393077 0.677163
1 0.318582 0.976250 0.254423 0.976250 0.254423 0.633606 0.318582 0.633606
1 0.263582 0.910937 0.224615 0.910937 0.224615 0.621010 0.263582 0.621010
1 0.218894 0.862812 0.179928 0.862812 0.179928 0.595793 0.218894 0.595793
1 0.189087 0.834159 0.148990 0.834159 0.148990 0.585481 0.189087 0.585481
1 0.151274 0.805505 0.122644 0.805505 0.122644 0.570577 0.151274 0.570577
1 0.116899 0.759663 0.090553 0.759663 0.090553 0.554543 0.116899 0.554543
1 0.093990 0.742476 0.061899 0.742476 0.061899 0.547668 0.093990 0.547668
1 0.071058 0.720697 0.046995 0.720697 0.046995 0.536202 0.071058 0.536202
1 0.055024 0.698942 0.033245 0.698942 0.033245 0.523606 0.055024 0.523606
1 0.599808 0.059375 0.497957 0.059375 0.497957 0.000000 0.599808 0.000000
1 0.506707 0.097572 0.399279 0.097572 0.399279 0.000000 0.506707 0.000000
1 0.404832 0.123053 0.321274 0.123053 0.321274 0.000000 0.404832 0.000000
1 0.325264 0.150096 0.252837 0.150096 0.252837 0.000000 0.325264 0.000000
1 0.266971 0.181947 0.206611 0.181947 0.206611 0.000240 0.266971 0.000240
1 0.219231 0.200529 0.174135 0.200529 0.174135 0.000000 0.219231 0.000000
1 0.178101 0.229687 0.136322 0.229687 0.136322 0.004231 0.178101 0.004231
1 0.134327 0.239639 0.098558 0.239639 0.098558 0.000000 0.134327 0.000000
1 0.108462 0.247596 0.072668 0.247596 0.072668 0.019471 0.108462 0.019471
1 0.083942 0.256899 0.049447 0.256899 0.049447 0.040024 0.083942 0.040024
1 0.064038 0.262187 0.032212 0.262187 0.032212 0.059928 0.064038 0.059928
1 0.046803 0.278101 0.012981 0.278101 0.012981 0.082476 0.046803 0.082476
1 0.022933 0.274784 0.001034 0.274784 0.001034 0.096394 0.022933 0.096394
