0 0.595353 1.063852 0.065834 0.489506 0.318023 0.257001 0.847541 0.831346
0 0.789710 0.630951 0.337158 0.119434 0.516684 -0.039398 0.969237 0.472120
0 0.375424 0.265462 0.306337 0.238941 0.402977 -0.012802 0.472065 0.013720
0 0.290543 0.282232 0.243657 0.261250 0.346857 0.030644 0.393743 0.051627
0 0.240171 0.305659 0.188415 0.282497 0.280077 0.077672 0.331833 0.100834
0 0.183866 0.334343 0.132110 0.311181 0.223772 0.106356 0.275528 0.129517
0 0.131126 0.356168 0.088553 0.335615 0.185149 0.135524 0.227722 0.156076
0 0.090756 0.383789 0.048183 0.363237 0.144779 0.163145 0.187352 0.183698
0 0.043026 0.401707 0.001439 0.380234 0.093710 0.201532 0.135297 0.223005
0 0.113821 0.599918 0.055620 0.568272 0.218390 0.268912 0.276591 0.300557
0 0.054328 0.612666 -0.003872 0.581021 0.158897 0.281660 0.217098 0.313306
0 -0.004101 0.622227 -0.062302 0.590582 0.100468 0.291222 0.158669 0.322867
0 -0.048799 0.603432 -0.087799 0.579958 0.058052 0.337638 0.097052 0.361112
0 -0.080670 0.609806 -0.119670 0.586332 0.026182 0.344013 0.065181 0.367486
0 -0.109046 0.596956 -0.150291 0.572209 -0.029182 0.370361 0.012063 0.395108
0 0.559328 0.000579 0.492250 -0.021338 0.528220 -0.131430 0.595299 -0.109514
0 0.496918 0.022239 0.461441 0.011596 0.499365 -0.114816 0.534842 -0.104172
0 0.496918 0.022239 0.461441 0.011596 0.499365 -0.114816 0.534842 -0.104172
0 0.420749 0.065553 0.380702 0.051965 0.423519 -0.074232 0.463566 -0.060645
0 0.356118 0.105667 0.318023 0.089148 0.374477 -0.041044 0.412573 -0.024525
0 0.485726 -0.033344 0.429570 -0.041523 0.447780 -0.166560 0.503936 -0.158382
0 0.442169 0.001713 0.386014 -0.006465 0.404223 -0.131502 0.460379 -0.123324
0 0.399675 0.035709 0.343519 0.027531 0.361729 -0.097507 0.417884 -0.089329
