0 0.664843 0.894444 0.234374 0.894444 0.234374 0.065276 0.664843 0.065276
0 0.999219 0.331944 0.960938 0.331944 0.960938 0.001389 0.999219 0.001389
0 0.965625 0.298611 0.928125 0.298611 0.928125 0.001389 0.965625 0.001389
0 0.935937 0.283333 0.900781 0.283333 0.900781 0.001389 0.935937 0.001389
0 0.907032 0.269444 0.874218 0.269444 0.874218 0.001389 0.907032 0.001389
0 0.879687 0.254167 0.850781 0.254167 0.850781 0.001389 0.879687 0.001389
0 0.855468 0.241667 0.827343 0.241667 0.827343 0.001389 0.855468 0.001389
0 0.835156 0.229167 0.806250 0.229167 0.806250 0.001389 0.835156 0.001389
0 0.810937 0.213889 0.786718 0.213889 0.786718 0.001389 0.810937 0.001389
0 0.793751 0.209724 0.769532 0.209724 0.769532 0.001390 0.793751 0.001390
0 0.775000 0.198611 0.753124 0.198611 0.753124 0.001389 0.775000 0.001389
0 0.759375 0.187499 0.736719 0.187499 0.736719 0.001388 0.759375 0.001388
0 0.742969 0.180556 0.723438 0.180556 0.723438 0.001388 0.742969 0.001388
0 0.726562 0.173611 0.707032 0.173611 0.707032 0.001389 0.726562 0.001389
0 0.713281 0.161111 0.694531 0.161111 0.694531 0.001389 0.713281 0.001389
0 0.701562 0.154167 0.682812 0.154167 0.682812 0.001389 0.701562 0.001389
0 0.688281 0.154167 0.671875 0.154167 0.671875 0.001389 0.688281 0.001389
0 0.635157 0.129167 0.573437 0.129167 0.573437 0.001389 0.635157 0.001389
0 0.663951 0.131451 0.663839 -0.000000 0.680245 -0.000014 0.680357 0.131438
0 0.657701 0.131451 0.657589 -0.000000 0.673995 -0.000014 0.674107 0.131438
0 0.646988 0.131452 0.646875 0.000000 0.663280 -0.000014 0.663393 0.131438
