1 1.000000 0.744399 0.850769 0.744399 0.850769 0.015673 1.000000 0.015673
1 0.846010 0.665144 0.665529 0.665144 0.665529 0.071058 0.846010 0.071058
1 0.665529 0.604014 0.546154 0.604014 0.546154 0.107356 0.665529 0.107356
1 0.549976 0.564856 0.459255 0.564856 0.459255 0.120721 0.549976 0.120721
1 0.454471 0.540986 0.393365 0.540986 0.393365 0.161875 0.454471 0.161875
1 0.392332 0.512236 0.339928 0.512236 0.339928 0.174014 0.392332 0.174014
1 0.342596 0.494327 0.297500 0.494327 0.297500 0.204519 0.342596 0.204519
1 0.296178 0.489687 0.259038 0.489687 0.259038 0.216466 0.296178 0.216466
1 0.261683 0.475745 0.229856 0.475745 0.229856 0.221106 0.261683 0.221106
1 0.228534 0.463149 0.202668 0.463149 0.202668 0.238341 0.228534 0.238341
1 0.206490 0.456322 0.177476 0.456322 0.177476 0.247668 0.206490 0.247668
1 0.180240 0.470601 0.147091 0.470601 0.147091 0.264231 0.180240 0.264231
1 0.148918 0.461851 0.126827 0.461851 0.126827 0.277596 0.148918 0.277596
1 0.131298 0.451587 0.114663 0.451587 0.114663 0.279519 0.131298 0.279519
1 0.110817 0.444543 0.094832 0.444543 0.094832 0.288173 0.110817 0.288173
1 0.097716 0.441995 0.080433 0.441995 0.080433 0.288798 0.097716 0.288798
1 0.080120 0.436563 0.064784 0.436563 0.064784 0.292620 0.080120 0.292620
1 0.072139 0.434952 0.055505 0.434952 0.055505 0.300313 0.072139 0.300313
1 0.039310 0.302932 0.013601 0.242657 0.042036 0.230529 0.067745 0.290804
1 0.971923 1.000000 0.777596 1.000000 0.777596 0.781202 0.971923 0.781202
1 0.758990 1.000000 0.631851 1.000000 0.631851 0.752284 0.758990 0.752284
1 0.624615 1.000000 0.522284 1.000000 0.522284 0.704736 0.624615 0.704736
1 0.539856 1.000000 0.453053 1.000000 0.453053 0.660288 0.539856 0.660288
1 0.457187 0.960120 0.387933 0.960120 0.387933 0.631346 0.457187 0.631346
1 0.390000 0.902260 0.337284 0.902260 0.337284 0.601370 0.390000 0.601370
1 0.338774 0.855865 0.297139 0.855865 0.297139 0.572981 0.338774 0.572981
1 0.296418 0.812091 0.260529 0.812091 0.260529 0.557212 0.296418 0.557212
1 0.169375 0.676418 0.147837 0.676418 0.147837 0.511250 0.169375 0.511250
1 0.264135 0.779784 0.230385 0.779784 0.230385 0.541418 0.264135 0.541418
1 0.231827 0.741034 0.209567 0.741034 0.209567 0.531370 0.231827 0.531370
1 0.215312 0.715192 0.187332 0.715192 0.187332 0.519880 0.215312 0.519880
1 0.184447 0.698678 0.163630 0.698678 0.163630 0.511250 0.184447 0.511250
