1 0.144616 0.443100 0.102259 0.443100 0.102259 0.383245 0.144616 0.383245
1 0.146009 0.511275 0.102259 0.511275 0.102259 0.448630 0.146009 0.448630
1 0.149231 0.715289 0.104087 0.715289 0.104087 0.636081 0.149231 0.636081
1 0.152909 0.575745 0.103173 0.575745 0.103173 0.508967 0.152909 0.508967
1 0.121572 0.650923 0.084754 0.587408 0.126577 0.563164 0.163395 0.626678
1 0.604666 0.209865 0.148700 0.120377 0.167614 0.024006 0.623580 0.113494
1 0.600405 0.303615 0.144438 0.214127 0.163352 0.117756 0.619319 0.207244
1 0.610939 0.465200 0.169177 0.414064 0.178977 0.329403 0.620739 0.380539
1 0.596141 0.539203 0.162902 0.509373 0.169034 0.420312 0.602273 0.450142
1 0.590746 0.615332 0.164610 0.594024 0.169034 0.505539 0.595170 0.526847
1 0.171352 0.691861 0.169034 0.606392 0.588069 0.595028 0.590387 0.680497
1 0.165669 0.761461 0.163352 0.675994 0.582386 0.664631 0.584704 0.750098
