0 0.487653 0.801057 0.299801 0.600979 0.334090 0.568786 0.521942 0.768863
0 0.315472 1.021225 0.088028 0.793782 0.115689 0.766121 0.343133 0.993565
0 1.058764 0.485625 0.826717 0.201904 0.872192 0.164712 1.104239 0.448433
0 0.334249 0.996162 0.109109 0.771022 0.152384 0.727748 0.377523 0.952887
0 0.366046 0.958076 0.145030 0.737060 0.183205 0.698886 0.404221 0.919902
0 0.449942 0.834576 0.262091 0.634498 0.296379 0.602305 0.484231 0.802382
0 1.001098 0.515936 0.773815 0.238040 0.819290 0.200848 1.046572 0.478743
0 0.938304 0.528512 0.727304 0.269881 0.772824 0.232745 0.983824 0.491375
0 0.883497 0.547950 0.678697 0.299627 0.724018 0.262250 0.928818 0.510572
0 0.458971 0.650443 0.332867 0.526009 0.418859 0.438863 0.544963 0.563298
