0 0.298525 1.060942 0.193510 0.899512 0.297084 0.832134 0.402099 0.993564
0 0.210655 0.940574 0.133036 0.839038 0.301916 0.709939 0.379535 0.811476
0 0.639887 0.795624 0.300545 0.456283 0.328924 0.427904 0.668266 0.767245
0 0.624181 0.727585 0.317255 0.420659 0.342198 0.395717 0.649123 0.702642
0 0.650040 0.875632 0.286002 0.511594 0.321049 0.476547 0.685087 0.840585
0 0.664476 0.955020 0.266473 0.557017 0.304221 0.519269 0.702224 0.917272
0 0.612989 0.672360 0.319585 0.378956 0.340782 0.357758 0.634186 0.651162
0 0.600911 0.620921 0.331631 0.351642 0.352250 0.331023 0.621530 0.600302
0 0.145379 0.839806 0.086784 0.750881 0.310382 0.603546 0.368977 0.692471
0 0.602670 0.584390 0.339657 0.321377 0.358994 0.302040 0.622007 0.565053
0 0.589116 0.534128 0.351663 0.296674 0.369940 0.278396 0.607394 0.515850
0 0.590984 0.502689 0.364057 0.275761 0.379487 0.260331 0.606414 0.487258
0 0.586424 0.470015 0.379350 0.256377 0.389430 0.246607 0.596504 0.460245
0 0.582578 0.442426 0.384467 0.240924 0.394580 0.230981 0.592691 0.432483
0 0.577634 0.420076 0.392047 0.227924 0.402349 0.217975 0.587935 0.410127
0 0.573704 0.398821 0.396810 0.212497 0.407499 0.202349 0.584393 0.388673
0 0.566268 0.374648 0.401698 0.196919 0.411907 0.187466 0.576477 0.365195
0 0.566618 0.355677 0.405422 0.182893 0.414089 0.174808 0.575284 0.347592
