0 0.716248 0.787308 0.630508 0.787308 0.630508 0.317518 0.716248 0.317518
0 0.625840 0.791754 0.532731 0.791754 0.532731 0.319471 0.625840 0.319471
0 0.764743 0.797681 0.670900 0.790937 0.704897 0.317904 0.798740 0.324648
0 0.998579 0.851031 0.894101 0.851031 0.894101 0.341595 0.998579 0.341595
0 0.525776 0.793236 0.442257 0.793236 0.442257 0.320374 0.525776 0.320374
0 0.453025 0.796200 0.368033 0.796200 0.368033 0.316070 0.453025 0.316070
0 0.910273 0.830284 0.804673 0.830284 0.804673 0.330617 0.910273 0.330617
0 0.999475 0.861867 0.975857 0.861867 0.975857 0.339863 0.999475 0.339863
0 0.215625 0.798412 0.197157 0.341980 0.251836 0.339768 0.270304 0.796200
0 0.555826 0.335484 0.554040 0.207778 0.597640 0.207168 0.599426 0.334874
