0 0.134305 0.838829 -0.048461 0.798308 0.001075 0.574883 0.183840 0.615405
0 0.274122 0.668259 -0.016329 0.640103 -0.000000 0.471658 0.290451 0.499815
0 0.618895 0.630387 0.590025 0.630387 0.590025 0.235333 0.618895 0.235333
0 0.646131 0.599806 0.618973 0.599806 0.618973 0.211314 0.646131 0.211314
0 0.562909 0.719133 0.524339 0.719133 0.524339 0.278645 0.562909 0.278645
0 0.528614 0.770877 0.484722 0.770877 0.484722 0.295121 0.528614 0.295121
0 0.485417 0.839009 0.431787 0.839009 0.431787 0.333771 0.485417 0.333771
0 0.670539 0.558947 0.645677 0.558947 0.645677 0.204539 0.670539 0.204539
0 0.439820 0.905680 0.383200 0.905680 0.383200 0.355515 0.439820 0.355515
0 0.359462 0.524461 0.095800 0.483219 0.113673 0.368961 0.377335 0.410204
0 0.591593 0.666870 0.558523 0.666870 0.558523 0.251813 0.591593 0.251813
0 0.690606 0.529308 0.668646 0.529308 0.668646 0.195484 0.690606 0.195484
0 0.704851 0.506821 0.686792 0.506389 0.694428 0.186976 0.712487 0.187407
0 0.720835 0.483035 0.706753 0.482795 0.712047 0.172352 0.726128 0.172593
0 0.737579 0.460837 0.721121 0.460538 0.726458 0.166738 0.742917 0.167037
0 0.749190 0.441652 0.733683 0.441302 0.740002 0.161132 0.755509 0.161481
0 0.761069 0.423796 0.748672 0.423472 0.755704 0.153751 0.768101 0.154074
0 0.770893 0.407572 0.758543 0.407112 0.768343 0.144354 0.780693 0.144815
0 0.782076 0.388240 0.770368 0.387864 0.778428 0.137031 0.790136 0.137407
0 0.792131 0.376374 0.779296 0.375934 0.787794 0.127709 0.800630 0.128148
0 0.802209 0.361551 0.790736 0.361165 0.798600 0.127762 0.810073 0.128148
