0 0.803125 0.997222 0.700000 0.997222 0.700000 0.769444 0.803125 0.769444
0 0.654707 0.998098 0.649270 0.757669 0.688001 0.756793 0.693438 0.997222
0 0.631788 0.997943 0.625938 0.754706 0.655920 0.753985 0.661770 0.997222
0 0.612622 0.992016 0.606770 0.748778 0.636753 0.748056 0.642605 0.991295
0 0.579274 0.975328 0.576770 0.750261 0.606767 0.749927 0.609270 0.974994
0 0.584270 0.958692 0.556770 0.958692 0.556770 0.747297 0.584270 0.747297
0 0.564270 0.945875 0.539270 0.945875 0.539270 0.739886 0.564270 0.739886
0 0.543190 0.941020 0.519270 0.939947 0.528438 0.735442 0.552357 0.736514
0 0.527605 0.926608 0.504249 0.925628 0.512605 0.726550 0.535960 0.727530
0 0.511770 0.919200 0.490839 0.918088 0.500938 0.728031 0.521869 0.729143
0 0.496710 0.910811 0.480105 0.910308 0.485938 0.717658 0.502543 0.718161
0 0.482545 0.903400 0.465937 0.902897 0.471770 0.710247 0.488377 0.710750
0 0.472537 0.890115 0.455937 0.889561 0.461770 0.714694 0.478370 0.715248
0 0.459956 0.882792 0.444270 0.882150 0.451085 0.715533 0.466770 0.716175
