1 0.644288 0.824801 0.495948 0.718990 0.724140 0.399078 0.872480 0.504888
1 0.508154 0.647839 0.359814 0.542029 0.588020 0.222096 0.736360 0.327906
1 0.330222 0.520457 0.181879 0.414647 0.410071 0.094732 0.558413 0.200542
1 0.461620 0.080037 0.337145 -0.044438 0.498760 -0.206052 0.623234 -0.081578
1 0.641711 0.211107 0.508482 0.077878 0.645586 -0.059226 0.778815 0.074003
1 0.836335 0.359191 0.700982 0.223838 0.814816 0.110004 0.950169 0.245357
1 1.048705 0.517882 0.892360 0.361537 0.979354 0.274542 1.135700 0.430888
1 0.423290 1.129292 0.283279 0.989281 0.485128 0.787433 0.625138 0.927443
1 0.219096 0.925098 0.101250 0.807252 0.275103 0.633399 0.392949 0.751244
1 0.072082 0.778084 -0.043435 0.662567 0.133903 0.485230 0.249420 0.600746
1 -0.094785 0.611217 -0.204471 0.501530 -0.039967 0.337026 0.069719 0.446713
