0 0.930061 0.702839 0.858751 0.702839 0.858751 0.360640 0.930061 0.360640
0 0.868863 0.698388 0.805219 0.698388 0.805219 0.361650 0.868863 0.361650
0 0.423284 0.652449 0.373609 0.652449 0.373609 0.380452 0.423284 0.380452
0 0.989005 0.719140 0.917314 0.719140 0.917314 0.360070 0.989005 0.360070
0 0.463509 0.652449 0.413504 0.652449 0.413504 0.377517 0.463509 0.377517
0 0.714528 0.671714 0.661360 0.671714 0.661360 0.367067 0.714528 0.367067
0 0.816658 0.688015 0.753792 0.688015 0.753792 0.364207 0.816658 0.364207
0 0.172716 0.717997 0.140422 0.415817 0.188495 0.410679 0.220790 0.712859
0 0.762412 0.680606 0.703145 0.680606 0.703145 0.366534 0.762412 0.366534
0 0.268742 0.679123 0.239508 0.401670 0.283485 0.397037 0.312718 0.674490
0 0.552587 0.654457 0.537316 0.374022 0.574799 0.371981 0.590069 0.652416
0 0.503746 0.649485 0.454529 0.649485 0.454529 0.374625 0.503746 0.374625
0 0.672029 0.658377 0.616302 0.658377 0.616302 0.369232 0.672029 0.369232
0 0.222687 0.700967 0.192167 0.409196 0.236030 0.404608 0.266549 0.696379
0 0.626449 0.653931 0.576965 0.653931 0.576965 0.370400 0.626449 0.370400
0 0.508826 0.653931 0.500233 0.374613 0.547529 0.373158 0.556121 0.652476
0 0.352061 0.660339 0.335265 0.389069 0.375969 0.386549 0.392765 0.657818
0 0.124028 0.734298 0.091733 0.432119 0.139807 0.426981 0.172102 0.729160
0 0.078697 0.752081 0.046402 0.449901 0.094477 0.444763 0.126772 0.746943
0 0.030732 0.768382 -0.001563 0.466202 0.046511 0.461064 0.078806 0.763244
