1 0.444091 1.008533 0.393655 0.945353 0.402710 0.938124 0.453146 1.001304
1 0.433682 1.014275 0.384022 0.950483 0.393146 0.943381 0.442806 1.007172
1 0.419825 1.019498 0.375677 0.962171 0.387524 0.953047 0.431672 1.010375
1 0.407348 1.026880 0.365390 0.970998 0.374656 0.964041 0.416614 1.019922
1 0.395896 1.035110 0.355468 0.980873 0.365490 0.973403 0.405918 1.027640
1 0.383147 1.038332 0.342052 0.985541 0.351196 0.978424 0.392291 1.031215
1 0.709888 0.455586 0.610481 0.418617 0.624256 0.381577 0.723663 0.418546
1 0.660862 0.521405 0.578952 0.454600 0.600055 0.428725 0.681965 0.495530
1 0.642809 0.550823 0.563402 0.481061 0.585438 0.455978 0.664845 0.525740
1 0.631657 0.577070 0.553841 0.508705 0.572928 0.486979 0.650744 0.555344
1 0.614214 0.599049 0.538584 0.528273 0.554337 0.511440 0.629967 0.582215
1 0.571015 0.888373 0.512032 0.822637 0.525058 0.810949 0.584041 0.876686
1 0.561162 0.900311 0.504075 0.836685 0.514292 0.827518 0.571379 0.891144
1 0.547987 0.913648 0.490899 0.850023 0.504552 0.837774 0.561640 0.901398
1 0.537153 0.923375 0.479606 0.860132 0.490097 0.850586 0.547643 0.913829
1 0.523210 0.936964 0.465680 0.873738 0.479460 0.861200 0.536989 0.924426
1 0.509120 0.951429 0.451588 0.888205 0.465368 0.875666 0.522900 0.938891
1 0.498486 0.963100 0.442631 0.898390 0.454515 0.888133 0.510370 0.952842
1 0.484568 0.971783 0.432712 0.909764 0.444755 0.899694 0.496611 0.961713
1 0.471871 0.980400 0.420015 0.918382 0.432058 0.908312 0.483914 0.970331
1 0.464839 0.991636 0.412967 0.929599 0.421856 0.922167 0.473728 0.984203
1 0.455507 1.000287 0.403652 0.938269 0.412523 0.930852 0.464378 0.992870
1 0.796762 0.609867 0.700638 0.540795 0.722521 0.510342 0.818644 0.579415
1 0.788519 0.639835 0.692397 0.570763 0.714293 0.540292 0.810415 0.609363
1 0.766193 0.669666 0.677596 0.592923 0.697302 0.570173 0.785899 0.646917
1 0.748272 0.694677 0.665781 0.623222 0.686414 0.599402 0.768905 0.670858
1 0.732980 0.732975 0.647736 0.655139 0.670802 0.629878 0.756046 0.707715
1 0.718338 0.764384 0.642817 0.688863 0.666562 0.665117 0.742083 0.740638
1 0.694811 0.779308 0.624254 0.708751 0.643922 0.689084 0.714479 0.759641
1 0.674228 0.790850 0.604588 0.721209 0.620192 0.705606 0.689832 0.775246
1 0.652062 0.814374 0.581505 0.743817 0.601869 0.723453 0.672426 0.794011
1 0.632854 0.829978 0.564099 0.761223 0.580842 0.744480 0.649597 0.813235
1 0.615212 0.849865 0.550093 0.784746 0.566376 0.768463 0.631495 0.833582
1 0.601299 0.866875 0.537003 0.795216 0.554197 0.779789 0.618493 0.851447
1 0.584356 0.875881 0.525375 0.810145 0.538402 0.798456 0.597384 0.864193
1 0.598716 0.629358 0.528877 0.564003 0.543266 0.548627 0.613105 0.613983
1 0.581567 0.650554 0.511744 0.585215 0.526132 0.569840 0.595955 0.635179
1 0.573253 0.672679 0.504914 0.605757 0.517159 0.593253 0.585498 0.660175
1 0.560028 0.698550 0.491707 0.631643 0.503952 0.619139 0.572273 0.686046
1 0.547300 0.716175 0.481846 0.652077 0.494091 0.639573 0.559545 0.703671
1 0.530775 0.733447 0.472517 0.676398 0.484778 0.663877 0.543036 0.720927
1 0.522337 0.751064 0.462190 0.692165 0.474434 0.679661 0.534582 0.738560
1 0.512094 0.767631 0.454076 0.710817 0.466320 0.698313 0.524338 0.755127
1 0.498645 0.781976 0.441527 0.724257 0.453966 0.711947 0.511084 0.769666
1 0.487018 0.797138 0.429884 0.739402 0.442323 0.727092 0.499457 0.784828
1 0.471388 0.815926 0.420621 0.757113 0.434377 0.745239 0.485144 0.804051
1 0.464819 0.832018 0.407701 0.774298 0.420140 0.761988 0.477258 0.819708
1 0.452479 0.850715 0.395344 0.792978 0.407783 0.780669 0.464918 0.838405
1 0.444360 0.863060 0.387242 0.805341 0.397579 0.795112 0.454696 0.852831
1 0.433115 0.874768 0.379980 0.821632 0.391470 0.810141 0.444606 0.863277
1 0.419603 0.888585 0.370698 0.828834 0.382714 0.818999 0.431619 0.878750
1 0.406518 0.898793 0.359715 0.841609 0.371732 0.831773 0.418535 0.888957
1 0.397135 0.910248 0.350331 0.853066 0.362348 0.843229 0.409153 0.900412
1 0.388791 0.921463 0.341987 0.864280 0.351587 0.856423 0.398390 0.913606
1 0.379001 0.930539 0.332196 0.873356 0.341795 0.865500 0.388599 0.922683
1 0.369703 0.939837 0.322899 0.882654 0.332497 0.874797 0.379302 0.931981
1 0.362357 0.949634 0.322559 0.901008 0.332159 0.893151 0.371957 0.941777
1 0.357891 0.958123 0.318182 0.909610 0.323929 0.904906 0.363639 0.953419
1 0.351906 0.971228 0.310660 0.920835 0.320258 0.912979 0.361505 0.963372
1 0.554164 0.358145 0.478439 0.299829 0.497697 0.274822 0.573422 0.333139
1 0.551969 0.392031 0.472454 0.341374 0.488521 0.316153 0.568037 0.366810
1 0.546224 0.422865 0.466708 0.372208 0.482776 0.346987 0.562292 0.397644
1 0.537997 0.461042 0.458481 0.410385 0.474549 0.385164 0.554064 0.435820
1 0.531443 0.494430 0.455050 0.445763 0.469748 0.422691 0.546141 0.471358
1 0.519586 0.534753 0.447682 0.473774 0.462654 0.456119 0.534558 0.517099
1 0.500656 0.556023 0.435758 0.487635 0.452549 0.471701 0.517448 0.540088
1 0.493385 0.576154 0.430621 0.514260 0.445407 0.499266 0.508171 0.561160
1 0.482676 0.594307 0.419912 0.532413 0.434699 0.517419 0.497463 0.579314
1 0.475334 0.618682 0.412569 0.556788 0.427338 0.541812 0.490103 0.603706
1 0.456827 0.632499 0.397982 0.574469 0.412767 0.559476 0.471612 0.617506
1 0.443900 0.647772 0.387638 0.592291 0.402425 0.577296 0.458686 0.632778
1 0.433079 0.666512 0.377322 0.608776 0.390672 0.595883 0.446429 0.653620
1 0.421436 0.680162 0.365697 0.622441 0.379029 0.609566 0.434768 0.667287
1 0.410573 0.698096 0.356519 0.642122 0.369868 0.629231 0.423922 0.685205
1 0.402682 0.714273 0.348645 0.658318 0.360506 0.646863 0.414544 0.702818
1 0.393418 0.728807 0.339364 0.672833 0.351227 0.661377 0.405281 0.717351
1 0.383440 0.742321 0.329386 0.686347 0.341249 0.674891 0.395303 0.730865
1 0.377359 0.758984 0.323307 0.703010 0.334496 0.692206 0.388548 0.748180
1 0.368263 0.774357 0.318434 0.722757 0.328515 0.713022 0.378344 0.764621
1 0.359145 0.784949 0.311603 0.735719 0.320992 0.726651 0.368534 0.775881
1 0.350230 0.797736 0.305812 0.751740 0.315410 0.742471 0.359828 0.788468
1 0.339242 0.810044 0.297377 0.761711 0.307444 0.752992 0.349309 0.801324
1 0.331168 0.819613 0.289285 0.771263 0.299370 0.762527 0.341252 0.810877
1 0.322109 0.830610 0.280244 0.782279 0.290310 0.773560 0.332175 0.821891
1 0.314273 0.843341 0.272406 0.795009 0.282491 0.786274 0.324357 0.834606
1 0.304483 0.852147 0.262617 0.803815 0.272683 0.795095 0.314549 0.843427
1 0.292144 0.863723 0.254649 0.811926 0.265456 0.804103 0.302951 0.855900
1 0.283340 0.872020 0.245847 0.820223 0.256635 0.812414 0.294128 0.864211
1 0.274024 0.882319 0.236530 0.830522 0.247337 0.822699 0.284831 0.874496
1 0.446781 0.341513 0.385828 0.280559 0.406870 0.259517 0.467823 0.320471
1 0.438945 0.366484 0.380438 0.307977 0.395855 0.292560 0.454362 0.351067
1 0.431619 0.394410 0.371142 0.333933 0.388768 0.316307 0.449245 0.376784
1 0.422083 0.419142 0.362812 0.359871 0.379215 0.343469 0.438486 0.402740
1 0.412530 0.449229 0.356216 0.392915 0.371889 0.377243 0.428202 0.433556
1 0.405187 0.468334 0.347395 0.410542 0.361112 0.396825 0.418904 0.454617
1 0.394955 0.503622 0.335904 0.444570 0.350589 0.429885 0.409640 0.488936
1 0.388529 0.523136 0.332964 0.467570 0.347412 0.453122 0.402977 0.508687
1 0.380694 0.540761 0.325859 0.485926 0.339083 0.472702 0.393918 0.527537
1 0.373588 0.561566 0.317054 0.505031 0.330770 0.491315 0.387305 0.547849
1 0.367027 0.576015 0.312906 0.521894 0.323173 0.511626 0.377295 0.565747
1 0.353309 0.595613 0.303830 0.546133 0.319247 0.530716 0.368727 0.580196
1 0.342852 0.612264 0.294105 0.559250 0.308899 0.545647 0.357646 0.598661
1 0.333407 0.627806 0.284657 0.574792 0.296655 0.563760 0.345404 0.616774
1 0.323390 0.640737 0.274641 0.587724 0.285170 0.578042 0.333918 0.631055
1 0.312181 0.656861 0.263416 0.603831 0.275998 0.592261 0.324763 0.645291
1 0.301586 0.668133 0.259544 0.619253 0.270990 0.609409 0.313032 0.658288
1 0.302616 0.691056 0.253131 0.638728 0.264536 0.627943 0.314021 0.680271
1 0.291629 0.700071 0.246015 0.649052 0.255925 0.640191 0.301539 0.691211
1 0.283709 0.718920 0.237271 0.668420 0.247357 0.659145 0.293796 0.709645
1 0.277093 0.728250 0.228328 0.675218 0.236840 0.667391 0.285605 0.720423
1 0.266309 0.737112 0.227179 0.688962 0.235930 0.681851 0.275059 0.730001
1 0.258647 0.752797 0.220014 0.703881 0.231031 0.695180 0.269663 0.744097
1 0.252697 0.767009 0.214049 0.718073 0.225066 0.709372 0.263714 0.758308
1 0.248005 0.777820 0.209357 0.728883 0.220374 0.720182 0.259023 0.769118
1 0.239831 0.788000 0.201198 0.739083 0.212214 0.730382 0.250848 0.779299
1 0.232503 0.800664 0.193856 0.751728 0.204873 0.743027 0.243520 0.791963
1 0.224344 0.812902 0.185696 0.763966 0.196713 0.755266 0.235361 0.804202
1 0.218633 0.825956 0.179986 0.777021 0.191003 0.768320 0.229650 0.817256
1 0.209454 0.834320 0.170806 0.785384 0.181824 0.776682 0.220472 0.825619
1 0.203743 0.846558 0.165095 0.797622 0.176112 0.788921 0.214760 0.837858
1 0.202518 0.854854 0.163871 0.805917 0.174889 0.797216 0.213537 0.846152
1 0.345492 0.348908 0.288175 0.291591 0.304900 0.274866 0.362217 0.332182
1 0.337026 0.372262 0.279710 0.314946 0.296435 0.298220 0.353751 0.355537
1 0.329683 0.396739 0.272367 0.339423 0.289092 0.322697 0.346409 0.380014
1 0.319892 0.423256 0.262576 0.365939 0.279302 0.349213 0.336618 0.406529
1 0.312345 0.446713 0.255028 0.389396 0.271755 0.372670 0.329071 0.429986
1 0.305207 0.473841 0.247891 0.416525 0.264616 0.399800 0.321933 0.457116
1 0.296451 0.491162 0.239136 0.433847 0.252990 0.419993 0.310305 0.477308
1 0.287795 0.508397 0.232617 0.449016 0.244716 0.437774 0.299894 0.497154
1 0.277482 0.524762 0.226919 0.470349 0.239034 0.459090 0.289598 0.513503
1 0.267658 0.539620 0.217076 0.485189 0.229175 0.473946 0.279756 0.528377
1 0.262761 0.557569 0.212182 0.503138 0.224280 0.491896 0.274860 0.546327
1 0.251945 0.571652 0.204523 0.520620 0.216639 0.509361 0.264060 0.560393
1 0.243168 0.586957 0.197186 0.537474 0.209302 0.526216 0.255284 0.575698
1 0.238693 0.604895 0.192449 0.555131 0.204547 0.543888 0.250791 0.593652
1 0.231895 0.616682 0.186878 0.568239 0.197286 0.558567 0.242303 0.607011
1 0.221539 0.626683 0.181122 0.583187 0.191070 0.573942 0.231488 0.617438
1 0.214877 0.640825 0.174475 0.597347 0.184424 0.588102 0.224826 0.631580
1 0.211308 0.652894 0.170904 0.609416 0.180854 0.600170 0.221257 0.643647
1 0.205698 0.665302 0.165296 0.621824 0.175244 0.612579 0.215647 0.656057
1 0.201958 0.677881 0.161556 0.634403 0.171506 0.625157 0.211908 0.668635
1 0.196348 0.690629 0.155946 0.647151 0.165896 0.637906 0.206298 0.681383
1 0.191251 0.701849 0.154432 0.662227 0.164382 0.652981 0.201201 0.692603
1 0.188537 0.715440 0.150246 0.674234 0.160195 0.664988 0.198487 0.706194
1 0.184791 0.730404 0.144389 0.686925 0.154337 0.677680 0.194740 0.721159
1 0.180371 0.744342 0.139969 0.700864 0.149919 0.691618 0.190321 0.735096
1 0.180375 0.753187 0.139958 0.709691 0.147654 0.702540 0.188071 0.746036
1 0.175720 0.758932 0.135316 0.715455 0.143012 0.708304 0.183415 0.751781
1 0.398670 0.210456 0.398525 0.126659 0.413573 0.126633 0.413719 0.210430
1 0.252378 0.361078 0.200364 0.309064 0.211821 0.297608 0.263834 0.349621
1 0.243301 0.379300 0.191270 0.327269 0.202727 0.315813 0.254758 0.367844
1 0.237436 0.398082 0.185406 0.346052 0.196846 0.334612 0.248875 0.386642
1 0.229210 0.424531 0.177179 0.372500 0.188635 0.361043 0.240666 0.413074
1 0.220676 0.438332 0.173711 0.391367 0.185167 0.379911 0.232132 0.426876
1 0.219503 0.452424 0.171008 0.403929 0.180426 0.394512 0.228921 0.443006
1 0.210698 0.459461 0.167168 0.415930 0.178030 0.405069 0.221560 0.448599
1 0.207768 0.478977 0.162741 0.430182 0.171575 0.422030 0.216603 0.470825
1 0.200884 0.492740 0.158627 0.446137 0.168992 0.436738 0.211250 0.483342
1 0.195344 0.508409 0.152892 0.461754 0.162991 0.452565 0.205444 0.499220
1 0.191028 0.525271 0.148575 0.478617 0.158674 0.469427 0.201127 0.516081
1 0.183379 0.540534 0.140942 0.493897 0.151040 0.484709 0.193477 0.531346
1 0.176919 0.558756 0.134468 0.512102 0.144567 0.502913 0.187018 0.549567
1 0.171439 0.566508 0.129314 0.519557 0.135989 0.513569 0.178114 0.560519
1 0.164595 0.582842 0.122143 0.536188 0.132242 0.526998 0.174694 0.573653
1 0.158124 0.597513 0.121238 0.556975 0.131337 0.547786 0.168223 0.588324
1 0.152407 0.611580 0.111443 0.566561 0.120208 0.558586 0.161172 0.603605
1 0.146654 0.627781 0.109234 0.586657 0.119350 0.577451 0.156771 0.618575
1 0.140059 0.640292 0.102622 0.599150 0.112721 0.589960 0.150158 0.631103
1 0.136235 0.657613 0.098813 0.616488 0.108912 0.607299 0.146334 0.648424
1 0.132104 0.674661 0.094683 0.633536 0.104799 0.624331 0.142221 0.665455
1 0.249573 0.135127 0.203440 0.088995 0.218245 0.074190 0.264378 0.120322
1 0.240768 0.160863 0.187513 0.107608 0.201962 0.093158 0.255217 0.146413
1 0.230892 0.184810 0.178692 0.132610 0.196319 0.114984 0.248519 0.167183
1 0.219623 0.208796 0.167762 0.156935 0.184335 0.140362 0.236196 0.192223
1 0.213980 0.231335 0.164957 0.182312 0.179762 0.167507 0.228785 0.216530
1 0.205447 0.253974 0.155712 0.204239 0.168476 0.191475 0.218211 0.241210
1 0.198477 0.277874 0.148384 0.227781 0.164243 0.211922 0.214336 0.262015
1 0.191780 0.299359 0.140634 0.248214 0.151904 0.236943 0.203050 0.288089
1 0.185440 0.320522 0.134651 0.269733 0.147688 0.256696 0.198477 0.307485
1 0.179797 0.338845 0.133274 0.292323 0.145955 0.279642 0.192477 0.326164
1 0.173457 0.359293 0.128328 0.314164 0.141722 0.300770 0.186851 0.345899
1 0.170278 0.379368 0.124436 0.333525 0.135008 0.322953 0.180851 0.368795
1 0.161814 0.398405 0.115648 0.352239 0.129739 0.338148 0.175905 0.384314
1 0.160063 0.417085 0.116004 0.373027 0.125166 0.363865 0.169224 0.407924
1 0.152651 0.427318 0.113846 0.388512 0.123365 0.378993 0.162171 0.417799
1 0.150186 0.439641 0.109308 0.398762 0.116345 0.391725 0.157223 0.432604
1 0.142776 0.449161 0.104020 0.410405 0.111415 0.403010 0.150171 0.441766
1 0.140000 0.462405 0.099626 0.419561 0.106151 0.413411 0.146525 0.456256
1 0.132162 0.479400 0.093618 0.434903 0.105592 0.424530 0.144136 0.469027
1 0.129957 0.497948 0.088965 0.450290 0.099808 0.440963 0.140800 0.488622
1 0.122257 0.511835 0.081280 0.464196 0.092124 0.454868 0.133101 0.502507
1 0.119563 0.521893 0.078586 0.474254 0.087188 0.466855 0.128164 0.514495
1 0.117279 0.534557 0.076689 0.493966 0.085664 0.484992 0.126254 0.525582
1 0.109323 0.544143 0.076858 0.511678 0.085630 0.502907 0.118095 0.535372
1 0.105040 0.556178 0.071180 0.522319 0.078932 0.514567 0.112792 0.548427
1 0.101777 0.568008 0.069311 0.535542 0.076654 0.528199 0.109120 0.560665
1 0.100757 0.580452 0.065877 0.545572 0.072812 0.538637 0.107693 0.573517
1 0.097494 0.592689 0.063839 0.559034 0.071794 0.551080 0.105449 0.584734
1 0.096677 0.615534 0.064857 0.583715 0.074649 0.573923 0.106468 0.605743
1 0.092470 0.397890 -0.008683 0.393965 -0.007633 0.366913 0.093520 0.370838
1 0.093460 0.375098 -0.011457 0.374137 -0.011226 0.348913 0.093691 0.349874
1 -0.012220 0.362051 -0.013157 0.336529 0.105669 0.332164 0.106606 0.357686
1 0.098689 0.340955 -0.011463 0.336567 -0.010462 0.311447 0.099690 0.315836
1 0.100902 0.319821 0.000690 0.313363 0.001885 0.294820 0.102097 0.301278
1 0.108021 0.304113 0.012842 0.294580 0.014902 0.274010 0.110081 0.283543
1 0.110866 0.288064 0.028310 0.279112 0.030837 0.255806 0.113394 0.264759
1 0.106031 0.271470 0.043777 0.257014 0.048927 0.234833 0.111182 0.249289
1 0.043801 0.422766 -0.042839 0.420625 -0.042160 0.393153 0.044480 0.395294
