1 0.386058 0.041370 0.272597 0.041370 0.272597 0.000000 0.386058 0.000000
1 0.488053 0.060841 0.411275 0.060841 0.411275 0.000000 0.488053 0.000000
1 0.568269 0.061995 0.500650 0.061995 0.500650 0.000000 0.568269 0.000000
1 0.641611 0.073437 0.577428 0.073437 0.577428 0.001250 0.641611 0.001250
1 0.690363 0.102384 0.624611 0.024852 0.666392 -0.010581 0.732144 0.066952
1 0.758259 0.119042 0.678919 0.025488 0.720683 -0.009931 0.800023 0.083623
1 0.841191 0.144025 0.751277 0.038003 0.793041 0.002584 0.882955 0.108607
1 0.998438 0.095216 0.908606 0.095216 0.908606 0.032187 0.998438 0.032187
1 0.996237 0.001174 0.995903 0.001075 0.996102 0.000403 0.996436 0.000502
1 0.777442 0.992034 0.662500 0.946813 0.865918 0.429778 0.980859 0.475000
1 0.690329 1.004576 0.540625 0.964006 0.684671 0.432477 0.834375 0.473047
1 0.534662 0.999172 0.380308 0.967500 0.487500 0.445102 0.641854 0.476774
1 0.407412 0.981631 0.170722 0.978475 0.178125 0.423220 0.414815 0.426376
1 0.149600 1.017348 0.018750 0.418531 0.152146 0.389382 0.282996 0.988199
