0 0.155299 0.705803 -0.035091 0.637172 0.017795 0.490461 0.208185 0.559092
0 0.054564 0.846585 -0.063078 0.804363 0.006597 0.610231 0.124239 0.652453
0 0.425661 0.860425 0.386155 0.860425 0.386155 0.381327 0.425661 0.381327
0 0.458588 0.808625 0.423128 0.808625 0.423128 0.359000 0.458588 0.359000
0 0.263856 0.620550 -0.005181 0.585313 0.009662 0.471987 0.278699 0.507225
0 0.389580 0.946946 0.342036 0.946946 0.342036 0.402012 0.389580 0.402012
0 0.483658 0.762850 0.453770 0.762850 0.453770 0.330703 0.483658 0.330703
0 0.506881 0.716942 0.479557 0.716942 0.479557 0.316802 0.506881 0.316802
0 0.553601 0.641068 0.528377 0.641068 0.528377 0.297436 0.553601 0.297436
0 0.344637 0.999074 0.288363 0.999074 0.288363 0.427092 0.344637 0.427092
0 0.529728 0.677931 0.502582 0.677931 0.502582 0.308433 0.529728 0.308433
0 0.575810 0.613836 0.551490 0.613836 0.551490 0.289183 0.575810 0.289183
0 0.594179 0.597255 0.572593 0.597255 0.572593 0.287492 0.594179 0.287492
0 0.605866 0.572785 0.589477 0.572394 0.596413 0.281461 0.612802 0.281852
0 0.621053 0.551880 0.604407 0.551682 0.607698 0.274247 0.624344 0.274444
0 0.632038 0.532972 0.615599 0.532398 0.624695 0.272018 0.641133 0.272593
0 0.642080 0.519627 0.625545 0.518790 0.638240 0.268052 0.654775 0.268889
0 0.653095 0.505743 0.641348 0.505208 0.652471 0.260947 0.664218 0.261481
0 0.664008 0.489442 0.652836 0.488875 0.664588 0.257211 0.675761 0.257778
