0 0.174058 0.645230 -0.016498 0.621519 0.002518 0.468694 0.193074 0.492406
0 0.257875 0.556864 -0.008441 0.526131 0.005666 0.403878 0.271983 0.434610
0 0.477726 0.718848 0.439578 0.718848 0.439578 0.287092 0.477726 0.287092
0 0.511893 0.673573 0.475669 0.673573 0.475669 0.272723 0.511893 0.272723
0 0.439453 0.774507 0.390941 0.774507 0.390941 0.318299 0.439453 0.318299
0 0.397803 0.844146 0.342461 0.844146 0.342461 0.341882 0.397803 0.341882
0 0.571544 0.585477 0.542050 0.585477 0.542050 0.239377 0.571544 0.239377
0 0.542713 0.643314 0.510009 0.643314 0.510009 0.243974 0.542713 0.243974
0 0.597486 0.536112 0.570732 0.536112 0.570732 0.225121 0.597486 0.225121
0 0.290417 0.909880 0.269276 0.382521 0.328017 0.380167 0.349158 0.907525
0 0.622573 0.513608 0.594963 0.513540 0.595685 0.222524 0.623295 0.222593
0 0.621826 0.485383 0.619416 0.211691 0.643232 0.211481 0.645642 0.485174
0 0.661786 0.454538 0.641952 0.454263 0.645434 0.203798 0.665268 0.204074
0 0.676243 0.423260 0.659601 0.423143 0.661218 0.194697 0.677859 0.194815
0 0.692026 0.398193 0.678069 0.397950 0.681741 0.187164 0.695698 0.187407
0 0.702543 0.393967 0.687859 0.393396 0.696124 0.181017 0.710808 0.181589
