0 0.390625 0.527778 0.332812 0.527778 0.332812 0.400000 0.390625 0.400000
0 0.534377 0.502778 0.487502 0.502778 0.487502 0.405556 0.534377 0.405556
0 0.825000 0.452778 0.768750 0.452778 0.768750 0.366667 0.825000 0.366667
0 0.625000 0.497222 0.582812 0.497222 0.582812 0.394444 0.625000 0.394444
0 0.644167 0.498892 0.633020 0.498892 0.633020 0.392378 0.644167 0.392378
0 0.652500 0.498892 0.641353 0.498892 0.641353 0.392378 0.652500 0.392378
0 0.662500 0.498892 0.651353 0.498892 0.651353 0.392378 0.662500 0.392378
0 0.670833 0.494444 0.659688 0.494444 0.659688 0.387931 0.670833 0.387931
0 0.678333 0.492964 0.667188 0.492964 0.667188 0.386450 0.678333 0.386450
0 0.686667 0.491481 0.675520 0.491481 0.675520 0.384967 0.686667 0.384967
0 0.695833 0.488517 0.684687 0.488517 0.684687 0.382003 0.695833 0.382003
0 0.704167 0.485553 0.693020 0.485553 0.693020 0.379039 0.704167 0.379039
0 0.708333 0.484072 0.697188 0.484072 0.697188 0.377558 0.708333 0.377558
0 0.716667 0.484072 0.705520 0.484072 0.705520 0.377558 0.716667 0.377558
0 0.723333 0.481108 0.712187 0.481108 0.712187 0.374594 0.723333 0.374594
0 0.729167 0.481108 0.718020 0.481108 0.718020 0.374594 0.729167 0.374594
0 0.735833 0.479625 0.724687 0.479625 0.724687 0.373111 0.735833 0.373111
