0 0.932257 0.720180 0.849640 0.720180 0.849640 0.325380 0.932257 0.325380
0 0.863269 0.710371 0.784933 0.710371 0.784933 0.323063 0.863269 0.323063
0 0.160222 0.681106 0.090342 0.681106 0.090342 0.306785 0.160222 0.306785
0 0.731002 0.702519 0.662216 0.702519 0.662216 0.318697 0.731002 0.318697
0 0.401672 0.662263 0.334116 0.662263 0.334116 0.299855 0.401672 0.299855
0 0.797188 0.705520 0.723772 0.705520 0.723772 0.321198 0.797188 0.321198
0 0.270404 0.662727 0.208841 0.662727 0.208841 0.301276 0.270404 0.301276
0 0.996159 0.732137 0.914085 0.732137 0.914085 0.325943 0.996159 0.325943
0 0.332761 0.660998 0.268833 0.660998 0.268833 0.300456 0.332761 0.300456
0 0.217719 0.671939 0.151729 0.671939 0.151729 0.305109 0.217719 0.305109
0 0.099511 0.692019 0.026798 0.692019 0.026798 0.307364 0.099511 0.307364
0 0.669341 0.693693 0.603513 0.693693 0.603513 0.315970 0.669341 0.315970
0 0.617134 0.682722 0.549940 0.682722 0.549940 0.312814 0.617134 0.312814
0 0.560205 0.677928 0.491035 0.677928 0.491035 0.310980 0.560205 0.310980
0 0.038295 0.699987 0.000209 0.699987 0.000209 0.309421 0.038295 0.309421
0 0.446837 0.665389 0.385439 0.665389 0.385439 0.306528 0.446837 0.306528
