0 0.998438 0.939904 0.000841 0.939904 0.000841 0.680288 0.998438 0.680288
0 0.998438 0.392127 0.460577 0.384615 0.461146 0.343891 0.999006 0.351403
0 0.998438 0.450721 0.397476 0.450721 0.397476 0.375601 0.998438 0.375601
0 0.998438 0.510817 0.350333 0.498703 0.351803 0.420072 0.999907 0.432186
0 0.998438 0.611478 0.259255 0.576923 0.263740 0.480979 1.002923 0.515534
0 0.998438 0.724159 0.151662 0.684844 0.157509 0.558914 1.004284 0.598228
0 0.998438 0.354567 0.460577 0.347055 0.461059 0.312507 0.998920 0.320019
0 0.981911 0.332031 0.514664 0.315505 0.515884 0.280993 0.983132 0.297519
0 0.979869 0.302054 0.554798 0.294437 0.555338 0.264317 0.980409 0.271935
0 0.971056 0.276456 0.589784 0.271935 0.590122 0.243376 0.971394 0.247897
