0 0.780238 0.412403 0.743126 0.412403 0.743126 0.201817 0.780238 0.201817
0 0.747538 0.417042 0.716130 0.417042 0.716130 0.205542 0.747538 0.205542
0 0.718641 0.423910 0.690731 0.423910 0.690731 0.203298 0.718641 0.203298
0 0.694860 0.427013 0.665172 0.427013 0.665172 0.204403 0.694860 0.204403
0 0.446039 0.931808 0.399503 0.931808 0.399503 0.339827 0.446039 0.339827
0 0.076390 0.439056 0.002159 0.206872 0.108770 0.172788 0.183001 0.404972
0 0.877191 0.837728 0.699265 0.636152 0.925917 0.436093 1.103842 0.637669
0 0.639729 0.659734 0.583421 0.533704 0.904867 0.390086 0.961175 0.516116
0 0.548164 0.999074 0.479677 0.995672 0.507870 0.428148 0.576356 0.431550
0 0.482679 0.997967 0.429801 0.997742 0.432408 0.385484 0.485287 0.385710
0 0.371280 0.889708 0.368699 0.333755 0.400357 0.333608 0.402938 0.889561
0 0.664848 0.375333 0.645498 0.374724 0.650577 0.213333 0.669927 0.213942
0 0.186091 0.277549 0.183547 0.151807 0.195593 0.151563 0.198137 0.277306
0 0.199463 0.278566 0.191908 0.154084 0.209024 0.153045 0.216579 0.277527
