0 0.852610 0.693947 0.774148 0.693947 0.774148 0.311566 0.852609 0.311566
0 0.130797 0.666160 0.055340 0.666160 0.055340 0.304735 0.130797 0.304735
0 0.191281 0.658751 0.114537 0.658751 0.114537 0.301586 0.191281 0.301586
0 0.788316 0.695429 0.715798 0.695429 0.715798 0.308115 0.788316 0.308115
0 0.253841 0.656899 0.230838 0.299976 0.296788 0.295726 0.319792 0.652649
0 0.399313 0.662827 0.335301 0.662827 0.335301 0.304689 0.399313 0.304689
0 0.732658 0.692465 0.662499 0.692465 0.662499 0.308642 0.732658 0.308642
0 0.351029 0.661344 0.285383 0.661344 0.285383 0.301154 0.351029 0.301154
0 0.911448 0.701357 0.833736 0.701357 0.833736 0.311329 0.911448 0.311329
0 0.503268 0.667272 0.439807 0.667272 0.439807 0.306246 0.503268 0.306246
0 0.988172 0.701356 0.899692 0.701356 0.899692 0.317450 0.988172 0.317450
0 0.240368 0.661732 0.171995 0.661732 0.171995 0.298434 0.240368 0.298434
0 0.564448 0.676164 0.493168 0.676164 0.493168 0.302919 0.564448 0.302919
0 0.453632 0.667272 0.387220 0.667272 0.387220 0.306763 0.453632 0.306763
0 0.673010 0.686537 0.606817 0.686537 0.606817 0.306175 0.673010 0.306175
0 0.073245 0.677294 -0.000581 0.677294 -0.000581 0.305302 0.073245 0.305302
