0 0.854955 0.739887 0.772291 0.739887 0.772291 0.306980 0.854955 0.306980
0 0.113729 0.805092 0.022667 0.805092 0.022667 0.337955 0.113729 0.337955
0 0.300826 0.744332 0.225329 0.744332 0.225329 0.315835 0.300826 0.315835
0 0.452879 0.720621 0.377603 0.720621 0.377603 0.303941 0.452879 0.303941
0 0.369812 0.729513 0.293724 0.729513 0.293724 0.312355 0.369812 0.312355
0 0.213227 0.775453 0.128845 0.775453 0.128845 0.327974 0.213227 0.327974
0 0.783264 0.728032 0.703524 0.728032 0.703524 0.303564 0.783264 0.303564
0 0.715047 0.722104 0.638811 0.722104 0.638811 0.301148 0.715047 0.301148
0 0.934185 0.759152 0.842007 0.759152 0.842007 0.311682 0.934185 0.311682
0 0.999475 0.781381 0.919011 0.781381 0.919011 0.317384 0.999475 0.317384
0 0.647068 0.716176 0.574575 0.716176 0.574575 0.299021 0.647068 0.299021
0 0.040172 0.804742 0.000187 0.804742 0.000187 0.340776 0.040172 0.340776
0 0.517290 0.717657 0.444646 0.717657 0.444646 0.301832 0.517290 0.301832
0 0.581100 0.713212 0.506814 0.713212 0.506814 0.299457 0.581100 0.299457
