0 0.543547 0.421297 0.522561 0.421297 0.522561 0.227778 0.543547 0.227778
0 0.502624 0.432407 0.482687 0.432407 0.482687 0.234259 0.502624 0.234259
0 0.754969 1.019208 0.735556 0.783468 0.980063 0.763333 0.999475 0.999074
0 0.728092 0.908306 0.606506 0.765185 0.860575 0.549344 0.982162 0.692465
0 0.582087 0.780307 0.508919 0.670741 0.746980 0.511766 0.820147 0.621332
0 0.494131 0.695376 0.442812 0.613333 0.663057 0.475567 0.714376 0.557610
0 0.424207 0.624901 0.393831 0.563751 0.600894 0.460894 0.631270 0.522044
0 0.377659 1.000540 0.356768 0.496667 0.392120 0.495201 0.413012 0.999074
0 0.343799 0.986691 0.327387 0.465185 0.352948 0.464381 0.369360 0.985886
0 0.314469 0.924767 0.291710 0.441111 0.315542 0.439990 0.338300 0.923645
0 0.289489 0.862398 0.268625 0.418889 0.289735 0.417896 0.310598 0.861405
0 0.279494 0.809110 0.252760 0.404152 0.268754 0.403096 0.295488 0.808055
0 0.267953 0.768793 0.243288 0.387417 0.254873 0.386668 0.279538 0.768043
0 0.466737 0.444984 0.459719 0.256058 0.480168 0.255298 0.487186 0.444225
0 0.562434 0.416828 0.547324 0.416828 0.547324 0.241111 0.562434 0.241111
