0 0.036097 0.689156 -0.002524 0.688864 0.000000 0.354629 0.038621 0.354920
0 0.945226 0.782862 0.903393 0.779065 0.935201 0.428611 0.977033 0.432407
0 0.891291 0.752486 0.845091 0.748898 0.871256 0.411983 0.917456 0.415571
0 0.052046 0.686192 0.043585 0.363566 0.083890 0.362509 0.092351 0.685135
0 0.105771 0.687674 0.097310 0.365049 0.137615 0.363992 0.146076 0.686617
0 0.162015 0.686192 0.153554 0.363566 0.193859 0.362509 0.202320 0.685135
0 0.207375 0.658064 0.203987 0.360557 0.242585 0.360117 0.245972 0.657624
0 0.254384 0.663991 0.250997 0.366484 0.289594 0.366045 0.292982 0.663552
0 0.301411 0.646239 0.296327 0.363520 0.334910 0.362827 0.339994 0.645545
0 0.342657 0.640327 0.337461 0.360556 0.376042 0.359840 0.381238 0.639610
0 0.423085 0.634324 0.384470 0.634324 0.384470 0.362039 0.423085 0.362039
0 0.462539 0.634324 0.423924 0.634324 0.423924 0.362039 0.462539 0.362039
0 0.502833 0.629879 0.464218 0.629879 0.464218 0.357593 0.502833 0.357593
0 0.539769 0.626915 0.501154 0.626915 0.501154 0.354629 0.539769 0.354629
0 0.577545 0.628396 0.538930 0.628396 0.538930 0.356110 0.577545 0.356110
0 0.614481 0.619505 0.575866 0.619505 0.575866 0.347219 0.614481 0.347219
0 0.648059 0.612095 0.609444 0.612095 0.609444 0.339809 0.648059 0.339809
0 0.716894 0.609131 0.680797 0.609131 0.680797 0.358687 0.716894 0.358687
0 0.754669 0.603204 0.718573 0.603204 0.718573 0.352759 0.754669 0.352759
