0 0.117524 0.718268 -0.000000 0.718268 0.000000 0.520217 0.117524 0.520217
0 0.196229 0.613058 -0.016993 0.587434 -0.000000 0.446034 0.213221 0.471658
0 0.451370 0.762575 0.405950 0.762575 0.405950 0.303641 0.451370 0.303641
0 0.408314 0.823684 0.355482 0.823684 0.355482 0.335014 0.408314 0.335014
0 0.488741 0.710588 0.448221 0.710588 0.448221 0.285038 0.488741 0.285038
0 0.363887 0.899087 0.302217 0.899087 0.302217 0.356751 0.363887 0.356751
0 0.552679 0.618444 0.520535 0.618444 0.520535 0.251901 0.552679 0.251901
0 0.520950 0.671646 0.485160 0.671646 0.485160 0.258014 0.520950 0.258014
0 0.284844 0.514749 0.030362 0.483954 0.042475 0.383855 0.296957 0.414650
0 0.580393 0.579567 0.551921 0.579567 0.551921 0.238991 0.580393 0.238991
0 0.601968 0.530824 0.581164 0.530509 0.585702 0.230924 0.606506 0.231239
0 0.624650 0.498280 0.605137 0.497931 0.610078 0.222243 0.629591 0.222593
0 0.647536 0.471381 0.628332 0.471311 0.629274 0.213263 0.648479 0.213333
0 0.661538 0.446346 0.644100 0.446076 0.647829 0.205655 0.665268 0.205926
0 0.680114 0.418196 0.662749 0.417961 0.665741 0.196432 0.683106 0.196667
0 0.690812 0.402055 0.677020 0.401660 0.682954 0.194420 0.696747 0.194815
