0 0.829847 0.696483 0.755920 0.696483 0.755920 0.335957 0.829847 0.335957
0 0.873963 0.695578 0.844247 0.322715 0.919832 0.316691 0.949549 0.689554
0 0.329980 0.696249 0.258986 0.696249 0.258986 0.318200 0.329980 0.318200
0 0.768465 0.698778 0.701601 0.698778 0.701601 0.338921 0.768465 0.338921
0 0.148644 0.689771 0.066032 0.689771 0.066032 0.311161 0.148644 0.311161
0 0.932056 0.696052 0.911278 0.312933 0.978594 0.309282 0.999372 0.692401
0 0.272660 0.694202 0.197910 0.694202 0.197910 0.312642 0.272660 0.312642
0 0.385361 0.694684 0.315217 0.694684 0.315217 0.318200 0.385361 0.318200
0 0.214753 0.692068 0.136205 0.692068 0.136205 0.314125 0.214753 0.314125
0 0.551179 0.693492 0.483667 0.693492 0.483667 0.330055 0.551179 0.330055
0 0.608507 0.692321 0.542525 0.692321 0.542525 0.327091 0.608507 0.327091
0 0.713082 0.697110 0.646670 0.697110 0.646670 0.330055 0.713082 0.330055
0 0.493401 0.693941 0.427123 0.693941 0.427123 0.324127 0.493401 0.324127
0 0.662652 0.693689 0.600491 0.693689 0.600491 0.322871 0.662652 0.322871
0 0.082007 0.690812 0.003945 0.690812 0.003945 0.312642 0.082007 0.312642
0 0.887572 0.693301 0.813759 0.693301 0.813759 0.325583 0.887572 0.325583
