0 0.512620 0.026082 0.362380 0.026082 0.362380 0.000841 0.512620 0.000841
0 0.892428 0.469591 0.455854 0.436747 0.481685 0.093397 0.918259 0.126241
0 0.512620 0.057632 0.362380 0.057632 0.362380 0.032392 0.512620 0.032392
0 0.511118 0.090685 0.360877 0.090685 0.360877 0.060938 0.511118 0.060938
0 0.401142 0.149279 0.356370 0.149279 0.356370 0.124039 0.401142 0.124039
0 0.401142 0.177824 0.356370 0.177824 0.356370 0.152584 0.401142 0.152584
0 0.389123 0.206370 0.351863 0.206370 0.351863 0.181130 0.389123 0.181130
0 0.390625 0.228906 0.353365 0.228906 0.353365 0.203666 0.390625 0.203666
0 0.389123 0.249940 0.351863 0.249940 0.351863 0.224699 0.389123 0.224699
0 0.389123 0.249940 0.351863 0.249940 0.351863 0.224699 0.389123 0.224699
0 0.389123 0.249940 0.351863 0.249940 0.351863 0.224699 0.389123 0.224699
0 0.386118 0.267969 0.348858 0.267969 0.348858 0.242728 0.386118 0.242728
0 0.381611 0.290505 0.344351 0.290505 0.344351 0.265264 0.381611 0.265264
