0 0.209204 0.692864 0.135158 0.692864 0.135158 0.296544 0.209204 0.296544
0 0.867838 0.692465 0.785680 0.692465 0.785680 0.286293 0.867838 0.286293
0 0.944687 0.697131 0.856566 0.697131 0.856566 0.287935 0.944687 0.287935
0 0.677632 0.661344 0.603216 0.661344 0.603216 0.277955 0.677632 0.277955
0 0.738265 0.673200 0.665423 0.673200 0.665423 0.279082 0.738265 0.279082
0 0.051947 0.732214 0.000077 0.732214 0.000077 0.311024 0.051947 0.311024
0 0.621500 0.650971 0.543966 0.650971 0.543966 0.272981 0.621500 0.272981
0 0.800106 0.683573 0.722536 0.683573 0.722536 0.285956 0.800106 0.285956
0 0.140903 0.707284 0.067815 0.707284 0.067815 0.302450 0.140903 0.302450
0 0.393219 0.659863 0.318901 0.659863 0.318901 0.278372 0.393219 0.278372
0 0.331960 0.667272 0.258642 0.667272 0.258642 0.284333 0.331960 0.284333
0 0.270900 0.688019 0.200028 0.688019 0.200028 0.289366 0.270900 0.289366
0 0.501839 0.646526 0.430045 0.646526 0.430045 0.272986 0.501839 0.272986
0 0.560204 0.652453 0.483716 0.652453 0.483716 0.272912 0.560204 0.272912
0 0.449041 0.650971 0.374765 0.650971 0.374765 0.270940 0.449041 0.270940
0 0.999475 0.709758 0.922482 0.709758 0.922482 0.291544 0.999475 0.291544
