0 0.977707 0.808055 0.871557 0.808055 0.871557 0.322518 0.977707 0.322518
0 0.249863 0.791754 0.159701 0.791754 0.159701 0.325340 0.249863 0.325340
0 0.725756 0.759152 0.650764 0.759152 0.650764 0.311627 0.725756 0.311627
0 0.658471 0.743713 0.578463 0.743713 0.578463 0.309765 0.658471 0.309765
0 0.884959 0.778417 0.795546 0.778417 0.795546 0.316748 0.884959 0.316748
0 0.410799 0.766561 0.325329 0.766561 0.325329 0.315273 0.410799 0.315273
0 0.174273 0.793236 0.086425 0.793236 0.086425 0.327830 0.174273 0.327830
0 0.494336 0.748778 0.417984 0.748778 0.417984 0.307782 0.494336 0.307782
0 0.567641 0.744332 0.487390 0.744332 0.487390 0.309811 0.567641 0.309811
0 0.317612 0.778417 0.236689 0.778417 0.236689 0.322014 0.317612 0.322014
0 0.802339 0.766561 0.720301 0.766561 0.720301 0.312864 0.802339 0.312864
0 0.999475 0.818767 0.951838 0.818767 0.951838 0.327071 0.999475 0.327071
