0 0.664843 0.894444 0.234374 0.894444 0.234374 0.065276 0.664843 0.065276
0 0.987500 0.297224 0.950000 0.297224 0.950000 0.001389 0.987500 0.001389
0 0.953906 0.283333 0.918750 0.283333 0.918750 0.001389 0.953906 0.001389
0 0.925001 0.270833 0.892188 0.270833 0.892188 0.002778 0.925001 0.002778
0 0.896875 0.254167 0.867969 0.254167 0.867969 0.001389 0.896875 0.001389
0 0.872656 0.243056 0.844531 0.243056 0.844531 0.002778 0.872656 0.002778
0 0.850000 0.229167 0.821094 0.229167 0.821094 0.001389 0.850000 0.001389
0 0.828907 0.215278 0.804688 0.215278 0.804688 0.002778 0.828907 0.002778
0 0.810937 0.216667 0.786718 0.216667 0.786718 0.008333 0.810937 0.008333
0 0.790625 0.197224 0.768749 0.197224 0.768749 0.001389 0.790625 0.001389
0 0.774219 0.188888 0.751563 0.188888 0.751563 0.002776 0.774219 0.002776
0 0.756250 0.181944 0.736719 0.181944 0.736719 0.002778 0.756250 0.002778
0 0.728906 0.163889 0.710156 0.163889 0.710156 0.004167 0.728906 0.004167
0 0.714844 0.155556 0.696094 0.155556 0.696094 0.002778 0.714844 0.002778
0 0.704687 0.155556 0.688281 0.155556 0.688281 0.002778 0.704687 0.002778
0 0.635157 0.129167 0.573437 0.129167 0.573437 0.001389 0.635157 0.001389
0 0.741406 0.179167 0.721876 0.179167 0.721876 0.001389 0.741406 0.001389
0 0.689286 0.148904 0.672887 0.148585 0.675788 -0.000319 0.692187 0.000000
0 0.679464 0.148904 0.663064 0.148585 0.665966 -0.000320 0.682366 0.000000
0 0.668750 0.148904 0.652350 0.148585 0.655252 -0.000320 0.671652 0.000000
0 0.662500 0.148904 0.646100 0.148585 0.649002 -0.000320 0.665402 0.000000
0 0.655357 0.148904 0.638957 0.148585 0.641859 -0.000320 0.658259 0.000000
