1 1.000000 0.912716 0.888462 0.912716 0.888462 0.263990 1.000000 0.263990
1 0.928870 0.929351 0.691250 0.929351 0.691250 0.321034 0.928870 0.321034
1 0.712620 1.000000 0.486875 1.000000 0.486875 0.385192 0.712620 0.385192
1 0.532043 0.986370 0.315793 0.986370 0.315793 0.401827 0.532043 0.401827
1 0.306298 0.993510 0.111442 0.993510 0.111442 0.454087 0.306298 0.454087
1 0.118558 1.000000 -0.000000 1.000000 0.000000 0.482620 0.118558 0.482620
1 0.935986 0.111923 0.736394 0.111923 0.736394 0.000000 0.935986 0.000000
1 0.745889 0.149928 0.520144 0.149928 0.520144 0.000000 0.745889 0.000000
1 0.391827 0.192716 0.237380 0.192716 0.237380 0.000000 0.391827 0.000000
1 0.213630 0.280625 0.080553 0.280625 0.080553 0.000000 0.213630 0.000000
1 0.066298 0.283005 -0.000000 0.283005 0.000000 0.000000 0.066298 0.000000
