0 0.869859 0.764979 0.837682 0.617627 0.998177 0.582580 1.030354 0.729932
0 0.638998 0.902005 0.595044 0.902005 0.595044 0.402642 0.638998 0.402642
0 0.597844 0.841547 0.558046 0.841547 0.558046 0.383277 0.597844 0.383277
0 0.691441 0.981482 0.636165 0.981482 0.636165 0.407540 0.691441 0.407540
0 0.778948 0.652494 0.768007 0.539085 0.998438 0.516857 1.009378 0.630266
0 0.486995 0.669752 0.463805 0.669752 0.463805 0.325027 0.486995 0.325027
0 0.560730 0.786069 0.529024 0.786069 0.529024 0.356065 0.560730 0.356065
0 0.464837 0.639866 0.443090 0.639866 0.443090 0.308862 0.464837 0.308862
0 0.506536 0.698519 0.482992 0.698519 0.482992 0.331932 0.506536 0.331932
0 0.531954 0.742507 0.504451 0.742507 0.504451 0.340849 0.531954 0.340849
0 0.998438 0.916484 0.957915 0.916484 0.957915 0.708024 0.998438 0.708024
0 0.729623 0.584971 0.712603 0.494627 0.958116 0.448374 0.975136 0.538719
0 0.446496 0.613921 0.426263 0.613859 0.427189 0.311608 0.447422 0.311670
0 0.413130 0.594841 0.409560 0.292344 0.425298 0.292158 0.428868 0.594656
0 0.402338 0.571325 0.393611 0.289380 0.409270 0.288895 0.417998 0.570840
0 0.392214 0.553486 0.385216 0.287898 0.397526 0.287574 0.404524 0.553162
0 0.382238 0.535808 0.373425 0.285320 0.385637 0.284890 0.394450 0.535379
0 0.372165 0.526918 0.363352 0.276428 0.375563 0.275998 0.384377 0.526488
0 0.363539 0.506132 0.354996 0.270855 0.365760 0.270464 0.374303 0.505741
0 0.355944 0.483806 0.349959 0.263445 0.360763 0.263152 0.366748 0.483512
0 0.347027 0.468886 0.340515 0.268889 0.347813 0.268651 0.354325 0.468648
0 0.339472 0.465922 0.332960 0.265925 0.340258 0.265687 0.346770 0.465684
