1 0.665423 0.640385 0.280526 0.255488 0.388309 0.147705 0.773206 0.532602
1 0.540624 0.648476 0.235141 0.342992 0.299970 0.278163 0.605454 0.583646
1 0.483445 0.660102 0.214472 0.391130 0.265126 0.340477 0.534098 0.609449
1 0.436174 0.665729 0.199836 0.429392 0.239238 0.389991 0.475575 0.626328
1 0.397351 0.670794 0.185203 0.458645 0.216155 0.427693 0.428304 0.639841
1 0.367520 0.683730 0.170006 0.486216 0.198138 0.458084 0.395652 0.655598
1 0.325128 0.679004 0.140260 0.494136 0.171128 0.463269 0.355995 0.648136
1 0.315371 0.680194 0.155881 0.520704 0.176975 0.499610 0.336465 0.659100
1 0.812726 0.891714 0.567465 0.646454 0.629048 0.584871 0.874308 0.830131
1 0.772203 0.932237 0.512359 0.672393 0.556927 0.627824 0.816772 0.887668
1 0.706982 0.922939 0.473926 0.689884 0.515657 0.648153 0.748712 0.881209
1 0.662890 0.915426 0.466412 0.718949 0.496413 0.688948 0.692891 0.885425
1 0.616011 0.895742 0.435001 0.714733 0.457506 0.692228 0.638515 0.873237
1 0.579890 0.890593 0.419041 0.729743 0.437807 0.710977 0.598656 0.871827
1 0.538620 0.879340 0.395601 0.736320 0.414842 0.717079 0.557861 0.860098
1 0.516114 0.881209 0.377311 0.742406 0.399358 0.720360 0.538160 0.859163
1 -0.037660 0.459273 -0.051827 0.435966 0.119784 0.331646 0.133952 0.354953
