0 0.465766 1.024823 0.246760 0.805816 0.326862 0.725713 0.545869 0.944720
0 0.590737 0.632722 0.486636 0.528620 0.523648 0.491608 0.627750 0.595709
0 0.634994 0.596323 0.522053 0.483382 0.559618 0.445817 0.672559 0.558758
0 0.430350 1.034705 0.217234 0.821590 0.237674 0.801150 0.450789 1.014265
0 0.399966 1.047411 0.184887 0.832331 0.210851 0.806367 0.425931 1.021446
0 0.379773 1.063678 0.164693 0.848598 0.190657 0.822634 0.405737 1.037713
0 0.364366 1.069262 0.153216 0.858112 0.165921 0.845406 0.377071 1.056556
0 0.497377 0.796793 0.361848 0.661264 0.404938 0.618174 0.540467 0.753703
0 0.443424 0.838961 0.313787 0.709325 0.360743 0.662370 0.490379 0.792006
0 0.502675 0.723291 0.397651 0.616054 0.418442 0.595692 0.523465 0.702929
0 0.521169 0.686016 0.426523 0.597367 0.446326 0.576225 0.540971 0.664873
0 0.537700 0.654683 0.445841 0.566313 0.466757 0.544571 0.558617 0.632941
