0 0.683944 0.735562 0.343509 0.735562 0.343509 0.669526 0.683944 0.669526
0 0.692835 0.787532 0.344058 0.787532 0.344057 0.720844 0.692835 0.720844
0 0.690622 0.129840 0.355022 0.093633 0.360934 0.038831 0.696534 0.075038
0 0.710618 0.908262 0.345401 0.908262 0.345401 0.837523 0.710618 0.837523
0 0.713581 0.971270 0.347939 0.971270 0.347939 0.895484 0.713581 0.895484
0 0.647631 0.312998 0.344956 0.312998 0.344956 0.253230 0.647631 0.253230
0 0.653373 0.277750 0.342314 0.259365 0.345464 0.206075 0.656522 0.224461
0 0.671342 0.684228 0.342632 0.684228 0.342632 0.618080 0.671342 0.618080
0 0.681449 0.180660 0.351574 0.151645 0.356286 0.098068 0.686161 0.127084
0 0.700244 0.849053 0.344688 0.849053 0.344688 0.778262 0.700244 0.778262
0 0.655041 0.492040 0.343921 0.492040 0.343921 0.434616 0.655041 0.434616
0 0.725068 0.997396 0.354172 0.997396 0.354172 0.955796 0.725068 0.955796
0 0.656522 0.536784 0.345483 0.536784 0.345483 0.478500 0.656522 0.478500
0 0.668239 0.229181 0.341962 0.202721 0.345918 0.153940 0.672195 0.180399
0 0.646149 0.407685 0.343868 0.407685 0.343868 0.345180 0.646149 0.345180
0 0.646149 0.450294 0.343790 0.450294 0.343790 0.390878 0.646149 0.390878
0 0.647631 0.361624 0.344322 0.361624 0.344322 0.300102 0.647631 0.300102
0 0.663932 0.634903 0.342370 0.634903 0.342370 0.573601 0.663932 0.573601
0 0.659486 0.587676 0.342466 0.587676 0.342466 0.525871 0.659486 0.525871
0 0.700784 0.057998 0.362728 0.057998 0.362728 -0.001038 0.700784 -0.001038
