0 0.102413 0.831766 -0.070400 0.765824 0.011027 0.552428 0.183841 0.618369
0 0.243442 0.673200 -0.030827 0.600876 0.014504 0.428973 0.288772 0.501297
0 0.623492 0.624140 0.591580 0.624140 0.591580 0.222926 0.623492 0.222926
0 0.533019 0.765821 0.489955 0.765821 0.489955 0.283245 0.533019 0.283245
0 0.650690 0.583525 0.623602 0.583525 0.623602 0.210463 0.650690 0.210463
0 0.566733 0.707763 0.530055 0.707763 0.530055 0.266757 0.566733 0.266757
0 0.595693 0.658965 0.565153 0.658965 0.565153 0.243629 0.595693 0.243629
0 0.490397 0.832380 0.438185 0.832380 0.438185 0.330774 0.490397 0.330774
0 0.445860 0.893297 0.387300 0.893297 0.387300 0.352199 0.445860 0.352199
0 0.376125 0.517709 0.100861 0.505017 0.106059 0.392293 0.381322 0.404985
0 0.674835 0.559186 0.649535 0.559186 0.649535 0.196954 0.674835 0.196954
0 0.694945 0.524044 0.673137 0.524044 0.673137 0.183229 0.694945 0.183229
0 0.713897 0.503954 0.696520 0.503918 0.697208 0.174408 0.714586 0.174444
0 0.727111 0.480345 0.710104 0.480170 0.713318 0.168713 0.730325 0.168889
0 0.740508 0.462657 0.724869 0.462426 0.729376 0.157547 0.745016 0.157778
0 0.752377 0.435947 0.739968 0.435720 0.745198 0.150143 0.757608 0.150370
0 0.764557 0.424137 0.751708 0.423738 0.760498 0.140712 0.773347 0.141111
0 0.777411 0.397566 0.763110 0.397164 0.770589 0.131449 0.784890 0.131852
