0 0.819883 0.554659 0.792771 0.404655 0.997630 0.367628 1.024743 0.517632
0 0.577723 0.696599 0.539989 0.696599 0.539989 0.238143 0.577723 0.238143
0 0.998353 0.671302 0.894345 0.671302 0.894345 0.461740 0.998353 0.461740
0 0.612960 0.749829 0.575149 0.749829 0.575149 0.257574 0.612960 0.257574
0 0.656355 0.808182 0.608885 0.808182 0.608885 0.276013 0.656355 0.276013
0 0.709487 0.873761 0.651157 0.873761 0.651157 0.305063 0.709487 0.305063
0 0.753905 0.464065 0.715541 0.358716 0.960074 0.269668 0.998438 0.375017
0 0.508047 0.603183 0.480315 0.603183 0.480315 0.202097 0.508047 0.202097
0 0.541991 0.648540 0.507526 0.648540 0.507526 0.223099 0.541991 0.223099
0 0.481560 0.566694 0.456221 0.566694 0.456221 0.194552 0.481560 0.194552
0 0.440520 0.544516 0.436003 0.185556 0.452473 0.185348 0.456989 0.544308
0 0.421851 0.507366 0.419214 0.176296 0.432526 0.176190 0.435164 0.507260
0 0.409532 0.485326 0.401376 0.170741 0.418130 0.170306 0.426286 0.484892
0 0.395588 0.469306 0.382488 0.161481 0.398701 0.160791 0.411802 0.468616
0 0.379514 0.439628 0.370945 0.154074 0.388819 0.153538 0.397388 0.439092
0 0.365917 0.417311 0.355206 0.146667 0.369176 0.146114 0.379888 0.416758
0 0.353363 0.398087 0.343663 0.141111 0.356628 0.140622 0.366328 0.397597
0 0.324706 0.375908 0.314282 0.139259 0.326763 0.138710 0.337187 0.375358
0 0.313195 0.365537 0.298542 0.131852 0.312333 0.130987 0.326985 0.364673
