0 0.600909 1.044075 0.326548 0.843621 0.621336 0.440144 0.895698 0.640598
0 0.644701 0.449505 0.622012 0.448819 0.629912 0.187211 0.652601 0.187896
0 0.270304 0.830284 0.150802 0.651952 0.562135 0.376314 0.681637 0.554646
0 0.680767 0.440613 0.646817 0.440613 0.646817 0.185437 0.680767 0.185437
0 0.119203 0.643561 0.068556 0.515562 0.458063 0.361443 0.508709 0.489442
0 0.074711 0.510237 0.058664 0.433119 0.393606 0.363420 0.409654 0.440538
0 0.073872 0.436168 0.066421 0.371321 0.350156 0.338718 0.357608 0.403565
0 0.617838 0.456915 0.595149 0.456230 0.603049 0.194620 0.625738 0.195306
0 0.586779 0.465806 0.564089 0.465120 0.571989 0.203512 0.594678 0.204197
0 0.556895 0.483840 0.529276 0.483589 0.531802 0.205428 0.559421 0.205679
0 0.520798 0.498659 0.493179 0.498408 0.495706 0.220247 0.523325 0.220498
0 0.429403 0.399127 0.412585 0.399049 0.413431 0.218325 0.430249 0.218404
0 0.342553 0.374216 0.340030 0.246738 0.354665 0.246448 0.357188 0.373927
0 0.400839 0.400601 0.384890 0.400601 0.384890 0.231852 0.400839 0.231852
0 0.363843 0.378373 0.361302 0.245089 0.375656 0.244815 0.378197 0.378100
