0 0.097377 0.742850 -0.042449 0.694404 0.010437 0.541766 0.150262 0.590212
0 0.362972 0.945410 0.310690 0.945410 0.310690 0.388696 0.362972 0.388696
0 0.542926 0.639266 0.515345 0.639266 0.515345 0.280167 0.542926 0.280167
0 0.224237 0.637520 -0.010810 0.616590 0.000000 0.495186 0.235047 0.516116
0 0.440884 0.810254 0.400510 0.810254 0.400510 0.347691 0.440884 0.347691
0 0.402854 0.875960 0.354490 0.875960 0.354490 0.366568 0.402854 0.366568
0 0.000000 0.812501 -0.000178 0.684861 0.040267 0.684804 0.040444 0.812445
0 0.566000 0.607338 0.541920 0.607338 0.541920 0.272644 0.566000 0.272644
0 0.468938 0.757361 0.436938 0.757361 0.436938 0.325453 0.468938 0.325453
0 0.491132 0.713961 0.463502 0.713961 0.463502 0.298772 0.491132 0.298772
0 0.584722 0.585061 0.563272 0.585061 0.563272 0.268134 0.584722 0.268134
0 0.515721 0.691062 0.488049 0.691062 0.488049 0.289819 0.515721 0.289819
0 0.596605 0.557953 0.581742 0.557610 0.588495 0.264842 0.603358 0.265185
0 0.612612 0.538527 0.598394 0.538304 0.602780 0.259406 0.616999 0.259630
0 0.627001 0.514926 0.613641 0.514634 0.619379 0.251930 0.632739 0.252222
0 0.637985 0.495369 0.626248 0.495124 0.631494 0.244569 0.643232 0.244815
0 0.652989 0.485133 0.641030 0.484992 0.643864 0.244674 0.655824 0.244815
0 0.661368 0.467511 0.649738 0.467213 0.655735 0.233405 0.667366 0.233704
0 0.297266 0.540175 0.047230 0.501486 0.062242 0.404472 0.312277 0.443161
