0 0.232568 0.603239 0.114784 0.593750 0.137624 0.310223 0.255409 0.319712
0 0.289755 0.602055 0.198553 0.594708 0.221298 0.312364 0.312500 0.319712
0 0.339334 0.603557 0.248133 0.596210 0.270878 0.313867 0.362079 0.321214
0 0.402435 0.602055 0.311233 0.594708 0.333979 0.312364 0.425180 0.319712
0 0.462531 0.603557 0.371330 0.596210 0.394075 0.313867 0.485276 0.321214
0 0.525632 0.603557 0.434431 0.596210 0.457176 0.313867 0.548378 0.321214
0 0.582933 0.600962 0.508395 0.598947 0.515907 0.321002 0.590445 0.323017
0 0.640024 0.596454 0.565486 0.594440 0.572998 0.316495 0.647536 0.318510
0 0.697115 0.594952 0.622577 0.592937 0.630090 0.314993 0.704628 0.317007
0 0.755709 0.597957 0.681171 0.595942 0.688683 0.317998 0.763221 0.320012
0 0.815805 0.596454 0.741267 0.594440 0.748779 0.316495 0.823317 0.318510
0 0.871394 0.596454 0.796856 0.594440 0.804368 0.316495 0.878906 0.318510
0 0.935997 0.596454 0.861460 0.594440 0.868972 0.316495 0.943509 0.318510
