0 0.824641 0.998611 0.277507 0.998611 0.277507 0.076171 0.824641 0.076171
0 0.980216 0.270342 0.948426 0.270342 0.948426 0.004744 0.980216 0.004744
0 0.999219 0.289044 0.976782 0.289044 0.976782 0.008572 0.999219 0.008572
0 0.954241 0.252163 0.924569 0.252163 0.924569 0.005325 0.954241 0.005325
0 0.881605 0.221158 0.856391 0.221158 0.856391 0.001592 0.881605 0.001592
0 0.930497 0.243362 0.900927 0.243362 0.900927 0.003429 0.930497 0.003429
0 0.905138 0.231161 0.878538 0.231161 0.878538 0.001881 0.905138 0.001881
0 0.859360 0.208424 0.835420 0.208424 0.835420 0.000863 0.859360 0.000863
0 0.841503 0.200104 0.819653 0.200104 0.819653 0.001149 0.841503 0.001149
0 0.841503 0.200104 0.819653 0.200104 0.819653 0.001149 0.841503 0.001149
0 0.820536 0.182247 0.801796 0.182247 0.801796 0.000000 0.820536 0.000000
0 0.806250 0.182247 0.787510 0.182247 0.787510 0.000000 0.806250 0.000000
0 0.789312 0.168170 0.770557 0.167872 0.773224 0.000000 0.791979 0.000298
0 0.776812 0.168170 0.758057 0.167872 0.760724 0.000000 0.779479 0.000298
0 0.750011 0.155336 0.749117 0.000000 0.763392 -0.000082 0.764286 0.155254
0 0.739296 0.155336 0.738403 0.000000 0.752678 -0.000082 0.753572 0.155254
0 0.734832 0.155336 0.733938 0.000000 0.748214 -0.000082 0.749107 0.155254
0 0.727679 0.139376 0.725852 0.000001 0.740176 -0.000187 0.742003 0.139189
0 0.720177 0.131437 0.642857 0.131437 0.642857 0.000000 0.720177 0.000000
