0 0.693393 0.918153 0.244687 0.918153 0.244687 0.064924 0.693393 0.064924
0 0.954388 0.272487 0.922060 0.272487 0.922060 0.003331 0.954388 0.003331
0 0.984121 0.294867 0.950407 0.294867 0.950407 0.003592 0.984121 0.003592
0 0.927273 0.259329 0.896569 0.259329 0.896569 0.004575 0.927273 0.004575
0 0.876092 0.230943 0.850200 0.230943 0.850200 0.005385 0.876092 0.005385
0 0.855790 0.222156 0.830926 0.222156 0.830926 0.004068 0.855790 0.004068
0 0.999219 0.311151 0.980844 0.311151 0.980844 0.006633 0.999219 0.006633
0 0.817405 0.204861 0.794559 0.204861 0.794559 0.000557 0.817405 0.000557
0 0.835544 0.212212 0.811306 0.212212 0.811306 0.001371 0.835544 0.001371
0 0.899832 0.248722 0.872119 0.248722 0.872119 0.011526 0.899832 0.011526
0 0.779878 0.181894 0.759296 0.181894 0.759296 0.000415 0.779878 0.000415
0 0.798612 0.191711 0.776930 0.191711 0.776930 0.000000 0.798612 0.000000
0 0.763393 0.177483 0.742821 0.177021 0.746807 -0.000462 0.767378 0.000000
0 0.751786 0.177483 0.731214 0.177021 0.735200 -0.000462 0.755771 0.000000
0 0.737500 0.177483 0.716928 0.177021 0.720914 -0.000462 0.741485 0.000000
0 0.723055 0.150080 0.702541 0.148904 0.711149 -0.001177 0.731663 0.000000
0 0.713234 0.150081 0.692720 0.148904 0.701328 -0.001177 0.721842 0.000000
0 0.702520 0.150080 0.682005 0.148904 0.690613 -0.001177 0.711127 0.000000
0 0.693591 0.150081 0.673077 0.148904 0.681685 -0.001177 0.702199 0.000000
0 0.692377 0.133418 0.671795 0.133418 0.671795 0.000000 0.692377 0.000000
0 0.681663 0.133418 0.661081 0.133418 0.661081 0.000000 0.681663 0.000000
0 0.664732 0.135006 0.595982 0.135006 0.595982 0.000000 0.664732 0.000000
