0 0.761804 0.785475 0.716684 0.785475 0.716684 0.545661 0.761804 0.545661
0 0.619622 0.777141 0.583421 0.777141 0.583421 0.546586 0.619622 0.546586
0 0.940190 0.789178 0.896643 0.789178 0.896643 0.553993 0.940190 0.553993
0 0.901888 0.777141 0.858341 0.777141 0.858341 0.541957 0.901888 0.541957
0 0.580273 0.778993 0.544071 0.778993 0.544071 0.548437 0.580273 0.548437
0 0.545646 0.773438 0.509445 0.773438 0.509445 0.542882 0.545646 0.542882
0 0.514165 0.766030 0.477964 0.766030 0.477964 0.535475 0.514165 0.535475
0 0.482162 0.763252 0.445961 0.763252 0.445961 0.532697 0.482162 0.532697
0 0.957422 0.779012 0.946929 0.631828 0.965372 0.630513 0.975866 0.777697
0 0.985906 0.780403 0.977827 0.652115 0.991396 0.651261 0.999475 0.779549
0 0.719423 0.414367 0.716055 -0.000637 0.996403 -0.002912 0.999771 0.412092
0 0.631731 0.531199 0.423757 0.130644 0.676600 -0.000637 0.884575 0.399919
0 0.559938 0.583972 0.275341 0.303009 0.405854 0.170808 0.690451 0.451771
0 0.467797 0.602615 0.140410 0.377363 0.219098 0.262997 0.546485 0.488249
0 0.377221 0.602755 0.059907 0.447152 0.106611 0.351912 0.423924 0.507514
0 0.294707 0.625031 -0.010854 0.509442 0.020147 0.427490 0.325708 0.543080
0 0.320042 0.738808 0.298833 0.738622 0.300302 0.571051 0.321511 0.571237
0 0.241763 0.728321 0.218193 0.727934 0.219872 0.625681 0.243442 0.626068
0 0.289536 0.733397 0.271262 0.732707 0.275535 0.619451 0.293809 0.620140
0 0.263379 0.725845 0.244118 0.725380 0.246847 0.612266 0.266107 0.612730
