1 0.153842 0.714577 0.143262 0.546399 0.161831 0.545231 0.172411 0.713409
1 0.623521 0.693755 0.603434 0.054600 0.765277 0.049514 0.785364 0.688669
1 0.503404 0.643760 0.486837 0.116592 0.585995 0.113476 0.602562 0.640644
1 0.409079 0.571471 0.396244 0.163067 0.465681 0.160885 0.478516 0.569289
1 0.343419 0.539648 0.332238 0.183862 0.396509 0.181842 0.407690 0.537628
1 0.309895 0.510874 0.299691 0.186178 0.338975 0.184943 0.349179 0.509639
1 0.277509 0.492844 0.267698 0.180643 0.299101 0.179656 0.308912 0.491857
1 0.244189 0.471339 0.235442 0.192990 0.266869 0.192002 0.275616 0.470351
1 0.210298 0.458603 0.202169 0.199956 0.233572 0.198969 0.241701 0.457616
1 0.187384 0.439755 0.179839 0.199657 0.204707 0.198875 0.212252 0.438974
1 0.160804 0.427499 0.153727 0.202321 0.178595 0.201540 0.185672 0.426717
1 0.136527 0.424603 0.130308 0.226695 0.149434 0.226094 0.155653 0.424002
1 0.121583 0.417460 0.115925 0.237404 0.131494 0.236915 0.137152 0.416971
1 0.104732 0.418373 0.099074 0.238342 0.114643 0.237853 0.120301 0.417884
1 0.089273 0.407658 0.084389 0.252254 0.099958 0.251765 0.104842 0.407169
1 0.072349 0.416144 0.067465 0.260715 0.083035 0.260226 0.087919 0.415655
1 0.062759 0.405024 0.058399 0.266270 0.066688 0.266010 0.071048 0.404764
1 0.054173 0.401381 0.044266 0.275496 0.052534 0.274845 0.062441 0.400730
1 0.046739 0.393750 0.037469 0.275965 0.045761 0.275312 0.055031 0.393097
1 0.041892 0.398242 0.032460 0.278396 0.040752 0.277743 0.050184 0.397589
1 0.031856 0.396856 0.022833 0.282210 0.031125 0.281557 0.040148 0.396203
1 0.020452 0.392691 0.012361 0.289883 0.020629 0.289232 0.028720 0.392040
1 0.007625 0.390971 0.000045 0.294658 0.008337 0.294005 0.015917 0.390318
1 0.706370 1.000000 0.590625 1.000000 0.590625 0.899351 0.706370 0.899351
1 0.603029 1.000000 0.506899 1.000000 0.506899 0.831130 0.603029 0.831130
1 0.519062 1.000000 0.440938 1.000000 0.440938 0.766514 0.519062 0.766514
1 0.431010 1.000000 0.370240 1.000000 0.370240 0.734279 0.431010 0.734279
1 0.375216 0.971779 0.317500 0.971779 0.317500 0.686587 0.375216 0.686587
1 0.284760 0.877885 0.252043 0.877885 0.252043 0.630601 0.284760 0.630601
1 0.255481 0.838269 0.227067 0.838269 0.227067 0.603029 0.255481 0.603029
1 0.206145 0.793116 0.192889 0.582426 0.215249 0.581019 0.228505 0.791709
1 0.188932 0.758782 0.176834 0.566493 0.199169 0.565088 0.211267 0.757377
1 0.171691 0.740875 0.159594 0.548586 0.178164 0.547418 0.190261 0.739707
1 0.138554 0.706764 0.127973 0.538587 0.146542 0.537419 0.157123 0.705596
1 0.131140 0.690862 0.120666 0.524388 0.134197 0.523537 0.144671 0.690011
1 0.117817 0.675297 0.108123 0.521227 0.121654 0.520376 0.131348 0.674446
1 0.108787 0.656288 0.099413 0.507303 0.112944 0.506452 0.122318 0.655437
1 0.098514 0.639113 0.089490 0.495670 0.101702 0.494902 0.110726 0.638345
1 0.087987 0.627406 0.078961 0.483939 0.091172 0.483171 0.100198 0.626638
1 0.082253 0.606982 0.074013 0.476015 0.082290 0.475494 0.090530 0.606461
1 0.291106 1.000000 0.248630 1.000000 0.248630 0.970601 0.291106 0.970601
1 0.258798 1.000000 0.227091 1.000000 0.227091 0.924543 0.258798 0.924543
1 0.233077 1.000000 0.203774 1.000000 0.203774 0.873702 0.233077 0.873702
1 0.211538 0.995120 0.185240 0.995120 0.185240 0.838413 0.211538 0.838413
1 0.177311 0.972254 0.168050 0.811632 0.182497 0.810799 0.191758 0.971421
1 0.161090 0.934710 0.152107 0.778911 0.166554 0.778078 0.175537 0.933877
1 0.144952 0.895826 0.136657 0.751954 0.151081 0.751122 0.159376 0.894994
1 0.131803 0.867044 0.123508 0.723172 0.136851 0.722403 0.145146 0.866275
1 0.121697 0.846355 0.113658 0.706947 0.125490 0.706265 0.133529 0.845673
1 0.111848 0.825711 0.104182 0.692759 0.115989 0.692078 0.123655 0.825030
1 0.098880 0.802787 0.091813 0.680226 0.103620 0.679545 0.110687 0.802106
1 0.091428 0.788388 0.084361 0.665827 0.096168 0.665146 0.103235 0.787707
1 0.083439 0.766434 0.076720 0.649897 0.086464 0.649335 0.093183 0.765872
1 0.075820 0.753429 0.069099 0.636868 0.078843 0.636306 0.085564 0.752867
1 0.068858 0.735482 0.062745 0.629455 0.072488 0.628893 0.078601 0.734920
1 0.062055 0.723727 0.055941 0.617701 0.065709 0.617138 0.071823 0.723164
1 0.105345 0.947457 0.102351 0.824945 0.112107 0.824707 0.115101 0.947219
1 0.115681 0.974364 0.112687 0.851852 0.125040 0.851550 0.128034 0.974062
1 0.126435 1.000302 0.123377 0.875170 0.135729 0.874868 0.138787 1.000000
1 0.134995 1.000302 0.132584 0.901704 0.144937 0.901402 0.147348 1.000000
1 0.149207 1.000302 0.147486 0.929850 0.159839 0.929548 0.161560 1.000000
1 0.162865 1.000146 0.162041 0.966405 0.174370 0.966104 0.175194 0.999844
