0 0.764063 0.894444 0.333595 0.894444 0.333595 0.065276 0.764063 0.065276
0 0.037499 0.331944 -0.000781 0.331944 -0.000781 0.001389 0.037499 0.001389
0 0.070312 0.298611 0.032812 0.298611 0.032812 0.001389 0.070312 0.001389
0 0.097656 0.283333 0.062501 0.283333 0.062501 0.001389 0.097656 0.001389
0 0.124219 0.269444 0.091405 0.269444 0.091405 0.001389 0.124219 0.001389
0 0.143749 0.252776 0.114844 0.252776 0.114844 0.001389 0.143749 0.001389
0 0.164062 0.241667 0.135938 0.241667 0.135938 0.001389 0.164062 0.001389
0 0.185156 0.229167 0.156251 0.229167 0.156251 0.001389 0.185156 0.001389
0 0.201562 0.212500 0.177344 0.212500 0.177344 0.001388 0.201562 0.001388
0 0.221095 0.208333 0.196876 0.208333 0.196876 0.001389 0.221095 0.001389
0 0.235937 0.198611 0.214062 0.198611 0.214062 0.001389 0.235937 0.001389
0 0.253906 0.187499 0.231251 0.187499 0.231251 0.001388 0.253906 0.001388
0 0.266405 0.180556 0.246874 0.180556 0.246874 0.001388 0.266405 0.001388
0 0.279687 0.173611 0.260155 0.173611 0.260155 0.001389 0.279687 0.001389
0 0.290626 0.161111 0.271876 0.161111 0.271876 0.001389 0.290626 0.001389
0 0.303906 0.155556 0.285156 0.155556 0.285156 0.002778 0.303906 0.002778
0 0.299448 0.147661 0.296094 0.001389 0.312491 0.001013 0.315844 0.147285
0 0.425001 0.129167 0.363280 0.129167 0.363280 0.001389 0.425001 0.001389
0 0.308376 0.146272 0.305022 -0.000000 0.321420 -0.000376 0.324773 0.145896
0 0.308376 0.146272 0.305022 -0.000000 0.321420 -0.000376 0.324773 0.145896
0 0.318198 0.146272 0.314844 -0.000000 0.331241 -0.000376 0.334594 0.145896
0 0.328019 0.146272 0.324665 -0.000000 0.341063 -0.000376 0.344416 0.145896
0 0.335162 0.146272 0.331808 -0.000000 0.348205 -0.000376 0.351559 0.145896
