0 0.697223 0.456465 0.378703 0.456465 0.378703 0.371469 0.697223 0.371469
0 0.375056 0.490501 0.374459 0.463135 0.685423 0.456360 0.686019 0.483726
0 0.631481 0.565070 0.356481 0.565070 0.356481 0.537262 0.631481 0.537262
0 0.610185 0.587105 0.354629 0.587105 0.354629 0.561922 0.610185 0.561922
0 0.350927 0.603894 0.350784 0.585008 0.600954 0.583117 0.601096 0.602004
0 0.348157 0.624402 0.348011 0.605994 0.587617 0.604104 0.587762 0.622512
0 0.562963 0.657409 0.340741 0.657409 0.340741 0.642719 0.562963 0.642719
0 0.338889 0.675248 0.338630 0.660562 0.553164 0.656780 0.553423 0.671465
0 0.335186 0.687315 0.334905 0.672630 0.548719 0.668532 0.549000 0.683217
0 0.331481 0.703579 0.330995 0.688905 0.534267 0.682173 0.534753 0.696847
0 0.329999 0.715331 0.329513 0.700657 0.532785 0.693925 0.533271 0.708599
0 0.331518 0.727320 0.330822 0.715020 0.525375 0.703999 0.526072 0.716299
0 0.327073 0.739912 0.326376 0.727611 0.520930 0.716591 0.521626 0.728891
0 0.363200 0.518203 0.362604 0.490837 0.673568 0.484062 0.674164 0.511428
0 0.362569 0.546589 0.361785 0.519336 0.654303 0.510924 0.655087 0.538178
0 0.586112 0.642193 0.342593 0.642193 0.342593 0.622782 0.586112 0.622782
