1 0.716639 0.907330 0.581953 0.896493 0.620884 0.412623 0.755570 0.423459
1 0.002366 0.002450 0.001826 0.002412 0.001912 0.001167 0.002452 0.001204
1 0.177134 0.240389 0.156227 0.000029 0.178738 -0.001930 0.199645 0.238431
1 0.197995 0.249214 0.188556 0.003529 0.211138 0.002661 0.220577 0.248346
1 0.222645 0.256564 0.212615 0.000002 0.247708 -0.001370 0.257737 0.255192
1 0.252844 0.265806 0.242613 0.000875 0.282992 -0.000685 0.293223 0.264247
1 0.324492 0.278469 0.313906 0.002927 0.360844 0.001123 0.371430 0.276666
1 0.369214 0.291950 0.357658 0.000003 0.419869 -0.002459 0.431425 0.289488
1 0.438059 0.302459 0.426608 0.004363 0.497830 0.001626 0.509281 0.299723
1 0.127375 0.535740 0.121920 0.431652 0.135436 0.430943 0.140891 0.535031
1 0.117009 0.509784 0.111656 0.407617 0.120778 0.407139 0.126131 0.509306
1 0.104081 0.488031 0.098861 0.388433 0.107984 0.387955 0.113205 0.487553
1 0.093216 0.469786 0.087997 0.370211 0.097120 0.369733 0.102339 0.469308
1 0.081366 0.448056 0.076145 0.348456 0.085292 0.347977 0.090513 0.447577
1 0.073745 0.428297 0.068527 0.328720 0.077648 0.328242 0.082867 0.427819
1 0.068375 0.424372 0.062595 0.314065 0.071744 0.313586 0.077523 0.423892
1 0.103161 0.640761 0.088300 0.538881 0.103809 0.536619 0.118670 0.638499
1 0.178784 0.664836 0.173677 0.518555 0.187466 0.518073 0.192573 0.664355
1 0.195209 0.706856 0.189561 0.545102 0.209141 0.544419 0.214789 0.706172
1 0.215103 0.762787 0.208802 0.582367 0.228381 0.581683 0.234683 0.762104
1 0.236838 0.800997 0.230195 0.610777 0.252081 0.610012 0.258723 0.800233
1 0.262395 0.853927 0.255406 0.653759 0.277292 0.652995 0.284281 0.853162
1 0.307308 0.907405 0.285433 0.907405 0.285433 0.695866 0.307308 0.695866
1 0.350409 0.961780 0.314616 0.961780 0.314616 0.745602 0.350409 0.745602
1 0.437284 0.997597 0.380912 0.997597 0.380912 0.836442 0.437284 0.836442
1 0.534111 0.997597 0.495648 0.997597 0.495648 0.811250 0.534111 0.811250
1 0.126200 0.426933 0.118769 0.269342 0.133080 0.268667 0.140511 0.426258
1 0.111603 0.395470 0.104423 0.243210 0.118758 0.242534 0.125938 0.394794
1 0.097028 0.372447 0.090344 0.230705 0.104655 0.230030 0.111339 0.371772
1 0.087823 0.351317 0.081183 0.210512 0.095494 0.209838 0.102134 0.350642
1 0.138388 0.437077 0.130956 0.279487 0.145267 0.278813 0.152698 0.436402
1 0.154511 0.452052 0.146897 0.290570 0.161209 0.289895 0.168823 0.451377
1 0.168194 0.470166 0.159706 0.290220 0.174019 0.289545 0.182506 0.469491
1 0.182516 0.485744 0.173272 0.289734 0.192075 0.288848 0.201319 0.484857
1 0.203122 0.505952 0.193244 0.296473 0.212045 0.295586 0.221923 0.505066
1 0.225498 0.531897 0.214919 0.307554 0.243541 0.306205 0.254120 0.530547
1 0.268695 0.584147 0.242822 0.345979 0.271858 0.342825 0.297731 0.580992
1 0.301478 0.603348 0.272570 0.337245 0.307031 0.333502 0.335939 0.599605
1 0.331628 0.636815 0.316983 0.347713 0.359837 0.345542 0.374483 0.634644
1 0.376677 0.683956 0.360405 0.362731 0.409837 0.360227 0.426109 0.681452
1 0.428941 0.737425 0.410566 0.374717 0.474666 0.371470 0.493041 0.734178
1 0.605192 0.821780 0.519952 0.821780 0.519952 0.392548 0.605192 0.392548
1 0.626713 0.333956 0.527903 0.330506 0.539561 -0.003330 0.638370 0.000120
1 0.777411 0.374769 0.635550 0.369815 0.648430 0.000953 0.790291 0.005906
1 0.983006 0.459291 0.812040 0.450406 0.835478 -0.000599 1.006445 0.008286
1 0.998438 0.998437 0.750000 0.998437 0.750000 0.485738 0.998438 0.485738
