0 0.708593 0.944444 0.250781 0.944444 0.250781 0.069444 0.708593 0.069444
0 0.971094 0.281944 0.937500 0.281944 0.937500 0.005556 0.971094 0.005556
0 0.942187 0.266667 0.910157 0.266667 0.910157 0.004167 0.942187 0.004167
0 0.868750 0.229167 0.842969 0.229167 0.842969 0.004167 0.868750 0.004167
0 0.999219 0.304167 0.965625 0.304167 0.965625 0.005556 0.999219 0.005556
0 0.892187 0.238889 0.865625 0.238889 0.865625 0.002776 0.892187 0.002776
0 0.914844 0.251389 0.886719 0.251389 0.886719 0.005556 0.914844 0.005556
0 0.846875 0.218056 0.821875 0.218056 0.821875 0.002778 0.846875 0.002778
0 0.828125 0.206944 0.805469 0.206944 0.805469 0.001389 0.828125 0.001389
0 0.808593 0.198611 0.786718 0.198611 0.786718 0.001389 0.808593 0.001389
0 0.794531 0.177776 0.772656 0.177776 0.772656 0.001388 0.794531 0.001388
0 0.778126 0.166667 0.757812 0.166667 0.757812 0.001389 0.778126 0.001389
0 0.763841 0.165278 0.743527 0.165278 0.743527 0.000000 0.763841 0.000000
0 0.744536 0.152361 0.727226 0.151994 0.730459 -0.000367 0.747769 -0.000000
0 0.734715 0.152361 0.717404 0.151994 0.720637 -0.000367 0.737948 -0.000000
0 0.723107 0.152361 0.705797 0.151994 0.709031 -0.000367 0.726341 0.000000
0 0.711607 0.147315 0.694297 0.146948 0.697423 -0.000367 0.714734 0.000000
0 0.698184 0.138328 0.681068 0.137385 0.688688 -0.000943 0.705805 -0.000000
0 0.690148 0.138328 0.673032 0.137385 0.680652 -0.000943 0.697769 -0.000000
0 0.682113 0.138328 0.664997 0.137385 0.672617 -0.000943 0.689734 0.000000
0 0.674970 0.138328 0.657854 0.137385 0.665474 -0.000943 0.682591 -0.000000
0 0.675893 0.131438 0.605694 0.131140 0.606251 -0.000298 0.676450 0.000000
