0 0.138809 0.695442 0.060891 0.695442 0.060891 0.336720 0.138809 0.336720
0 0.777335 0.662468 0.722735 0.657134 0.752161 0.355911 0.806761 0.361244
0 0.055404 0.702852 -0.016891 0.699549 0.000053 0.328640 0.072348 0.331942
0 0.829702 0.685009 0.774418 0.680301 0.801679 0.360156 0.856963 0.364863
0 0.193463 0.685068 0.123677 0.685068 0.123677 0.339134 0.193463 0.339134
0 0.877497 0.695039 0.824560 0.688582 0.863327 0.370731 0.916264 0.377188
0 0.740404 0.652532 0.687766 0.650038 0.701784 0.354228 0.754422 0.356722
0 0.662592 0.646167 0.605362 0.646167 0.605362 0.348168 0.662592 0.348168
0 0.688353 0.643203 0.636272 0.639519 0.656858 0.348505 0.708939 0.352189
0 0.933358 0.715206 0.880607 0.709055 0.919493 0.375546 0.972244 0.381696
0 0.617227 0.643203 0.563150 0.643203 0.563150 0.351116 0.617227 0.351116
0 0.297047 0.673213 0.233062 0.673213 0.233062 0.338430 0.297047 0.338430
0 0.347191 0.667285 0.285945 0.667285 0.285945 0.341597 0.347191 0.341597
0 0.246740 0.682105 0.179511 0.682105 0.179511 0.340609 0.246740 0.340609
0 0.397542 0.664322 0.337886 0.664322 0.337886 0.340042 0.397542 0.340042
0 0.443459 0.655431 0.383262 0.655431 0.383262 0.342071 0.443459 0.342071
0 0.533364 0.652094 0.473068 0.652094 0.473068 0.342357 0.533364 0.342357
0 0.575859 0.647648 0.520906 0.647648 0.520906 0.349555 0.575859 0.349555
0 0.485762 0.652467 0.432548 0.652467 0.432548 0.339806 0.485762 0.339806
0 0.999475 0.723685 0.953767 0.723685 0.953767 0.384111 0.999475 0.384111
