0 0.253005 0.665264 0.085938 0.665264 0.085938 0.409255 0.253005 0.409255
0 0.400841 0.714543 0.180889 0.714543 0.180889 0.420072 0.400841 0.420072
0 0.980769 0.875601 0.677885 0.875601 0.677885 0.436899 0.980769 0.436899
0 0.676082 0.884615 0.436899 0.884615 0.436899 0.447115 0.676082 0.447115
0 0.963041 0.576923 0.927993 0.572784 0.951032 0.377720 0.986080 0.381859
0 0.934495 0.542368 0.907434 0.541356 0.913468 0.379940 0.940529 0.380952
0 0.934495 0.542368 0.907434 0.541356 0.913468 0.379940 0.940529 0.380952
0 0.905949 0.539363 0.878888 0.538351 0.884922 0.376935 0.911984 0.377947
0 0.871587 0.437313 0.849051 0.435810 0.853365 0.371094 0.875901 0.372596
0 0.837032 0.434308 0.814496 0.432805 0.818810 0.368089 0.841346 0.369591
