0 0.875551 0.728032 0.805049 0.722521 0.837577 0.306374 0.908079 0.311885
0 0.798943 0.712595 0.734695 0.706638 0.771966 0.304661 0.836213 0.310618
0 0.941868 0.745814 0.860069 0.737035 0.906187 0.307329 0.987986 0.316108
0 0.736515 0.699669 0.671839 0.693721 0.708053 0.299930 0.772728 0.305878
0 0.204858 0.677646 0.134781 0.677646 0.134781 0.304637 0.204858 0.304637
0 0.548347 0.652453 0.478231 0.652453 0.478231 0.296052 0.548347 0.296052
0 0.149121 0.683573 0.075683 0.683573 0.075683 0.312414 0.149121 0.312414
0 0.479130 0.645043 0.415544 0.645043 0.415544 0.292471 0.479130 0.292471
0 0.088856 0.699875 0.011966 0.699875 0.011966 0.322008 0.088856 0.322008
0 0.425082 0.642080 0.359684 0.642080 0.359684 0.292001 0.425082 0.292001
0 0.266884 0.662827 0.199002 0.662827 0.199002 0.299790 0.266884 0.299790
0 0.372019 0.646526 0.308693 0.646526 0.308693 0.293691 0.372019 0.293691
0 0.320007 0.650971 0.253607 0.650971 0.253607 0.294789 0.320007 0.294789
0 0.601639 0.661344 0.531614 0.661344 0.531614 0.294972 0.601639 0.294972
0 0.709417 0.688895 0.645240 0.688895 0.645240 0.305213 0.709417 0.305213
0 0.999475 0.749033 0.967989 0.749033 0.967989 0.321733 0.999475 0.321733
