0 0.726679 0.956837 0.253263 0.956837 0.253263 0.069806 0.726679 0.069806
0 0.980821 0.287638 0.948035 0.287638 0.948035 0.003344 0.980821 0.003344
0 0.952065 0.270376 0.919999 0.270376 0.919999 0.005292 0.952065 0.005292
0 0.875792 0.228843 0.850122 0.228843 0.850122 0.005117 0.875792 0.005117
0 0.925127 0.256350 0.894851 0.256350 0.894851 0.006744 0.925127 0.006744
0 0.999219 0.302265 0.977876 0.302265 0.977876 0.012350 0.999219 0.012350
0 0.855556 0.220332 0.831326 0.220332 0.831326 0.003160 0.855556 0.003160
0 0.799407 0.187879 0.778139 0.187879 0.778139 0.000168 0.799407 0.000168
0 0.899470 0.239650 0.871294 0.239650 0.871294 0.005232 0.899470 0.005232
0 0.817867 0.199424 0.795457 0.199424 0.795457 0.000087 0.817867 0.000087
0 0.835893 0.209758 0.811972 0.209758 0.811972 0.000625 0.835893 0.000625
0 0.783335 0.187711 0.762067 0.187711 0.762067 0.000000 0.783335 0.000000
0 0.767821 0.169737 0.749520 0.169539 0.751353 0.000000 0.769654 0.000198
0 0.754428 0.169737 0.736127 0.169539 0.737960 0.000000 0.756261 0.000198
0 0.742857 0.153667 0.724555 0.153452 0.726353 -0.000000 0.744655 0.000214
0 0.733036 0.153667 0.714734 0.153452 0.716532 -0.000000 0.734834 0.000214
0 0.728571 0.147315 0.712777 0.146912 0.716532 0.000000 0.732327 0.000404
0 0.717857 0.147315 0.702062 0.146911 0.705818 0.000000 0.721613 0.000404
0 0.709822 0.147315 0.694027 0.146912 0.697782 0.000000 0.713577 0.000404
0 0.698214 0.147315 0.682419 0.146912 0.686175 0.000000 0.701970 0.000404
0 0.685608 0.136201 0.612500 0.136201 0.612500 0.000000 0.685608 0.000000
