0 0.654479 1.003523 0.022532 0.371576 0.362089 0.032018 0.994036 0.663966
0 0.636792 0.037481 0.448582 -0.150729 0.471203 -0.173350 0.659413 0.014860
0 0.611080 0.045054 0.432814 -0.133211 0.453323 -0.153720 0.631589 0.024545
0 0.671246 0.031337 0.469159 -0.170750 0.492111 -0.193702 0.694198 0.008385
0 0.536130 0.063844 0.384402 -0.087885 0.402245 -0.105728 0.553974 0.046000
0 0.499863 0.077644 0.357392 -0.064827 0.372650 -0.080085 0.515121 0.062386
0 0.585670 0.051321 0.415687 -0.118661 0.435144 -0.138118 0.605126 0.031865
0 0.703740 0.022402 0.491679 -0.189660 0.504563 -0.202544 0.716624 0.009517
0 0.562149 0.058883 0.399781 -0.103486 0.417811 -0.121515 0.580179 0.040853
0 0.518538 0.071263 0.370232 -0.077043 0.385511 -0.092322 0.533817 0.055984
0 0.478963 0.079940 0.346051 -0.052973 0.360643 -0.067565 0.493555 0.065348
0 0.466646 0.091614 0.333734 -0.041298 0.348326 -0.055890 0.481239 0.077022
0 0.439659 0.083567 0.324264 -0.031828 0.338856 -0.046420 0.454251 0.068975
0 0.430189 0.093037 0.314794 -0.022358 0.329385 -0.036950 0.444780 0.078445
0 0.421981 0.101244 0.306586 -0.014151 0.321178 -0.028742 0.436573 0.086652
0 0.405872 0.097121 0.301998 -0.009823 0.311076 -0.018641 0.414950 0.088304
0 0.397033 0.105960 0.293159 -0.000985 0.302238 -0.009802 0.406111 0.097142
0 0.391351 0.111642 0.287477 0.004698 0.296555 -0.004120 0.400429 0.102825
0 0.384406 0.118587 0.280533 0.011642 0.289611 0.002825 0.393484 0.109769
0 0.379355 0.123638 0.275482 0.016693 0.284560 0.007876 0.388434 0.114820
0 0.329856 0.170915 0.225688 0.066747 0.280317 0.012118 0.384485 0.116286
