0 0.141565 0.860515 -0.051949 0.814640 0.001239 0.590277 0.194753 0.636152
0 0.266696 0.683705 -0.026273 0.633319 0.000000 0.480550 0.292970 0.530935
0 0.532951 0.781876 0.488947 0.781876 0.488947 0.294496 0.532951 0.294496
0 0.594726 0.683207 0.564710 0.683207 0.564710 0.256979 0.594726 0.256979
0 0.622024 0.638146 0.592506 0.638146 0.592506 0.237605 0.622024 0.237605
0 0.650704 0.600029 0.622930 0.600029 0.622930 0.221793 0.650704 0.221793
0 0.373175 0.534608 0.116135 0.523731 0.121135 0.405591 0.378174 0.416469
0 0.490210 0.855924 0.438070 0.855924 0.438070 0.335360 0.490210 0.335360
0 0.445863 0.914285 0.387303 0.914285 0.387303 0.358977 0.445863 0.358977
0 0.673633 0.560904 0.650341 0.560904 0.650341 0.209964 0.673633 0.209964
0 0.566532 0.723032 0.530238 0.723032 0.530238 0.279281 0.566532 0.279281
0 0.694269 0.538067 0.672147 0.538067 0.672147 0.199481 0.694269 0.199481
0 0.709090 0.517126 0.690871 0.516874 0.695317 0.195045 0.713536 0.195296
0 0.724225 0.496251 0.709914 0.496116 0.712866 0.181717 0.727177 0.181852
0 0.738338 0.478527 0.725112 0.478328 0.729691 0.174245 0.742917 0.174444
0 0.750995 0.451974 0.734073 0.451581 0.740685 0.166644 0.757608 0.167037
0 0.763692 0.435578 0.748535 0.435225 0.755042 0.155573 0.770199 0.155926
0 0.775230 0.417849 0.762225 0.417585 0.767687 0.148255 0.780693 0.148519
0 0.783665 0.397022 0.774344 0.396783 0.780815 0.144576 0.790136 0.144815
0 0.795489 0.379286 0.784643 0.379005 0.790834 0.140829 0.801679 0.141111
