0 0.281870 0.986766 0.119824 0.824720 0.162912 0.781632 0.324958 0.943678
0 0.941528 0.281931 0.800107 0.140510 0.824414 0.116202 0.965835 0.257624
0 0.904578 0.468160 0.683607 0.247189 0.769786 0.161010 0.990757 0.381981
0 0.836137 0.544457 0.617131 0.325450 0.699995 0.242586 0.919002 0.461592
0 0.729459 0.590246 0.535004 0.395792 0.607924 0.322872 0.802378 0.517326
0 0.651381 0.627075 0.486390 0.462084 0.543291 0.405183 0.708282 0.570174
0 0.580303 0.668691 0.427097 0.515485 0.482892 0.459690 0.636098 0.612896
0 0.528007 0.709203 0.384621 0.565817 0.434892 0.515546 0.578278 0.658932
0 0.468221 0.735596 0.339567 0.606942 0.384866 0.561644 0.513520 0.690297
0 0.417275 0.770828 0.294515 0.648068 0.337604 0.604979 0.460364 0.727739
0 0.377501 0.810603 0.253757 0.686860 0.296846 0.643771 0.420590 0.767514
