0 0.874502 0.683567 0.821087 0.679177 0.847914 0.352719 0.901328 0.357108
0 0.721679 0.647954 0.666311 0.644148 0.687334 0.338300 0.742703 0.342106
0 0.158957 0.698018 0.086649 0.698018 0.086649 0.341355 0.158957 0.341355
0 0.515818 0.653561 0.458594 0.653561 0.458594 0.338142 0.515818 0.338142
0 0.926555 0.697255 0.869761 0.691485 0.903967 0.354801 0.960762 0.360571
0 0.781414 0.664319 0.729542 0.662416 0.741378 0.339657 0.793250 0.341559
0 0.099075 0.709874 0.025231 0.709874 0.025231 0.342536 0.099075 0.342536
0 0.696327 0.642815 0.636515 0.642815 0.636515 0.342869 0.696327 0.342869
0 0.607316 0.645779 0.548589 0.645779 0.548589 0.339815 0.607316 0.339815
0 0.218318 0.693572 0.147250 0.693572 0.147250 0.339866 0.218318 0.339866
0 0.817249 0.670832 0.765656 0.666637 0.792189 0.340379 0.843782 0.344575
0 0.650326 0.639851 0.591878 0.639851 0.591878 0.340940 0.650326 0.340940
0 0.407765 0.662452 0.355460 0.660504 0.367471 0.337911 0.419776 0.339859
0 0.471257 0.659489 0.413068 0.659489 0.413068 0.338853 0.471257 0.338853
0 0.038902 0.715802 0.000118 0.715802 0.000118 0.339913 0.038902 0.339913
0 0.546383 0.647911 0.496338 0.646914 0.502479 0.338727 0.552524 0.339724
0 0.271784 0.684681 0.205186 0.684681 0.205186 0.338682 0.271784 0.338682
0 0.322701 0.675790 0.259207 0.675790 0.259207 0.341651 0.322701 0.341651
0 0.367471 0.668380 0.317104 0.668380 0.317104 0.342357 0.367471 0.342357
0 0.999281 0.704356 0.942492 0.704356 0.942492 0.365824 0.999281 0.365824
