0 0.933805 0.701356 0.855682 0.701356 0.855682 0.340086 0.933805 0.340086
0 0.464870 0.646526 0.406655 0.646526 0.406655 0.341360 0.464870 0.341360
0 0.813426 0.692465 0.744101 0.692465 0.744101 0.340952 0.813426 0.340952
0 0.759954 0.683573 0.691200 0.683573 0.691200 0.341746 0.759954 0.341746
0 0.332887 0.655417 0.267688 0.655417 0.267688 0.343737 0.332887 0.343737
0 0.127797 0.690431 0.056372 0.690431 0.056372 0.360659 0.127797 0.360659
0 0.280275 0.659863 0.216222 0.659863 0.216222 0.343887 0.280275 0.343887
0 0.555982 0.655417 0.494861 0.655417 0.494861 0.339942 0.555982 0.339942
0 0.707017 0.671718 0.638750 0.671718 0.638750 0.340996 0.707017 0.340996
0 0.234041 0.662827 0.167055 0.662827 0.167055 0.345569 0.234041 0.345569
0 0.600019 0.662827 0.541334 0.662827 0.541334 0.340610 0.600019 0.340610
0 0.377165 0.649489 0.317547 0.649489 0.317547 0.342736 0.377165 0.342736
0 0.869921 0.693947 0.797557 0.693947 0.797557 0.340702 0.869921 0.340702
0 0.422027 0.646526 0.364286 0.646526 0.364286 0.342931 0.422027 0.342931
0 0.179889 0.685056 0.110190 0.685056 0.110190 0.354510 0.179889 0.354510
0 0.653294 0.673200 0.586741 0.673200 0.586741 0.340517 0.653294 0.340517
0 0.995393 0.707284 0.918743 0.707284 0.918743 0.342400 0.995393 0.342400
0 0.511743 0.648007 0.450849 0.648007 0.450849 0.340405 0.511743 0.340405
0 0.069927 0.709749 -0.000928 0.709749 -0.000928 0.363927 0.069927 0.363927
