0 0.740515 0.306080 0.507853 0.161694 0.607995 0.000326 0.840657 0.144712
0 0.670236 0.430127 0.460639 0.253529 0.550201 0.147231 0.759798 0.323829
0 0.453703 0.590777 0.244444 0.590777 0.244444 0.567692 0.453703 0.567692
0 0.614666 0.521417 0.442142 0.341143 0.521304 0.265384 0.693828 0.445659
0 0.895489 0.099382 0.771007 0.099382 0.771007 -0.001038 0.895489 -0.001038
0 0.456481 0.566644 0.247222 0.566644 0.247222 0.543559 0.456481 0.543559
0 0.437037 0.469057 0.227778 0.469057 0.227778 0.445972 0.437037 0.445972
0 0.571690 0.596129 0.422855 0.426622 0.494630 0.363600 0.643465 0.533107
0 0.536123 0.662446 0.411546 0.482005 0.472401 0.439990 0.596978 0.620432
0 0.509630 0.721418 0.387670 0.553514 0.445726 0.511344 0.567685 0.679248
0 0.487407 0.772834 0.397004 0.595926 0.444244 0.571785 0.534648 0.748693
0 0.472593 0.811659 0.390811 0.645584 0.426461 0.628028 0.508242 0.794104
0 0.441664 0.840992 0.439330 0.810171 0.771749 0.785006 0.774082 0.815828
0 0.428887 0.879377 0.426253 0.851196 0.739146 0.821942 0.741781 0.850123
0 0.417037 0.893506 0.416397 0.875817 0.699135 0.865594 0.699775 0.883283
0 0.266388 0.623152 0.265185 0.600746 0.429425 0.591932 0.430628 0.614338
