0 0.960577 0.987380 0.593990 0.987380 0.593990 0.041466 0.960577 0.041466
0 0.494832 0.665264 0.398678 0.665264 0.398678 0.370793 0.494832 0.370793
0 0.066947 0.997596 0.000841 0.997596 0.000841 0.533353 0.066947 0.533353
0 0.133053 0.997596 0.066947 0.997596 0.066947 0.504808 0.133053 0.504808
0 0.202163 0.997596 0.136058 0.997596 0.136058 0.486779 0.202163 0.486779
0 0.244231 0.958534 0.182632 0.958534 0.182632 0.470252 0.244231 0.470252
0 0.235247 0.908984 0.230610 0.446833 0.292308 0.446214 0.296945 0.908365
0 0.281791 0.872897 0.277177 0.440735 0.326895 0.440204 0.331509 0.872366
0 0.370381 0.831015 0.320853 0.830829 0.322407 0.416020 0.371935 0.416205
0 0.567522 0.500376 0.498047 0.499949 0.499339 0.289663 0.568814 0.290090
0 0.496909 0.483850 0.427434 0.483423 0.428726 0.273137 0.498201 0.273564
0 0.224923 0.401915 0.155128 0.394936 0.158293 0.363281 0.228088 0.370261
0 0.224923 0.401915 0.155128 0.394936 0.158293 0.363281 0.228088 0.370261
0 0.188865 0.409427 0.119070 0.402448 0.122236 0.370793 0.192030 0.377773
0 0.126911 0.426904 0.071454 0.393630 0.085904 0.369547 0.141360 0.402821
0 0.084843 0.438923 0.029387 0.405649 0.043837 0.381566 0.099293 0.414840
0 0.056913 0.454870 -0.016003 0.422123 0.000841 0.384615 0.073758 0.417362
0 0.276991 0.427444 0.188642 0.402644 0.197482 0.371150 0.285831 0.395950
0 0.242436 0.443970 0.154087 0.419171 0.162927 0.387677 0.251276 0.412476
0 0.195861 0.452985 0.107512 0.428185 0.116352 0.396691 0.204701 0.421491
0 0.150789 0.463502 0.062440 0.438702 0.071280 0.407208 0.159629 0.432008
0 0.101210 0.477023 0.012861 0.452223 0.021701 0.420730 0.110050 0.445529
