0 0.204301 0.631303 0.091346 0.621394 0.115410 0.347063 0.228365 0.356971
0 0.262921 0.632512 0.175515 0.626283 0.195046 0.352244 0.282452 0.358474
0 0.317007 0.631010 0.229602 0.624780 0.249133 0.350742 0.336538 0.356971
0 0.378606 0.629507 0.291200 0.623278 0.310732 0.349239 0.398137 0.355469
0 0.429688 0.628005 0.342282 0.621775 0.361813 0.347737 0.449219 0.353966
0 0.488281 0.626502 0.418013 0.623344 0.430032 0.355916 0.500300 0.359075
0 0.545373 0.629507 0.474940 0.627540 0.482452 0.358610 0.552885 0.360577
0 0.600962 0.632512 0.530529 0.630545 0.538041 0.361614 0.608474 0.363582
0 0.658053 0.629507 0.587621 0.627540 0.595133 0.358609 0.665565 0.360577
0 0.715144 0.626502 0.644712 0.624535 0.652224 0.355605 0.722656 0.357572
0 0.770733 0.628005 0.700301 0.626037 0.707813 0.357107 0.778245 0.359075
0 0.826322 0.626502 0.755890 0.624535 0.763402 0.355605 0.833834 0.357572
0 0.884916 0.626502 0.814484 0.624535 0.821996 0.355605 0.892428 0.357572
