0 0.638665 0.812238 0.251095 0.747379 0.281166 0.567689 0.668736 0.632548
0 0.608880 0.597959 0.221310 0.533101 0.251385 0.353387 0.638954 0.418246
0 0.651284 0.388248 0.263691 0.323387 0.293764 0.143675 0.681357 0.208536
0 0.702459 0.159625 0.311526 0.094207 0.338238 -0.065419 0.729171 0.000000
0 0.998438 0.878606 0.708918 0.878606 0.708918 0.669495 0.998438 0.669495
0 0.998438 0.605337 0.761178 0.605337 0.761178 0.424736 0.998438 0.424736
0 0.998438 0.377212 0.758822 0.377212 0.758822 0.229880 0.998438 0.229880
0 0.998438 0.134832 0.775457 0.134832 0.775457 0.000000 0.998438 0.000000
0 0.143365 0.885721 0.000841 0.885721 0.000841 0.664735 0.143365 0.664735
0 0.162380 0.624327 0.000841 0.624327 0.000841 0.438990 0.162380 0.438990
0 0.183774 0.393846 0.000841 0.393846 0.000841 0.203750 0.183774 0.203750
0 0.233654 0.172861 0.000841 0.172861 0.000841 0.000000 0.233654 0.000000
