0 0.151212 0.829420 -0.045003 0.787553 0.001057 0.571690 0.197272 0.613557
0 0.286492 0.671722 -0.019070 0.631710 0.002518 0.466847 0.308080 0.506859
0 0.531737 0.767504 0.489265 0.767504 0.489265 0.292010 0.531737 0.292010
0 0.623078 0.631424 0.591612 0.631424 0.591612 0.232324 0.623078 0.232324
0 0.650461 0.587971 0.623701 0.587971 0.623701 0.216359 0.650461 0.216359
0 0.488788 0.836273 0.437644 0.836273 0.437644 0.334339 0.488788 0.334339
0 0.566224 0.714610 0.529330 0.714610 0.529330 0.273103 0.566224 0.273103
0 0.594729 0.662827 0.564833 0.662827 0.564833 0.253645 0.594729 0.253645
0 0.444320 0.898582 0.387312 0.898582 0.387312 0.355426 0.444320 0.355426
0 0.373516 0.518214 0.114381 0.495143 0.124496 0.381535 0.383631 0.404606
0 0.673551 0.555599 0.650379 0.555599 0.650379 0.206109 0.673551 0.206109
0 0.695213 0.528804 0.673247 0.528804 0.673247 0.196054 0.695213 0.196054
0 0.038615 0.968788 0.000230 0.968788 0.000230 0.750230 0.038615 0.750230
0 0.709796 0.513443 0.687723 0.512832 0.696710 0.188647 0.718783 0.189259
0 0.729592 0.486263 0.711228 0.486156 0.713010 0.178042 0.731375 0.178148
0 0.740261 0.465653 0.723197 0.465259 0.730050 0.168495 0.747114 0.168889
0 0.752605 0.449400 0.739649 0.449034 0.747800 0.161115 0.760756 0.161481
0 0.766152 0.424258 0.753018 0.423911 0.760213 0.151875 0.773347 0.152222
0 0.780640 0.407903 0.762434 0.407615 0.766684 0.138971 0.784890 0.139259
0 0.787173 0.388671 0.770343 0.388055 0.779603 0.134940 0.796432 0.135556
