0 0.674682 0.956847 0.327213 0.956847 0.327213 0.889542 0.674682 0.889542
0 0.703518 0.138294 0.406064 0.138294 0.406064 0.068365 0.703518 0.068365
0 0.681906 0.997912 0.328707 0.997912 0.328707 0.948261 0.681906 0.948261
0 0.627285 0.446537 0.350524 0.446537 0.350524 0.395424 0.627285 0.395424
0 0.687345 0.187286 0.389847 0.187286 0.389847 0.122476 0.687345 0.122476
0 0.662827 0.899706 0.327860 0.899706 0.327860 0.833615 0.662827 0.833615
0 0.676528 0.231532 0.386019 0.231532 0.386019 0.171695 0.676528 0.171695
0 0.622806 0.610817 0.341380 0.610817 0.341380 0.562973 0.622806 0.562973
0 0.622806 0.571484 0.343791 0.571484 0.343791 0.524606 0.622806 0.524606
0 0.652779 0.320142 0.372415 0.320142 0.372415 0.264203 0.652779 0.264203
0 0.621324 0.531092 0.346655 0.531092 0.346655 0.482948 0.621324 0.482948
0 0.661622 0.274921 0.376190 0.274921 0.376190 0.218318 0.661622 0.218318
0 0.628364 0.700524 0.339486 0.700524 0.339486 0.643156 0.628364 0.643156
0 0.643182 0.792410 0.340703 0.792410 0.340703 0.730774 0.643182 0.730774
0 0.656520 0.843550 0.333149 0.843550 0.333149 0.781037 0.656520 0.781037
0 0.637256 0.744823 0.340443 0.744823 0.340443 0.688535 0.637256 0.688535
0 0.625548 0.489169 0.350988 0.489169 0.350988 0.435573 0.625548 0.435573
0 0.616508 0.652218 0.341865 0.652218 0.341865 0.603492 0.616508 0.603492
0 0.721921 0.080841 0.410472 0.080841 0.410472 0.001630 0.721921 0.001630
