0 0.932257 0.673057 0.849640 0.673057 0.849640 0.278257 0.932257 0.278257
0 0.863269 0.675374 0.784933 0.675374 0.784933 0.288066 0.863269 0.288066
0 0.160222 0.691652 0.090342 0.691652 0.090342 0.317331 0.160222 0.317331
0 0.731002 0.679740 0.662216 0.679740 0.662216 0.295919 0.731002 0.295919
0 0.401672 0.698582 0.334116 0.698582 0.334116 0.336174 0.401672 0.336174
0 0.797188 0.677239 0.723772 0.677239 0.723772 0.292917 0.797188 0.292917
0 0.270404 0.697161 0.208841 0.697161 0.208841 0.335711 0.270404 0.335711
0 0.996159 0.672495 0.914085 0.672495 0.914085 0.266300 0.996159 0.266300
0 0.332761 0.697981 0.268833 0.697981 0.268833 0.337439 0.332761 0.337439
0 0.217719 0.693328 0.151729 0.693328 0.151729 0.326499 0.217719 0.326499
0 0.099511 0.691074 0.026798 0.691074 0.026798 0.306419 0.099511 0.306419
0 0.669341 0.682468 0.603513 0.682468 0.603513 0.304744 0.669341 0.304744
0 0.617134 0.685623 0.549940 0.685623 0.549940 0.315715 0.617134 0.315715
0 0.560205 0.687457 0.491035 0.687457 0.491035 0.320510 0.560205 0.320510
0 0.038295 0.689017 0.000209 0.689017 0.000209 0.298450 0.038295 0.298450
0 0.446837 0.691909 0.385439 0.691909 0.385439 0.333048 0.446837 0.333048
