0 0.167387 0.713212 0.094406 0.713212 0.094406 0.370951 0.167387 0.370951
0 0.106203 0.728032 0.036363 0.728032 0.036363 0.372170 0.106203 0.372170
0 0.667376 0.664308 0.614378 0.664308 0.614378 0.377680 0.667376 0.377680
0 0.537292 0.662827 0.487461 0.662827 0.487461 0.369152 0.537292 0.369152
0 0.802622 0.673200 0.745632 0.673200 0.745632 0.388034 0.802622 0.388034
0 0.047492 0.742350 0.000036 0.742350 0.000036 0.373195 0.047492 0.373195
0 0.711010 0.667272 0.656376 0.667272 0.656376 0.377630 0.711010 0.377630
0 0.453266 0.656899 0.399332 0.656899 0.399332 0.368337 0.453266 0.368337
0 0.406529 0.661344 0.347952 0.661344 0.347952 0.368414 0.406529 0.368414
0 0.855331 0.676164 0.789393 0.676164 0.789393 0.388782 0.855331 0.388782
0 0.358729 0.667272 0.301308 0.667272 0.301308 0.367982 0.358729 0.367982
0 0.314730 0.673200 0.255432 0.673200 0.255432 0.369218 0.314730 0.369218
0 0.217699 0.698393 0.152596 0.698393 0.152596 0.370933 0.217699 0.370933
0 0.267916 0.686537 0.204438 0.686537 0.204438 0.370381 0.267916 0.370381
0 0.493067 0.661344 0.442807 0.661344 0.442807 0.369447 0.493067 0.369447
0 0.757758 0.667272 0.698570 0.667272 0.698570 0.380812 0.757758 0.380812
0 0.573603 0.662827 0.528111 0.662827 0.528111 0.371141 0.573603 0.371141
0 0.922777 0.695394 0.848793 0.695394 0.848793 0.389264 0.922777 0.389264
