1 0.841058 0.875405 0.826121 0.400785 0.982031 0.395878 0.996968 0.870498
1 0.002330 0.000575 0.002188 0.000305 0.002348 0.000220 0.002491 0.000491
1 0.092065 0.756974 -0.079810 0.280270 0.007031 0.248959 0.178906 0.725664
1 0.141744 0.745592 0.021484 0.266016 0.144584 0.235147 0.264844 0.714723
1 0.237065 0.753737 0.167969 0.269922 0.298873 0.251227 0.367969 0.735042
1 0.379534 0.739744 0.327972 0.264602 0.428906 0.253648 0.480469 0.728791
1 0.501021 0.738759 0.463163 0.254267 0.571094 0.245833 0.608952 0.730325
1 0.718956 0.733680 0.581421 0.725802 0.608559 0.252022 0.746094 0.259900
1 0.807574 0.747956 0.686226 0.723694 0.787245 0.218445 0.908594 0.242708
1 0.866805 0.319185 0.789844 0.122359 0.921476 0.070889 0.998438 0.267716
