0 0.162837 0.958582 0.107428 0.958582 0.107428 0.637716 0.162837 0.637716
0 0.125577 0.897476 0.086418 0.897476 0.086418 0.617668 0.125577 0.617668
0 0.095986 0.865962 0.059687 0.865962 0.059687 0.595697 0.095986 0.595697
0 0.407788 0.670240 0.303534 0.670240 0.303534 0.133077 0.407788 0.133077
0 0.313894 0.625673 0.239880 0.625673 0.239880 0.164904 0.313894 0.164904
0 0.239880 0.615337 0.187356 0.615337 0.187356 0.204712 0.239880 0.204712
0 0.193726 0.578726 0.137212 0.578726 0.137212 0.227788 0.193726 0.227788
0 0.142788 0.575553 0.096635 0.575553 0.096635 0.254038 0.142788 0.254038
0 0.109375 0.558029 0.067187 0.558029 0.067187 0.267572 0.109375 0.267572
0 0.075938 0.555649 0.041731 0.555649 0.041731 0.277909 0.075938 0.277909
0 0.045697 0.548486 0.024207 0.548486 0.024207 0.300192 0.045697 0.300192
0 0.027163 0.537740 0.000817 0.537740 0.000817 0.310937 0.027163 0.310937
0 0.588918 1.000000 0.443269 1.000000 0.443269 0.808317 0.588918 0.808317
0 0.427356 1.000000 0.335841 1.000000 0.335841 0.730337 0.427356 0.730337
0 0.339038 1.000000 0.262644 1.000000 0.262644 0.705649 0.339038 0.705649
0 0.262139 1.000000 0.208654 1.000000 0.208654 0.676875 0.262139 0.676875
0 0.213438 1.000000 0.159014 1.000000 0.159014 0.658726 0.213438 0.658726
0 0.074976 0.832548 0.036779 0.832548 0.036779 0.588077 0.074976 0.588077
0 0.033918 0.789567 0.006202 0.789567 0.006202 0.566106 0.033918 0.566106
0 0.082620 1.000000 0.041538 1.000000 0.041538 0.908942 0.082620 0.908942
0 0.114135 1.000000 0.071154 1.000000 0.071154 0.951899 0.114135 0.951899
