0 0.704688 0.944444 0.250000 0.944444 0.250000 0.068056 0.704688 0.068056
0 0.967188 0.281944 0.933594 0.281944 0.933594 0.004167 0.967188 0.004167
0 0.939063 0.268055 0.907032 0.268055 0.907032 0.006944 0.939063 0.006944
0 0.998437 0.298611 0.961718 0.298611 0.961718 0.005556 0.998437 0.005556
0 0.911719 0.254167 0.882813 0.254167 0.882813 0.006944 0.911719 0.006944
0 0.864062 0.226389 0.838282 0.226389 0.838282 0.005556 0.864062 0.005556
0 0.842969 0.218056 0.818750 0.218056 0.818750 0.004167 0.842969 0.004167
0 0.887500 0.238889 0.860156 0.238889 0.860156 0.004167 0.887500 0.004167
0 0.806250 0.197224 0.784374 0.197224 0.784374 0.001389 0.806250 0.001389
0 0.824219 0.206944 0.801563 0.206944 0.801563 0.001389 0.824219 0.001389
0 0.792187 0.179167 0.769531 0.179167 0.769531 0.001389 0.792187 0.001389
0 0.775782 0.169444 0.756251 0.169444 0.756251 0.001389 0.775782 0.001389
0 0.757925 0.168056 0.738394 0.168056 0.738394 0.000000 0.757925 0.000000
0 0.740861 0.158922 0.725930 0.158325 0.732280 -0.000597 0.747211 0.000000
0 0.729254 0.158922 0.714324 0.158325 0.720673 -0.000596 0.735603 0.000000
0 0.716754 0.158922 0.701824 0.158325 0.708173 -0.000596 0.723103 0.000000
0 0.708036 0.144140 0.693091 0.143596 0.698337 -0.000544 0.713282 0.000000
0 0.699107 0.144140 0.684163 0.143596 0.689409 -0.000544 0.704353 0.000000
0 0.691072 0.144140 0.676127 0.143596 0.681373 -0.000544 0.696318 0.000000
0 0.682143 0.144140 0.667198 0.143596 0.672444 -0.000544 0.687389 0.000000
0 0.670536 0.136201 0.600893 0.136201 0.600893 0.000000 0.670536 0.000000
