0 0.298438 0.997222 0.195312 0.997222 0.195312 0.769444 0.298438 0.769444
0 0.343730 0.998098 0.305000 0.997222 0.310437 0.756794 0.349167 0.757669
0 0.366650 0.997943 0.336667 0.997222 0.342517 0.753984 0.372500 0.754706
0 0.385815 0.992016 0.355833 0.991295 0.361685 0.748056 0.391667 0.748778
0 0.419163 0.975328 0.389167 0.974994 0.391671 0.749928 0.421667 0.750261
0 0.441667 0.958692 0.414167 0.958692 0.414167 0.747297 0.441667 0.747297
0 0.459167 0.945875 0.434167 0.945875 0.434167 0.739886 0.459167 0.739886
0 0.455247 0.941020 0.446080 0.736514 0.470000 0.735442 0.479167 0.939947
0 0.470833 0.926608 0.462477 0.727530 0.485833 0.726550 0.494188 0.925628
0 0.486667 0.919200 0.476569 0.729143 0.497500 0.728031 0.507599 0.918088
0 0.501727 0.910811 0.495894 0.718161 0.512500 0.717658 0.518333 0.910308
0 0.515893 0.903400 0.510060 0.710750 0.526667 0.710247 0.532500 0.902897
0 0.525901 0.890115 0.520068 0.715248 0.536667 0.714694 0.542500 0.889561
0 0.538482 0.882792 0.531667 0.716175 0.547353 0.715533 0.554167 0.882150
