0 0.472291 0.933566 0.145020 0.606295 0.206965 0.544350 0.534236 0.871621
0 0.616100 0.708023 0.318231 0.410153 0.375203 0.353181 0.673072 0.651051
0 0.423594 0.992742 0.093709 0.662857 0.159348 0.597218 0.489233 0.927103
0 0.837149 0.511606 0.526187 0.200643 0.584776 0.142053 0.895739 0.453016
0 0.575749 0.769331 0.270045 0.463627 0.326084 0.407587 0.631789 0.713292
0 0.971512 0.431733 0.635955 0.096176 0.703731 0.028401 1.039288 0.363958
0 0.783353 0.557711 0.473652 0.248010 0.527418 0.194245 0.837119 0.503946
0 0.731524 0.602561 0.424865 0.295903 0.478518 0.242250 0.785176 0.548909
0 0.682988 0.651615 0.377398 0.346025 0.429701 0.293721 0.735291 0.599311
0 0.528324 0.848193 0.213507 0.533376 0.270760 0.476123 0.585577 0.790940
0 0.899706 0.472102 0.577170 0.149565 0.640799 0.085936 0.963335 0.408473
0 0.383935 1.059646 0.043750 0.719461 0.109324 0.653887 0.449509 0.994072
0 1.032931 0.386839 0.696741 0.050649 0.727429 0.019960 1.063619 0.356150
