0 0.829847 0.662481 0.755920 0.662481 0.755920 0.301955 0.829847 0.301955
0 0.919832 0.681746 0.844247 0.675722 0.873963 0.302859 0.949549 0.308883
0 0.329980 0.680238 0.258986 0.680238 0.258986 0.302188 0.329980 0.302188
0 0.768465 0.659517 0.701601 0.659517 0.701601 0.299659 0.768465 0.299659
0 0.148644 0.687277 0.066032 0.687277 0.066032 0.308667 0.148644 0.308667
0 0.978594 0.689156 0.911278 0.685505 0.932056 0.302385 0.999372 0.306036
0 0.272660 0.685795 0.197910 0.685795 0.197910 0.304235 0.272660 0.304235
0 0.385361 0.680238 0.315217 0.680238 0.315217 0.303754 0.385361 0.303754
0 0.214753 0.684313 0.136205 0.684313 0.136205 0.306369 0.214753 0.306369
0 0.551179 0.668382 0.483667 0.668382 0.483667 0.304945 0.551179 0.304945
0 0.608507 0.671346 0.542525 0.671346 0.542525 0.306117 0.608507 0.306117
0 0.713082 0.668382 0.646670 0.668382 0.646670 0.301328 0.713082 0.301328
0 0.493401 0.674310 0.427123 0.674310 0.427123 0.304496 0.493401 0.304496
0 0.662652 0.675567 0.600491 0.675567 0.600491 0.304748 0.662652 0.304748
0 0.082007 0.685795 0.003945 0.685795 0.003945 0.307626 0.082007 0.307626
0 0.887572 0.672855 0.813759 0.672855 0.813759 0.305136 0.887572 0.305136
