0 0.114183 0.623798 0.090144 0.623798 0.090144 0.128606 0.114183 0.128606
0 0.145433 0.635817 0.118990 0.635817 0.118990 0.118990 0.145433 0.118990
0 0.167067 0.657452 0.135817 0.657452 0.135817 0.111779 0.167067 0.111779
0 0.186298 0.675481 0.159856 0.675481 0.159856 0.103365 0.186298 0.103365
0 0.204928 0.694111 0.177284 0.694111 0.177284 0.103966 0.204928 0.103966
0 0.234375 0.719952 0.198317 0.719952 0.198317 0.092548 0.234375 0.092548
0 0.256010 0.743990 0.227163 0.743990 0.227163 0.085337 0.256010 0.085337
0 0.284856 0.761418 0.246394 0.761418 0.246394 0.079928 0.284856 0.079928
0 0.961538 0.997596 0.485577 0.997596 0.485577 0.000000 0.961538 0.000000
0 0.469651 0.940204 0.414634 0.938402 0.445283 0.002705 0.500300 0.004507
0 0.417668 0.898437 0.369665 0.896563 0.404220 0.011647 0.452224 0.013522
0 0.378606 0.884916 0.333762 0.883255 0.365313 0.031392 0.410156 0.033053
0 0.338041 0.835337 0.293218 0.833560 0.324768 0.037286 0.369591 0.039062
0 0.304988 0.802284 0.260187 0.800387 0.291737 0.055194 0.336538 0.057091
