0 0.967544 0.746930 0.071644 0.746930 0.071644 0.261655 0.967544 0.261655
0 0.272586 0.073866 0.004183 0.073866 0.004183 0.042273 0.272586 0.042273
0 0.258117 0.096673 0.004871 0.096673 0.004871 0.068558 0.258117 0.068558
0 0.231737 0.142052 0.004901 0.142052 0.004901 0.116167 0.231737 0.116167
0 0.291510 0.045302 0.005900 0.045302 0.005900 0.012760 0.291510 0.012760
0 0.202431 0.199517 -0.000000 0.199517 0.000000 0.178105 0.202431 0.178105
0 0.219714 0.164135 0.003137 0.164135 0.003137 0.138812 0.219714 0.138812
0 0.308675 0.016894 0.008576 0.016894 0.008576 -0.000781 0.308675 -0.000781
0 0.245708 0.120009 0.003474 0.120009 0.003474 0.092656 0.245708 0.092656
0 0.188556 0.215734 0.000183 0.215734 0.000183 0.194720 0.188556 0.194720
0 0.210817 0.182063 0.000482 0.182063 0.000482 0.160095 0.210817 0.160095
0 0.188372 0.231806 -0.000000 0.231806 0.000000 0.210792 0.188372 0.210792
0 0.167539 0.244898 -0.000417 0.240288 0.000000 0.225077 0.167957 0.229688
0 0.167539 0.257398 -0.000417 0.252788 0.000000 0.237577 0.167957 0.242188
0 0.167539 0.269006 -0.000417 0.264396 0.000000 0.249185 0.167957 0.253794
0 0.148285 0.280725 -0.000619 0.273437 0.000000 0.260792 0.148904 0.268080
0 0.148285 0.291439 -0.000619 0.284151 0.000000 0.271506 0.148904 0.278795
0 0.148285 0.303046 -0.000619 0.295758 0.000000 0.283113 0.148904 0.290402
0 0.148285 0.311975 -0.000619 0.304686 0.000000 0.292041 0.148904 0.299331
0 0.134545 0.384433 -0.001256 0.382100 0.000000 0.308976 0.135801 0.311309
