0 0.558594 0.834722 0.492969 0.834722 0.492969 0.537500 0.558594 0.537500
0 0.971874 0.913887 0.808593 0.913887 0.808593 0.549999 0.971874 0.549999
0 0.695313 0.790278 0.640625 0.790278 0.640625 0.500000 0.695313 0.500000
0 0.760156 0.794444 0.697656 0.794444 0.697656 0.486111 0.760156 0.486111
0 0.855468 0.562500 0.781249 0.562500 0.781249 0.497222 0.855468 0.497222
0 0.921874 0.559722 0.858593 0.559722 0.858593 0.491667 0.921874 0.491667
0 0.989843 0.556944 0.926562 0.556944 0.926562 0.488889 0.989843 0.488889
0 0.208929 0.779250 0.183036 0.779250 0.183036 0.492460 0.208929 0.492460
0 0.435714 0.755433 0.376786 0.755433 0.376786 0.498412 0.435714 0.498412
0 0.461651 0.793945 0.458079 0.502785 0.491071 0.502380 0.494643 0.793540
0 0.292857 0.745907 0.275000 0.745907 0.275000 0.494444 0.292857 0.494444
0 0.273144 0.747657 0.258036 0.747495 0.260785 0.491700 0.275893 0.491862
0 0.258929 0.739615 0.241964 0.739555 0.242856 0.487040 0.259821 0.487100
0 0.245536 0.744381 0.227679 0.744319 0.228572 0.485451 0.246429 0.485512
0 0.209821 0.742732 0.207078 0.479348 0.225000 0.479161 0.227743 0.742545
