0 0.240322 1.036414 0.165134 0.849632 0.346176 0.776754 0.421364 0.963536
0 0.205887 0.936522 0.109780 0.814595 0.334836 0.637200 0.430942 0.759127
0 0.656664 0.865325 0.314023 0.522684 0.351327 0.485380 0.693968 0.828021
0 0.401274 1.107275 0.282319 0.988320 0.319714 0.950925 0.438669 1.069880
0 0.642397 0.781168 0.322371 0.461142 0.358540 0.424974 0.678565 0.744999
0 0.630271 0.693987 0.346959 0.410675 0.377618 0.380016 0.660930 0.663328
0 0.622386 0.619602 0.364086 0.361301 0.387917 0.337470 0.646217 0.595771
0 0.614989 0.567607 0.375450 0.328068 0.397284 0.306233 0.636824 0.545773
0 0.210990 0.799384 0.139659 0.709373 0.341132 0.549711 0.412463 0.639722
0 0.607026 0.516500 0.383607 0.297339 0.403529 0.277030 0.626948 0.496191
0 0.601639 0.473656 0.390473 0.261171 0.407675 0.244076 0.618841 0.456560
0 0.598489 0.434891 0.403500 0.237588 0.419502 0.221773 0.614492 0.419076
0 0.594013 0.399548 0.410472 0.215002 0.426485 0.199076 0.610026 0.383622
0 0.588664 0.369269 0.417237 0.192136 0.431984 0.177864 0.603412 0.354997
0 0.579718 0.334205 0.424540 0.174404 0.439360 0.160012 0.594538 0.319813
0 0.580133 0.306474 0.430927 0.149527 0.442807 0.138233 0.592014 0.295179
