0 0.566776 1.041651 0.430215 0.998092 0.484995 0.826349 0.621557 0.869908
0 0.970063 0.714515 0.382355 0.714515 0.382355 0.645562 0.970063 0.645562
0 0.860395 0.641964 0.352166 0.641964 0.352166 0.577824 0.860395 0.577824
0 0.485336 0.972525 0.376325 0.948256 0.427201 0.719739 0.536211 0.744008
0 0.684220 0.486133 0.287018 0.486133 0.287018 0.449867 0.684220 0.449867
0 0.777694 0.580525 0.331273 0.580525 0.331273 0.528889 0.777694 0.528889
0 0.711533 0.530239 0.309605 0.530239 0.309605 0.485651 0.711533 0.485651
0 0.619789 0.447800 0.273211 0.447800 0.273211 0.416004 0.619789 0.416004
0 0.263590 0.415722 0.263333 0.391932 0.561799 0.388708 0.562056 0.412498
0 0.254149 0.392397 0.254058 0.363758 0.533808 0.362872 0.533899 0.391512
0 0.511670 0.372205 0.235449 0.370992 0.235556 0.346811 0.511777 0.348023
0 0.487959 0.352897 0.229452 0.345143 0.230000 0.326874 0.488507 0.334629
0 0.459476 0.339738 0.219786 0.327008 0.220741 0.309036 0.460431 0.321766
0 0.437529 0.320800 0.207217 0.313764 0.207778 0.295394 0.438090 0.302430
0 0.421273 0.303369 0.203734 0.299412 0.204074 0.280704 0.421614 0.284661
