0 0.121497 0.680609 0.048055 0.680609 0.048055 0.306044 0.121497 0.306044
0 0.999475 0.722510 0.935639 0.722510 0.935639 0.317539 0.999475 0.317539
0 0.817077 0.700080 0.748111 0.699359 0.752151 0.313093 0.821117 0.313814
0 0.867830 0.707041 0.791031 0.703235 0.810452 0.311389 0.887251 0.315195
0 0.925079 0.714694 0.852321 0.710183 0.877007 0.312041 0.949765 0.316553
0 0.179082 0.671718 0.110540 0.671718 0.110540 0.300974 0.179082 0.300974
0 0.236282 0.665791 0.171719 0.665791 0.171719 0.299450 0.236282 0.299450
0 0.058881 0.692465 0.000001 0.692465 0.000001 0.304700 0.058881 0.304700
0 0.744493 0.704835 0.680533 0.702200 0.696747 0.308647 0.760707 0.311282
0 0.677394 0.695035 0.620366 0.692650 0.636529 0.306293 0.693557 0.308679
0 0.625742 0.682396 0.568067 0.680945 0.577545 0.304201 0.635220 0.305652
0 0.581076 0.674682 0.517011 0.674682 0.517011 0.302918 0.581076 0.302918
0 0.525828 0.676164 0.455204 0.676164 0.455204 0.304332 0.525828 0.304332
0 0.366905 0.653935 0.298378 0.653935 0.298378 0.298578 0.366905 0.298578
0 0.293981 0.664308 0.230943 0.664308 0.230943 0.298360 0.293981 0.298360
0 0.417617 0.664308 0.355888 0.664308 0.355888 0.302619 0.417617 0.302619
