0 0.657269 0.897538 0.285532 0.897538 0.285532 0.822204 0.657269 0.822204
0 0.666160 0.209430 0.264340 0.209430 0.264340 0.118287 0.666160 0.118287
0 0.680980 0.141844 0.272293 0.141844 0.272293 0.048634 0.680980 0.048634
0 0.706859 0.075950 0.274580 0.075950 0.274580 -0.001038 0.706859 -0.001038
0 0.655787 0.836399 0.284771 0.836399 0.284771 0.764039 0.655787 0.764039
0 0.632076 0.617666 0.256785 0.617666 0.256785 0.543072 0.632076 0.543072
0 0.624667 0.340077 0.257111 0.340077 0.257111 0.264367 0.624667 0.264367
0 0.646895 0.779515 0.278696 0.779515 0.278696 0.705778 0.646895 0.705778
0 0.640968 0.277194 0.258027 0.277194 0.258027 0.201486 0.640968 0.201486
0 0.627631 0.565171 0.254507 0.565171 0.254507 0.489868 0.627631 0.489868
0 0.679128 0.998213 0.300695 0.998213 0.300695 0.940901 0.679128 0.940901
0 0.673200 0.955856 0.293935 0.955856 0.293935 0.875581 0.673200 0.875581
0 0.627631 0.399548 0.254954 0.399548 0.254954 0.326457 0.627631 0.326457
0 0.642450 0.727869 0.271021 0.727869 0.271021 0.652043 0.642450 0.652043
0 0.627631 0.508477 0.255746 0.508477 0.255746 0.433829 0.627631 0.433829
0 0.638004 0.671091 0.266012 0.671091 0.266012 0.595817 0.638004 0.595817
0 0.624667 0.453756 0.256034 0.453756 0.256034 0.380634 0.624667 0.380634
