0 0.755684 0.900914 0.322827 0.900914 0.322827 0.068207 0.755684 0.068207
0 0.064673 0.287953 0.030308 0.287953 0.030308 0.004935 0.064673 0.004935
0 0.091048 0.271058 0.058573 0.271058 0.058573 0.003994 0.091048 0.003994
0 0.035605 0.310057 -0.000491 0.310057 -0.000491 0.003058 0.035605 0.003058
0 0.116701 0.257869 0.087273 0.257869 0.087273 0.006681 0.116701 0.006681
0 0.162223 0.230947 0.136147 0.230947 0.136147 0.005419 0.162223 0.005419
0 0.140687 0.241126 0.112534 0.241126 0.112534 0.005203 0.140687 0.005203
0 0.199965 0.211146 0.177220 0.211146 0.177220 0.000310 0.199965 0.000310
0 0.180916 0.220007 0.156672 0.220007 0.156672 0.002171 0.180916 0.002171
0 0.218078 0.198137 0.194913 0.198137 0.194913 0.000000 0.218078 0.000000
0 0.263587 0.172369 0.244865 0.172369 0.244865 0.000921 0.263587 0.000921
0 0.236381 0.187729 0.214755 0.187729 0.214755 0.000000 0.236381 0.000000
0 0.277508 0.162922 0.260087 0.162922 0.260087 0.001985 0.277508 0.001985
0 0.272587 0.160937 0.272587 0.000000 0.290008 0.000000 0.290008 0.160937
0 0.285087 0.147315 0.285087 0.000000 0.302508 0.000000 0.302508 0.147315
0 0.312329 0.147315 0.294909 0.147315 0.294909 0.000000 0.312329 0.000000
0 0.323936 0.147315 0.306516 0.147315 0.306516 0.000000 0.323936 0.000000
0 0.318081 0.131437 0.313659 -0.000000 0.331059 -0.000585 0.335480 0.130852
0 0.324331 0.131437 0.319909 -0.000000 0.337309 -0.000585 0.341730 0.130852
0 0.331473 0.131437 0.327052 -0.000000 0.344452 -0.000585 0.348873 0.130852
0 0.341295 0.136201 0.339791 -0.000000 0.408250 -0.000756 0.409754 0.135445
