1 0.262067 0.677596 0.217308 0.677596 0.217308 0.366466 0.262067 0.366466
1 0.232236 0.656034 0.179183 0.656034 0.179183 0.377524 0.232236 0.377524
1 0.196851 0.660457 0.160385 0.660457 0.160385 0.402380 0.196851 0.402380
1 0.169231 0.648317 0.138269 0.648317 0.138269 0.420625 0.169231 0.420625
1 0.147668 0.645553 0.121154 0.645553 0.121154 0.425048 0.147668 0.425048
1 0.126130 0.628413 0.106779 0.628413 0.106779 0.427260 0.126130 0.427260
1 0.117284 0.620673 0.091298 0.620673 0.091298 0.430577 0.117284 0.430577
1 0.098486 0.599688 0.077500 0.599688 0.077500 0.429471 0.098486 0.429471
1 0.084111 0.597476 0.066442 0.597476 0.066442 0.433894 0.084111 0.433894
1 0.063125 0.601875 0.044327 0.601875 0.044327 0.449351 0.063125 0.449351
1 0.074183 0.598029 0.058149 0.598029 0.058149 0.444928 0.074183 0.444928
1 0.503269 1.000000 0.399183 1.000000 0.399183 0.901298 0.503269 0.901298
1 0.409688 1.000000 0.339976 1.000000 0.339976 0.839231 0.409688 0.839231
1 0.343798 1.000000 0.278870 1.000000 0.278870 0.801995 0.343798 0.801995
1 0.284591 1.000000 0.244471 1.000000 0.244471 0.780986 0.284591 0.780986
1 0.246538 1.000000 0.209519 1.000000 0.209519 0.752428 0.246538 0.752428
1 0.217812 1.000000 0.179111 1.000000 0.179111 0.733077 0.217812 0.733077
1 0.185192 0.969062 0.161442 0.969062 0.161442 0.725337 0.185192 0.725337
1 0.171947 0.933702 0.142644 0.933702 0.142644 0.696611 0.171947 0.696611
1 0.143750 0.904952 0.123846 0.904952 0.123846 0.687212 0.143750 0.687212
1 0.754062 0.798462 0.581202 0.798462 0.581202 0.127115 0.754062 0.127115
1 0.566875 0.788918 0.453245 0.788918 0.453245 0.220697 0.566875 0.220697
1 0.456106 0.736394 0.373029 0.736394 0.373029 0.278966 0.456106 0.278966
1 0.365385 0.718245 0.304255 0.718245 0.304255 0.326707 0.365385 0.326707
1 0.313822 0.699135 0.257476 0.699135 0.257476 0.348678 0.313822 0.348678
1 0.130481 0.876779 0.108389 0.876779 0.108389 0.683894 0.130481 0.683894
1 0.108389 0.843053 0.090697 0.843053 0.090697 0.670072 0.108389 0.670072
1 0.094567 0.830889 0.077981 0.830889 0.077981 0.659591 0.094567 0.659591
1 0.078534 0.816538 0.064183 0.816538 0.064183 0.652957 0.078534 0.652957
1 0.072452 0.792212 0.054784 0.792212 0.054784 0.655168 0.072452 0.655168
1 0.084062 0.984543 0.066370 0.984543 0.066370 0.823726 0.084062 0.823726
1 0.178029 1.000000 0.149399 1.000000 0.149399 0.970096 0.178029 0.970096
1 0.158942 1.000000 0.132981 1.000000 0.132981 0.941106 0.158942 0.941106
1 0.139063 1.000000 0.116394 1.000000 0.116394 0.913462 0.139063 0.913462
1 0.125240 0.998029 0.099255 0.998029 0.099255 0.881971 0.125240 0.881971
1 0.102572 1.000000 0.085457 1.000000 0.085457 0.859856 0.102572 0.859856
