1 0.197572 0.379495 0.146683 0.379495 0.146683 0.039856 0.197572 0.039856
1 0.143942 0.402885 0.088942 0.402885 0.088942 0.082476 0.143942 0.082476
1 0.079303 0.416635 0.043558 0.416635 0.043558 0.112740 0.079303 0.112740
1 1.000000 0.983197 0.773750 0.983197 0.773750 0.268125 1.000000 0.268125
1 0.779255 0.962572 0.607356 0.962572 0.607356 0.324495 0.779255 0.324495
1 0.574351 0.937812 0.458846 0.937812 0.458846 0.409760 0.574351 0.409760
1 0.457476 0.896563 0.351587 0.896563 0.351587 0.437260 0.457476 0.437260
1 0.332332 0.873173 0.251202 0.873173 0.251202 0.456514 0.332332 0.456514
1 0.262212 0.842933 0.181082 0.842933 0.181082 0.463389 0.262212 0.463389
1 0.192067 0.819543 0.126058 0.819543 0.126058 0.481274 0.192067 0.481274
1 0.119183 0.805793 0.072428 0.805793 0.072428 0.488149 0.119183 0.488149
1 0.082067 0.785168 0.025673 0.785168 0.025673 0.500529 0.082067 0.500529
1 0.035312 0.775553 -0.000000 0.775553 0.000000 0.499135 0.035312 0.499135
1 0.799880 0.237861 0.616995 0.237861 0.616995 0.000000 0.799880 0.000000
1 0.610120 0.277740 0.471226 0.277740 0.471226 0.000000 0.610120 0.000000
1 0.461611 0.298365 0.357091 0.298365 0.357091 0.000000 0.461611 0.000000
1 0.352957 0.336875 0.263582 0.336875 0.263582 0.000000 0.352957 0.000000
1 0.277332 0.353389 0.200337 0.353389 0.200337 0.000000 0.277332 0.000000
1 0.040817 0.420769 0.013317 0.420769 0.013317 0.153990 0.040817 0.153990
1 0.011923 0.431755 -0.000000 0.431755 0.000000 0.178726 0.011923 0.178726
