1 0.732613 0.941989 0.659061 0.334211 0.875559 0.308011 0.949111 0.915789
1 0.001264 0.002448 0.001086 0.000985 0.001608 0.000922 0.001786 0.002385
1 0.359237 1.008902 0.289242 0.430500 0.469633 0.408670 0.539628 0.987072
1 0.307403 0.997597 0.117620 0.997597 0.117620 0.474880 0.307403 0.474880
1 0.104423 0.997597 -0.000000 0.997597 0.000000 0.509544 0.104423 0.509544
1 0.909711 0.133294 0.726539 0.133294 0.726539 0.000000 0.909711 0.000000
1 0.719928 0.163005 0.533461 0.163005 0.533461 0.000000 0.719928 0.000000
1 0.371755 0.212500 0.223245 0.212500 0.223245 0.000000 0.371755 0.000000
1 0.210023 0.280169 0.071419 0.280169 0.071419 0.000000 0.210023 0.000000
1 0.053269 0.295023 0.005409 0.295023 0.005409 0.000000 0.053269 0.000000
1 0.718750 0.998438 0.481250 0.998438 0.481250 0.385938 0.718750 0.385938
