0 0.128998 0.660801 -0.036164 0.618140 0.001679 0.471630 0.166842 0.514291
0 0.242052 0.563204 0.005865 0.487563 0.041462 0.376409 0.277650 0.452050
0 0.350698 0.993096 0.281484 0.993096 0.281484 0.390880 0.350698 0.390880
0 0.411369 0.913710 0.352259 0.913710 0.352259 0.369078 0.411369 0.369078
0 0.467259 0.828761 0.415161 0.828761 0.415161 0.351600 0.467259 0.351600
0 0.547704 0.718450 0.512842 0.718450 0.512842 0.304496 0.547704 0.304496
0 0.582035 0.650292 0.548991 0.650292 0.548991 0.296229 0.582035 0.296229
0 0.512299 0.753883 0.468643 0.753883 0.468643 0.328598 0.512299 0.328598
0 0.590187 0.599130 0.589041 0.285635 0.610703 0.285556 0.611850 0.599051
0 0.637514 0.568226 0.612592 0.568007 0.615161 0.274226 0.640084 0.274444
0 0.657677 0.535578 0.637206 0.535401 0.639550 0.265008 0.660021 0.265185
0 0.674041 0.518093 0.652886 0.517622 0.658802 0.251751 0.679958 0.252222
0 0.689225 0.491439 0.670514 0.490948 0.676987 0.244324 0.695698 0.244815
0 0.703985 0.470673 0.688660 0.470191 0.696113 0.233222 0.711438 0.233704
0 0.717713 0.448475 0.702413 0.447972 0.709779 0.223941 0.725079 0.224444
