0 1.079046 0.512052 0.613478 0.046484 0.684087 -0.024125 1.149655 0.441443
0 0.964668 0.687078 0.522438 0.244847 0.696308 0.070977 1.138538 0.513208
0 0.850936 0.855713 0.416269 0.421046 0.576133 0.261182 1.010800 0.695849
0 0.713204 0.976414 0.309949 0.573159 0.456979 0.426128 0.860234 0.829383
0 0.581590 1.116424 0.204937 0.739771 0.336550 0.608158 0.713203 0.984811
0 0.500324 1.206325 0.147076 0.853078 0.219776 0.780378 0.573023 1.133626
0 0.398999 0.077487 0.306974 -0.014538 0.449807 -0.157371 0.541832 -0.065345
0 0.267369 0.223090 0.168357 0.124078 0.308385 -0.015950 0.407397 0.083062
0 0.100757 0.473739 -0.040273 0.332709 0.059147 0.233289 0.200177 0.374319
0 0.030726 0.616554 -0.146696 0.439132 -0.062676 0.355112 0.114746 0.532534
0 -0.012550 0.693452 -0.206783 0.499219 -0.153699 0.446135 0.040534 0.640368
