0 0.433436 0.827288 0.390296 0.827288 0.390296 0.340602 0.433436 0.340602
0 0.272340 0.548493 0.005268 0.501513 0.023799 0.396170 0.290871 0.443150
0 0.100735 0.818429 -0.000000 0.818429 0.000000 0.584696 0.100735 0.584696
0 0.391335 0.904081 0.340161 0.904081 0.340161 0.365069 0.391335 0.365069
0 0.555915 0.642886 0.523535 0.642886 0.523535 0.264912 0.555915 0.264912
0 0.584244 0.607943 0.556688 0.607943 0.556688 0.260445 0.584244 0.260445
0 0.522652 0.685156 0.490390 0.685156 0.490390 0.279102 0.522652 0.279102
0 0.495180 0.721252 0.464408 0.721252 0.464408 0.300518 0.495180 0.300518
0 0.347461 0.960152 0.292079 0.960152 0.292079 0.388793 0.347461 0.388793
0 0.466595 0.768240 0.431437 0.768240 0.431437 0.316994 0.466595 0.316994
0 0.608469 0.579871 0.583059 0.579871 0.583059 0.251837 0.608469 0.251837
0 0.177497 0.674770 -0.026475 0.639731 0.000016 0.485523 0.203987 0.520562
0 0.626022 0.555262 0.606398 0.554623 0.616263 0.251583 0.635887 0.252222
0 0.644538 0.527107 0.625184 0.526477 0.634370 0.244185 0.653725 0.244815
0 0.663229 0.501725 0.644491 0.501283 0.650727 0.236965 0.669465 0.237407
0 0.676428 0.478090 0.663031 0.477503 0.673907 0.229413 0.687303 0.230000
0 0.690611 0.458836 0.677497 0.458199 0.688880 0.223808 0.701994 0.224444
