0 0.778163 1.068406 0.552911 0.985300 0.618369 0.807881 0.843621 0.890987
0 0.643671 1.014709 0.485608 0.998436 0.516116 0.702110 0.674178 0.718383
0 0.628915 0.404196 0.228047 0.404196 0.228047 0.373687 0.628915 0.373687
0 0.765767 0.507761 0.292610 0.507761 0.292610 0.464213 0.765767 0.464213
0 0.715164 0.467690 0.261212 0.467690 0.261212 0.429500 0.715164 0.429500
0 0.586573 0.372972 0.211184 0.372972 0.211184 0.345203 0.586573 0.345203
0 0.674622 0.434159 0.235962 0.434159 0.235962 0.401177 0.674622 0.401177
0 0.837410 0.559738 0.338496 0.559738 0.338496 0.506741 0.837410 0.506741
0 0.897224 0.608992 0.356368 0.608992 0.356368 0.551962 0.897224 0.551962
0 0.491616 0.913562 0.372977 0.895550 0.415345 0.616486 0.533984 0.634498
0 0.548345 0.346940 0.198453 0.346940 0.198453 0.320241 0.548345 0.320241
0 0.530905 0.323699 0.192394 0.323699 0.192394 0.301218 0.530905 0.301218
0 0.754484 0.998633 0.754435 0.960695 0.905813 0.960500 0.905862 0.998438
0 0.500951 0.304031 0.183601 0.302261 0.183704 0.283852 0.501053 0.285622
0 0.477200 0.287316 0.170546 0.283731 0.170741 0.267063 0.477395 0.270648
0 0.457976 0.274618 0.163082 0.270529 0.163333 0.252372 0.458228 0.256462
0 0.432748 0.256623 0.155770 0.253464 0.155926 0.239781 0.432904 0.242940
0 0.428176 0.247672 0.148137 0.239910 0.148519 0.226140 0.428558 0.233902
0 0.409068 0.232080 0.139076 0.227503 0.139259 0.216696 0.409251 0.221273
0 0.394235 0.223364 0.131596 0.217322 0.131852 0.206202 0.394490 0.212244
0 0.370518 0.214277 0.122282 0.208020 0.122593 0.195709 0.370828 0.201966
