1 0.681707 0.819495 0.266418 0.819495 0.266418 0.618726 0.681707 0.618726
1 0.718846 0.613245 0.307692 0.613245 0.307692 0.411082 0.718846 0.411082
1 0.685841 0.409712 0.288438 0.409712 0.288438 0.199327 0.685841 0.199327
1 0.658341 0.149808 0.260937 0.149808 0.260937 0.000000 0.658341 0.000000
1 1.000000 1.000000 0.774038 1.000000 0.774038 0.760577 1.000000 0.760577
1 1.000000 0.751707 0.756923 0.751707 0.756923 0.530721 1.000000 0.530721
1 1.000000 0.528341 0.768822 0.528341 0.768822 0.302596 1.000000 0.302596
1 1.000000 0.297837 0.747428 0.297837 0.747428 0.105361 1.000000 0.105361
1 1.000000 0.100625 0.761683 0.100625 0.761683 0.000000 1.000000 0.000000
1 0.253173 0.110120 0.006034 0.110120 0.006034 0.010313 0.253173 0.010313
1 0.222284 0.350120 -0.000000 0.350120 0.000000 0.157644 0.222284 0.157644
1 0.203269 0.566346 -0.000000 0.566346 0.000000 0.350120 0.203269 0.350120
1 0.189014 0.837260 -0.000000 0.837260 0.000000 0.609135 0.189014 0.609135
