0 0.594293 0.453909 0.547405 0.453909 0.547405 0.178309 0.594293 0.178309
0 0.627560 0.444106 0.587320 0.444106 0.587320 0.177197 0.627560 0.177197
0 0.660466 0.437410 0.622794 0.437410 0.622794 0.172822 0.660466 0.172822
0 0.692142 0.427448 0.654786 0.427448 0.654786 0.168629 0.692142 0.168629
0 0.437973 0.538725 0.403701 0.538725 0.403701 0.210911 0.437973 0.210911
0 0.471275 0.525196 0.432871 0.525196 0.432871 0.199690 0.471275 0.199690
0 0.999475 0.999074 0.574187 0.999074 0.574187 0.583704 0.999475 0.583704
0 0.364323 0.999074 0.178183 0.800015 0.571048 0.432648 0.757188 0.631706
0 0.125079 0.766561 0.041440 0.606423 0.467044 0.384135 0.550682 0.544273
0 0.057083 0.597622 0.024327 0.487283 0.398724 0.376139 0.431480 0.486478
0 0.028541 0.486478 0.016595 0.412428 0.338106 0.360561 0.350053 0.434610
0 0.330108 0.364994 0.329048 0.241304 0.351522 0.241111 0.352582 0.364802
0 0.383002 0.412402 0.382791 0.219731 0.401888 0.219711 0.402099 0.412381
0 0.356956 0.382885 0.355906 0.228289 0.376705 0.228148 0.377754 0.382744
