0 0.577672 1.025285 0.434630 0.996968 0.482032 0.757514 0.625074 0.785830
0 0.740779 0.998438 0.534230 0.998438 0.534230 0.882593 0.740779 0.882593
0 0.951729 0.681283 0.379581 0.681283 0.379581 0.619763 0.951729 0.619763
0 0.872265 0.624135 0.361983 0.624135 0.361983 0.570953 0.872265 0.570953
0 0.797355 0.572560 0.329803 0.572560 0.329803 0.526230 0.797355 0.526230
0 0.740529 0.527693 0.309095 0.527693 0.309095 0.485795 0.740529 0.485795
0 0.639961 0.447869 0.275601 0.447869 0.275601 0.414485 0.639961 0.414485
0 0.506325 0.942945 0.397582 0.925615 0.436112 0.683852 0.544855 0.701182
0 0.583641 0.415877 0.261781 0.415877 0.261781 0.389134 0.583641 0.389134
0 0.702017 0.486452 0.284811 0.486452 0.284811 0.451470 0.702017 0.451470
0 0.559456 0.384587 0.254074 0.384587 0.254074 0.361082 0.559456 0.361082
0 0.529817 0.368637 0.242615 0.364467 0.242963 0.340515 0.530164 0.344685
0 0.231907 0.341635 0.231852 0.320578 0.497159 0.319878 0.497215 0.340935
0 0.473504 0.323306 0.220540 0.320213 0.220741 0.303789 0.473705 0.306882
0 0.446704 0.308931 0.216454 0.300104 0.217037 0.284901 0.447287 0.293728
0 0.426021 0.291395 0.214770 0.283657 0.215185 0.272309 0.426437 0.280048
