0 0.369585 0.950101 0.299651 0.950101 0.299651 0.319461 0.369585 0.319461
0 0.194076 0.598949 -0.023551 0.563155 0.000001 0.419959 0.217629 0.455754
0 0.425836 0.858384 0.368630 0.858384 0.368630 0.305445 0.425836 0.305445
0 0.107450 0.736923 -0.000000 0.736923 0.000000 0.505263 0.107450 0.505263
0 0.478201 0.785029 0.428259 0.785029 0.428259 0.286519 0.478201 0.286519
0 0.558213 0.669655 0.520213 0.669655 0.520213 0.247465 0.558213 0.247465
0 0.521114 0.722610 0.478064 0.722610 0.478064 0.261180 0.521114 0.261180
0 0.252886 0.500938 0.008682 0.433641 0.038902 0.323979 0.283106 0.391276
0 0.589890 0.626812 0.556142 0.626812 0.556142 0.232239 0.589890 0.232239
0 0.618078 0.587700 0.589400 0.587700 0.589400 0.215346 0.618078 0.215346
