0 0.254219 1.020252 0.183683 0.874925 0.316811 0.810310 0.387347 0.955637
0 0.681414 0.948034 0.287758 0.554378 0.324727 0.517408 0.718383 0.911065
0 0.609650 0.586844 0.355729 0.332922 0.375231 0.313420 0.629153 0.567341
0 0.221568 0.942858 0.143366 0.849368 0.324369 0.697964 0.402571 0.791454
0 0.649356 0.788951 0.322275 0.461870 0.350823 0.433321 0.677905 0.760403
0 0.663277 0.867954 0.303082 0.507759 0.337280 0.473560 0.697475 0.833755
0 0.367742 1.073744 0.277361 0.983614 0.305919 0.954976 0.396300 1.045105
0 0.605865 0.545476 0.369201 0.308812 0.386228 0.291785 0.622892 0.528449
0 0.637714 0.725792 0.332309 0.420387 0.354936 0.397759 0.660341 0.703165
0 0.625809 0.676320 0.332226 0.382737 0.351764 0.363200 0.645347 0.656783
0 0.605211 0.514626 0.381110 0.290525 0.396277 0.275357 0.620378 0.499459
0 0.626974 0.642771 0.343253 0.359049 0.362820 0.339482 0.646541 0.623204
0 0.598860 0.482155 0.396617 0.270362 0.407370 0.260095 0.609613 0.471888
0 0.596983 0.456729 0.402874 0.256417 0.413087 0.246520 0.607195 0.446833
0 0.591028 0.429210 0.409325 0.239394 0.418979 0.230153 0.600681 0.419970
0 0.586146 0.406500 0.412687 0.225621 0.421161 0.217495 0.594620 0.398374
0 0.589434 0.388883 0.421508 0.216948 0.430064 0.208592 0.597990 0.380526
0 0.583020 0.370154 0.421934 0.200586 0.430369 0.192573 0.591455 0.362141
0 0.181218 0.820426 0.123233 0.741212 0.327392 0.591768 0.385377 0.670981
