0 0.657031 0.998611 0.467969 0.998611 0.467969 0.587500 0.657031 0.587500
0 0.733594 0.998611 0.658594 0.998611 0.658594 0.580556 0.733594 0.580556
0 0.808594 0.998611 0.733594 0.998611 0.733594 0.580556 0.808594 0.580556
0 0.874219 0.998611 0.799219 0.998611 0.799219 0.580556 0.874219 0.580556
0 0.946094 0.998611 0.871094 0.998611 0.871094 0.580556 0.946094 0.580556
0 0.999219 0.998611 0.924219 0.998611 0.924219 0.580556 0.999219 0.580556
0 0.048452 0.681834 -0.004189 0.678995 0.002716 0.550948 0.055357 0.553786
0 0.109791 0.665214 0.061607 0.664931 0.062307 0.545749 0.110491 0.546032
0 0.156250 0.653817 0.114286 0.653817 0.114286 0.547435 0.156250 0.547435
0 0.190179 0.664931 0.159110 0.663389 0.164467 0.555420 0.195536 0.556961
0 0.192870 0.666631 0.192423 0.554081 0.220982 0.553968 0.221429 0.666518
