0 0.260719 0.688498 -0.034769 0.623293 -0.000000 0.465731 0.295488 0.530935
0 0.078069 0.852513 -0.084203 0.777414 0.020729 0.550680 0.183001 0.625779
0 0.437263 0.916404 0.380429 0.916404 0.380429 0.358922 0.437263 0.358922
0 0.560043 0.721146 0.521953 0.721146 0.521953 0.275690 0.560043 0.275690
0 0.642654 0.590701 0.616122 0.590701 0.616122 0.222085 0.642654 0.222085
0 0.483124 0.847093 0.429744 0.847093 0.429744 0.334571 0.483124 0.334571
0 0.525507 0.779235 0.480211 0.779235 0.480211 0.296906 0.525507 0.296906
0 0.365230 0.530425 0.107517 0.502269 0.118993 0.397234 0.376705 0.425391
0 0.668148 0.560076 0.642542 0.560076 0.642542 0.203663 0.668148 0.203663
0 0.616833 0.639846 0.585889 0.639846 0.585889 0.238321 0.616833 0.238321
0 0.589014 0.680759 0.557050 0.680759 0.557050 0.252753 0.589014 0.252753
0 0.689554 0.529011 0.666832 0.529011 0.666832 0.198502 0.689554 0.198502
0 0.705615 0.509542 0.683945 0.509433 0.685571 0.185447 0.707240 0.185556
0 0.717830 0.496466 0.699056 0.496096 0.705255 0.181482 0.724029 0.181852
0 0.729452 0.474106 0.714172 0.473749 0.721341 0.166680 0.736621 0.167037
0 0.745783 0.448854 0.734313 0.448674 0.738792 0.163153 0.750262 0.163333
0 0.754620 0.428136 0.742378 0.427765 0.750612 0.155556 0.762854 0.155926
0 0.767366 0.410504 0.751676 0.409961 0.760805 0.146124 0.776495 0.146667
0 0.777265 0.394236 0.760899 0.393607 0.770832 0.135359 0.787198 0.135989
0 0.788706 0.370457 0.771684 0.369847 0.780250 0.130932 0.797272 0.131543
