1 0.092236 0.437067 0.081875 0.437067 0.081875 0.283173 0.092236 0.283173
1 0.084567 0.433221 0.071514 0.433221 0.071514 0.290841 0.084567 0.290841
1 0.076514 0.431683 0.062308 0.431683 0.062308 0.290072 0.076514 0.290072
1 0.048101 0.321538 0.025072 0.321538 0.025072 0.247861 0.048101 0.247861
1 1.000000 0.732356 0.839615 0.732356 0.839615 0.015913 1.000000 0.015913
1 0.836875 0.670481 0.670481 0.670481 0.670481 0.064038 0.836875 0.064038
1 0.669111 0.607236 0.548101 0.607236 0.548101 0.105313 0.669111 0.105313
1 0.549471 0.553606 0.462837 0.553606 0.462837 0.130048 0.549471 0.130048
1 0.466779 0.525986 0.392764 0.525986 0.392764 0.149567 0.466779 0.149567
1 0.391971 0.510072 0.339447 0.510072 0.339447 0.174231 0.391971 0.174231
1 0.342644 0.488582 0.298870 0.488582 0.298870 0.192548 0.342644 0.192548
1 0.306034 0.493365 0.259880 0.493365 0.259880 0.212452 0.306034 0.212452
1 0.268630 0.464712 0.224062 0.464712 0.224062 0.214038 0.268630 0.214038
1 0.224062 0.457548 0.201779 0.457548 0.201779 0.225168 0.224062 0.225168
1 0.212115 0.457548 0.182668 0.457548 0.182668 0.241875 0.212115 0.241875
1 0.172332 0.460721 0.146875 0.460721 0.146875 0.262572 0.172332 0.262572
1 0.961683 1.000000 0.763413 1.000000 0.763413 0.767212 0.961683 0.767212
1 0.766851 1.000000 0.624760 1.000000 0.624760 0.744279 0.766851 0.744279
1 0.617885 1.000000 0.522764 1.000000 0.522764 0.703029 0.617885 0.703029
1 0.538822 1.000000 0.444856 1.000000 0.444856 0.662933 0.538822 0.662933
1 0.451731 0.955144 0.381827 0.955144 0.381827 0.611346 0.451731 0.611346
1 0.388702 0.890962 0.335986 0.890962 0.335986 0.601034 0.388702 0.601034
1 0.342861 0.840553 0.290144 0.840553 0.290144 0.576971 0.342861 0.576971
1 0.167524 0.677813 0.145745 0.677813 0.145745 0.497909 0.167524 0.497909
1 0.293245 0.807212 0.259423 0.807212 0.259423 0.559856 0.293245 0.559856
1 0.276683 0.776707 0.237548 0.776707 0.237548 0.551875 0.276683 0.551875
1 0.232236 0.734255 0.205721 0.734255 0.205721 0.522716 0.232236 0.522716
1 0.209687 0.712380 0.181178 0.712380 0.181178 0.512091 0.209687 0.512091
1 0.183173 0.697788 0.163269 0.697788 0.163269 0.500168 0.183173 0.500168
1 0.148654 0.458197 0.127933 0.458197 0.127933 0.272428 0.148654 0.272428
1 0.131779 0.449375 0.118726 0.449375 0.118726 0.273582 0.131779 0.273582
1 0.124856 0.447428 0.104135 0.447428 0.104135 0.273966 0.124856 0.273966
1 0.066514 0.427476 0.051178 0.427476 0.051178 0.301202 0.066514 0.301202
1 0.102981 0.442428 0.089928 0.442428 0.089928 0.283558 0.102981 0.283558
