0 0.424678 0.765317 0.161405 0.502043 0.214593 0.448855 0.477867 0.712128
0 0.609743 0.565581 0.346020 0.301858 0.397669 0.250208 0.661393 0.513931
0 0.817058 0.402568 0.562728 0.083926 0.633973 0.027060 0.888304 0.345702
0 0.305646 0.892732 0.042666 0.629752 0.096537 0.575881 0.359517 0.838861
0 0.782257 0.408745 0.513733 0.140222 0.568761 0.085193 0.837285 0.353717
0 0.460225 0.725578 0.194863 0.460216 0.247291 0.407788 0.512653 0.673151
0 0.690453 0.486967 0.426406 0.222920 0.477402 0.171923 0.741450 0.435971
0 0.272596 0.946739 0.005350 0.679492 0.059378 0.625463 0.326625 0.892710
0 0.735973 0.449152 0.468801 0.181980 0.521170 0.129612 0.788341 0.396784
0 0.346397 0.851981 0.082972 0.588555 0.137130 0.534397 0.400556 0.797822
0 0.641748 0.523098 0.381771 0.263121 0.434781 0.210110 0.694758 0.470087
0 0.563260 0.601585 0.303984 0.342309 0.356188 0.290105 0.615464 0.549382
0 0.498438 0.689461 0.230187 0.421211 0.283013 0.368386 0.551263 0.636636
0 0.385655 0.808532 0.122524 0.545400 0.176730 0.491194 0.439861 0.754326
0 0.528414 0.642719 0.267964 0.382269 0.320877 0.329356 0.581327 0.589806
0 0.263026 0.968883 -0.008279 0.697578 0.016353 0.672946 0.287658 0.944251
0 0.913693 0.338371 0.619823 0.044501 0.685897 -0.021573 0.979766 0.272297
