1 0.765144 0.847308 0.587524 0.847308 0.587524 0.150577 0.765144 0.150577
1 0.563462 0.799183 0.439688 0.799183 0.439688 0.225048 0.563462 0.225048
1 0.431659 0.757933 0.353750 0.757933 0.353750 0.289231 0.431659 0.289231
1 0.362909 0.724688 0.280409 0.724688 0.280409 0.312139 0.362909 0.312139
1 0.290721 0.688029 0.229976 0.688029 0.229976 0.333918 0.290721 0.333918
1 0.249159 0.658798 0.195433 0.658798 0.195433 0.345769 0.249159 0.345769
1 0.199423 0.644207 0.158966 0.644207 0.158966 0.361058 0.199423 0.361058
1 0.168918 0.626298 0.137067 0.626298 0.137067 0.370313 0.168918 0.370313
1 0.146370 0.620986 0.114519 0.620986 0.114519 0.373630 0.146370 0.373630
1 0.122476 0.605072 0.091322 0.605072 0.091322 0.390865 0.122476 0.390865
1 0.099279 0.597115 0.074736 0.597115 0.074736 0.392188 0.099279 0.392188
1 0.081370 0.593125 0.064135 0.593125 0.064135 0.399495 0.081370 0.399495
1 0.076731 0.597788 0.048870 0.597788 0.048870 0.419375 0.076731 0.419375
1 0.546587 1.000000 0.447909 1.000000 0.447909 0.903438 0.546587 0.903438
1 0.428822 1.000000 0.354014 1.000000 0.354014 0.842163 0.428822 0.842163
1 0.359591 1.000000 0.281587 1.000000 0.281587 0.805553 0.359591 0.805553
1 0.285577 1.000000 0.236226 1.000000 0.236226 0.764952 0.285577 0.764952
1 0.229063 1.000000 0.190865 1.000000 0.190865 0.723582 0.229063 0.723582
1 0.200433 1.000000 0.170192 1.000000 0.170192 0.710048 0.200433 0.710048
1 0.182115 0.946394 0.147909 0.946394 0.147909 0.687764 0.182115 0.687764
1 0.149495 0.905817 0.123221 0.905817 0.123221 0.668678 0.149495 0.668678
1 0.127212 0.877957 0.100144 0.877957 0.100144 0.662308 0.127212 0.662308
1 0.106514 0.842957 0.084231 0.842957 0.084231 0.639231 0.106514 0.639231
1 0.087428 0.815096 0.071514 0.815096 0.071514 0.632067 0.087428 0.632067
1 0.074688 0.799183 0.058774 0.799183 0.058774 0.618534 0.074688 0.618534
1 0.066731 0.777692 0.046827 0.777692 0.046827 0.617740 0.066731 0.617740
