0 0.282266 0.625927 0.253410 0.625927 0.253410 0.382407 0.282266 0.382407
0 0.254985 0.607408 0.236622 0.607408 0.236622 0.379630 0.254985 0.379630
0 0.822639 0.667370 0.789087 0.667272 0.789953 0.370790 0.823505 0.370888
0 0.737869 0.683867 0.692550 0.683573 0.694450 0.390817 0.739769 0.391111
0 0.686674 0.685056 0.648898 0.685056 0.648898 0.400370 0.686674 0.400370
0 0.635467 0.689501 0.593434 0.689282 0.594903 0.407559 0.636936 0.407778
0 0.583421 0.696911 0.541034 0.696620 0.543133 0.390820 0.585519 0.391111
0 0.528017 0.690983 0.487706 0.690867 0.488549 0.399032 0.528860 0.399149
0 0.438506 0.680109 0.430806 0.399178 0.466592 0.398197 0.474292 0.679128
0 0.347682 0.666361 0.342435 0.389830 0.372508 0.389259 0.377754 0.665791
0 0.386183 0.667547 0.384270 0.399082 0.422851 0.398807 0.424764 0.667272
