0 0.370313 0.569444 0.306250 0.569444 0.306250 0.450000 0.370313 0.450000
0 0.520312 0.566667 0.465625 0.566667 0.465625 0.450000 0.520312 0.450000
0 0.800002 0.502778 0.746877 0.502778 0.746877 0.408333 0.800002 0.408333
0 0.615625 0.558333 0.560938 0.558333 0.560938 0.441667 0.615625 0.441667
0 0.613362 0.554075 0.612500 0.440539 0.624977 0.440444 0.625839 0.553980
0 0.623362 0.552595 0.622500 0.439056 0.634977 0.438961 0.635839 0.552500
0 0.631697 0.552595 0.630833 0.439056 0.643310 0.438961 0.644173 0.552500
0 0.639197 0.548147 0.638333 0.434611 0.650810 0.434516 0.651673 0.548053
0 0.647529 0.546667 0.646667 0.433128 0.659144 0.433033 0.660006 0.546572
0 0.654197 0.545184 0.653333 0.431647 0.665810 0.431552 0.666673 0.545089
0 0.663362 0.545184 0.662500 0.431647 0.674977 0.431552 0.675839 0.545089
0 0.670862 0.543703 0.670000 0.430164 0.682477 0.430069 0.683339 0.543608
0 0.679197 0.539256 0.678333 0.425719 0.690810 0.425625 0.691673 0.539161
0 0.685029 0.537775 0.684167 0.424236 0.696644 0.424141 0.697506 0.537680
0 0.691697 0.536292 0.690833 0.422756 0.703310 0.422661 0.704173 0.536197
0 0.696697 0.536292 0.695833 0.422756 0.708310 0.422661 0.709173 0.536197
0 0.703362 0.534811 0.702500 0.421272 0.714977 0.421177 0.715839 0.534716
