0 0.847226 0.829420 0.801166 0.613557 0.997380 0.571690 1.043440 0.787553
0 0.711946 0.671722 0.690358 0.506859 0.995919 0.466847 1.017507 0.631710
0 0.509173 0.767504 0.466700 0.767504 0.466700 0.292010 0.509173 0.292010
0 0.406826 0.631424 0.375359 0.631424 0.375359 0.232324 0.406826 0.232324
0 0.374737 0.587971 0.347976 0.587971 0.347976 0.216359 0.374737 0.216359
0 0.560794 0.836273 0.509649 0.836273 0.509649 0.334339 0.560794 0.334339
0 0.469107 0.714610 0.432213 0.714610 0.432213 0.273103 0.469107 0.273103
0 0.433604 0.662827 0.403709 0.662827 0.403709 0.253645 0.433604 0.253645
0 0.611125 0.898582 0.554117 0.898582 0.554117 0.355426 0.611125 0.355426
0 0.624922 0.518214 0.614807 0.404607 0.873942 0.381535 0.884057 0.495143
0 0.348059 0.555599 0.324887 0.555599 0.324887 0.206109 0.348059 0.206109
0 0.325190 0.528804 0.303224 0.528804 0.303224 0.196054 0.325190 0.196054
0 0.998208 0.968788 0.959823 0.968788 0.959823 0.750230 0.998208 0.750230
0 0.288641 0.513443 0.279655 0.189259 0.301728 0.188647 0.310715 0.512832
0 0.268845 0.486263 0.267063 0.178148 0.285427 0.178042 0.287210 0.486156
0 0.258177 0.465653 0.251323 0.168889 0.268387 0.168495 0.275241 0.465259
0 0.245833 0.449400 0.237682 0.161481 0.250638 0.161115 0.258788 0.449034
0 0.232285 0.424258 0.225090 0.152222 0.238225 0.151875 0.245420 0.423911
0 0.217798 0.407903 0.213548 0.139259 0.231753 0.138971 0.236003 0.407615
0 0.211265 0.388671 0.202005 0.135556 0.218835 0.134940 0.228094 0.388055
