0 0.901364 0.457407 0.853096 0.457407 0.853096 0.216666 0.901364 0.216666
0 0.782791 0.439814 0.743441 0.439814 0.743441 0.202778 0.782791 0.202778
0 0.746065 0.437037 0.706716 0.437037 0.706716 0.200000 0.746065 0.200000
0 0.708814 0.437963 0.669465 0.437963 0.669465 0.200926 0.708814 0.200926
0 0.676285 0.434259 0.636937 0.434259 0.636937 0.197222 0.676285 0.197222
0 0.640608 0.437963 0.601259 0.437963 0.601259 0.200926 0.640608 0.200926
0 0.605980 0.436112 0.566631 0.436112 0.566631 0.199075 0.605980 0.199075
0 0.571353 0.430556 0.540399 0.430556 0.540399 0.200000 0.571353 0.200000
0 0.541448 0.435185 0.510493 0.435185 0.510493 0.204629 0.541448 0.204629
0 0.476915 0.444445 0.447009 0.444445 0.447009 0.206482 0.476915 0.206482
0 0.507869 0.434259 0.476914 0.434259 0.476914 0.203703 0.507869 0.203703
0 0.447534 0.455555 0.416054 0.455555 0.416054 0.208333 0.447534 0.208333
0 0.689766 0.988375 0.688372 0.559818 0.998082 0.558811 0.999475 0.987368
0 0.703252 0.846902 0.497377 0.709630 0.687304 0.424784 0.893180 0.562056
0 0.452790 0.731650 0.332634 0.592963 0.593380 0.367056 0.713536 0.505743
0 0.286214 0.591401 0.241343 0.494815 0.530995 0.360252 0.575866 0.456839
0 0.170261 0.999325 0.153200 0.418889 0.209701 0.417228 0.226762 0.997664
0 0.119203 0.999074 0.094243 0.478024 0.153005 0.475209 0.177964 0.996259
0 0.095698 0.968103 0.050629 0.472718 0.094858 0.468694 0.139927 0.964079
0 0.294611 0.363489 0.292878 0.227366 0.310598 0.227141 0.312331 0.363263
0 0.338726 0.347391 0.315635 0.347151 0.316894 0.226296 0.339985 0.226537
0 0.360048 0.350662 0.339060 0.349842 0.344176 0.218889 0.365164 0.219709
0 0.277925 0.322255 0.276209 0.237424 0.289574 0.237153 0.291291 0.321984
