1 0.481706 0.713245 0.314399 0.713245 0.314399 0.217067 0.481706 0.217067
1 0.618077 0.637620 0.474831 0.637620 0.474831 0.157476 0.618077 0.157476
1 0.779447 0.674038 0.636874 0.674038 0.636874 0.190865 0.779447 0.190865
1 0.916082 0.676010 0.803222 0.676010 0.803222 0.214639 0.916082 0.214639
1 0.998438 0.666130 0.931924 0.666130 0.931924 0.202764 0.998438 0.202764
1 0.470529 1.000000 0.339831 1.000000 0.339831 0.780962 0.470529 0.780962
1 0.660625 1.000000 0.522020 1.000000 0.522020 0.782957 0.660625 0.782957
1 0.779447 1.000000 0.654688 1.000000 0.654688 0.765120 0.779447 0.765120
1 0.927956 1.000000 0.817067 1.000000 0.817067 0.757212 0.927956 0.757212
1 0.998438 1.000000 0.922020 1.000000 0.922020 0.701755 0.998438 0.701755
1 0.193221 0.086827 0.024086 0.086827 0.024086 0.000000 0.193221 0.000000
1 0.376129 0.090962 0.208365 0.090962 0.208365 0.000000 0.376129 0.000000
1 0.543894 0.085457 0.393991 0.085457 0.393991 0.000000 0.543894 0.000000
1 0.684159 0.075841 0.549400 0.075841 0.549400 0.000000 0.684159 0.000000
1 0.839544 0.099207 0.707524 0.099207 0.707524 0.000000 0.839544 0.000000
1 0.966057 0.103341 0.853294 0.103341 0.853294 0.000000 0.966057 0.000000
