0 0.785971 0.998611 0.248172 0.998611 0.248172 0.072014 0.785971 0.072014
0 0.999219 0.289437 0.975928 0.289437 0.975928 0.007679 0.999219 0.007679
0 0.980175 0.277776 0.947669 0.277776 0.947669 0.004069 0.980175 0.004069
0 0.952474 0.258124 0.921140 0.258124 0.921140 0.004168 0.952474 0.004168
0 0.924640 0.243308 0.895176 0.243308 0.895176 0.006581 0.924640 0.006581
0 0.899462 0.230406 0.872618 0.230406 0.872618 0.004925 0.899462 0.004925
0 0.855723 0.211256 0.832073 0.211256 0.832073 0.002108 0.855723 0.002108
0 0.818045 0.188408 0.797195 0.188408 0.797195 0.000392 0.818045 0.000392
0 0.801098 0.179635 0.780636 0.179635 0.780636 0.001219 0.801098 0.001219
0 0.835759 0.204176 0.814373 0.204176 0.814373 0.000549 0.835759 0.000549
0 0.878454 0.220176 0.853148 0.220176 0.853148 0.004238 0.878454 0.004238
0 0.785027 0.178417 0.764565 0.178417 0.764565 0.000000 0.785027 0.000000
0 0.768750 0.158424 0.755160 0.158100 0.758937 -0.000324 0.772527 0.000000
0 0.755357 0.158424 0.741767 0.158100 0.745544 -0.000324 0.759134 0.000000
0 0.743750 0.158424 0.730160 0.158100 0.733937 -0.000324 0.747527 0.000000
0 0.730357 0.140958 0.716787 0.140337 0.723243 -0.000621 0.736813 -0.000000
0 0.719643 0.140958 0.706073 0.140337 0.712529 -0.000621 0.726098 -0.000000
0 0.710714 0.140958 0.697144 0.140337 0.703600 -0.000621 0.717170 -0.000000
0 0.691328 0.131828 0.628572 0.131828 0.628572 0.000000 0.691328 0.000000
