0 0.998611 0.744834 0.071726 0.744834 0.071726 0.206970 0.998611 0.206970
0 0.278017 0.046687 0.004608 0.046687 0.004608 0.015120 0.278017 0.015120
0 0.261838 0.072947 0.003685 0.072947 0.003685 0.042905 0.261838 0.042905
0 0.295049 0.018444 0.004581 0.018444 0.004581 -0.000781 0.295049 -0.000781
0 0.251800 0.097326 0.004951 0.097326 0.004951 0.067808 0.251800 0.067808
0 0.234013 0.119970 0.002790 0.119970 0.002790 0.093462 0.234013 0.093462
0 0.223601 0.142488 0.002333 0.142488 0.002333 0.117498 0.223601 0.117498
0 0.210413 0.163710 0.001622 0.163710 0.001622 0.139595 0.210413 0.139595
0 0.191074 0.198499 0.001161 0.198499 0.001161 0.177598 0.191074 0.177598
0 0.182404 0.215253 0.001081 0.215253 0.001081 0.194553 0.182404 0.194553
0 0.203965 0.180966 0.000463 0.180966 0.000463 0.158948 0.203965 0.158948
0 0.166369 0.229539 -0.000000 0.229539 0.000000 0.208839 0.166369 0.208839
0 0.166369 0.242932 -0.000000 0.242932 0.000000 0.222232 0.166369 0.222232
0 0.151600 0.255754 -0.000475 0.251423 0.000000 0.234732 0.152075 0.239062
0 0.151600 0.267361 -0.000475 0.263030 0.000000 0.246339 0.152075 0.250670
0 0.151600 0.278968 -0.000475 0.274637 0.000000 0.257946 0.152075 0.262277
0 0.129846 0.288170 -0.000546 0.282793 0.000000 0.269553 0.130392 0.274930
0 0.129846 0.297098 -0.000546 0.291722 0.000000 0.278482 0.130392 0.283859
0 0.127280 0.373021 -0.000979 0.371286 0.000000 0.298934 0.128258 0.300670
