0 0.839202 0.812605 0.795290 0.605031 0.998438 0.562056 1.042350 0.769629
0 0.721953 0.645287 0.702110 0.498333 0.998438 0.458321 1.018280 0.605274
0 0.508026 0.750304 0.464039 0.750304 0.464039 0.281062 0.508026 0.281062
0 0.639815 0.513906 0.616486 0.405353 0.880250 0.348667 0.903579 0.457220
0 0.371525 0.578268 0.343754 0.578268 0.343754 0.202018 0.371525 0.202018
0 0.431773 0.650911 0.401330 0.650911 0.401330 0.239663 0.431773 0.239663
0 0.402490 0.612070 0.370879 0.612070 0.370879 0.216335 0.402490 0.216335
0 0.345200 0.541435 0.319288 0.541435 0.319288 0.185751 0.345200 0.185751
0 0.609371 0.870343 0.552211 0.870343 0.552211 0.342323 0.609371 0.342323
0 0.559517 0.817641 0.507379 0.817641 0.507379 0.319387 0.559517 0.319387
0 0.467325 0.696824 0.429840 0.696824 0.429840 0.256232 0.467325 0.256232
0 0.299962 0.510784 0.296444 0.180000 0.317253 0.179779 0.320771 0.510563
0 0.284206 0.484176 0.277556 0.172593 0.294470 0.172232 0.301120 0.483815
0 0.269911 0.466391 0.263915 0.165185 0.277856 0.164908 0.283852 0.466114
0 0.255944 0.448646 0.248175 0.154074 0.262521 0.153696 0.270290 0.448268
0 0.242426 0.425023 0.232435 0.146667 0.248905 0.146076 0.258895 0.424432
0 0.229083 0.407322 0.218794 0.135556 0.234689 0.134954 0.244978 0.406720
0 0.218112 0.389599 0.208301 0.128148 0.223892 0.127563 0.233702 0.389014
0 0.210492 0.380596 0.199907 0.126754 0.214559 0.126143 0.225145 0.379985
0 0.199575 0.367288 0.189413 0.120741 0.201439 0.120245 0.211601 0.366793
0 0.189007 0.352399 0.177871 0.115185 0.191148 0.114562 0.202285 0.351776
