0 0.812141 0.998611 0.272613 0.998611 0.272613 0.072033 0.812141 0.072033
0 0.968977 0.266544 0.937919 0.266544 0.937919 0.004058 0.968977 0.004058
0 0.943039 0.253931 0.913559 0.253931 0.913559 0.004322 0.943039 0.004322
0 0.918589 0.239178 0.890431 0.239178 0.890431 0.003522 0.918589 0.003522
0 0.999219 0.283619 0.965105 0.283619 0.965105 0.006983 0.999219 0.006983
0 0.871586 0.216910 0.845748 0.216910 0.845748 0.002468 0.871586 0.002468
0 0.894267 0.225544 0.868383 0.225544 0.868383 0.001347 0.894267 0.001347
0 0.849898 0.209329 0.828480 0.209329 0.828480 0.000844 0.849898 0.000844
0 0.816482 0.185465 0.795680 0.185465 0.795680 0.000796 0.816482 0.000796
0 0.832731 0.198144 0.810301 0.198144 0.810301 0.001388 0.832731 0.001388
0 0.799548 0.174674 0.779080 0.174674 0.779080 0.001581 0.799548 0.001581
0 0.698641 0.131183 0.633173 0.131183 0.633173 0.003754 0.698641 0.003754
0 0.782143 0.164782 0.765688 0.164782 0.765688 0.000000 0.782143 0.000000
0 0.770147 0.158434 0.753684 0.158393 0.754080 0.000000 0.770543 0.000041
0 0.756755 0.158434 0.740292 0.158393 0.740688 0.000000 0.757150 0.000041
0 0.745155 0.139383 0.728691 0.139337 0.729080 -0.000000 0.745544 0.000046
0 0.736226 0.139383 0.719763 0.139337 0.720152 -0.000000 0.736615 0.000046
0 0.723661 0.127067 0.707658 0.126729 0.710336 -0.000293 0.726339 0.000044
