0 0.637172 1.033528 0.490461 0.980642 0.559092 0.790253 0.705803 0.843138
0 0.804363 1.061515 0.610231 0.991841 0.652453 0.874198 0.846585 0.943873
0 0.860425 0.612283 0.381327 0.612283 0.381327 0.572776 0.860425 0.572776
0 0.808625 0.575309 0.359000 0.575309 0.359000 0.539849 0.808625 0.539849
0 0.585313 1.003619 0.471987 0.988776 0.507225 0.719739 0.620550 0.734582
0 0.946946 0.656401 0.402012 0.656401 0.402012 0.608858 0.946946 0.608858
0 0.762850 0.544667 0.330703 0.544667 0.330703 0.514780 0.762850 0.514780
0 0.716942 0.518880 0.316802 0.518880 0.316802 0.491557 0.716942 0.491557
0 0.641068 0.470060 0.297436 0.470060 0.297436 0.444836 0.641068 0.444836
0 0.999074 0.710074 0.427092 0.710074 0.427092 0.653801 0.999074 0.653801
0 0.677931 0.495856 0.308433 0.495856 0.308433 0.468709 0.677931 0.468709
0 0.613836 0.446947 0.289183 0.446947 0.289183 0.422627 0.613836 0.422627
0 0.597255 0.425845 0.287492 0.425845 0.287492 0.404259 0.597255 0.404259
0 0.572394 0.408960 0.281461 0.402024 0.281852 0.385636 0.572785 0.392572
0 0.551682 0.394030 0.274247 0.390739 0.274444 0.374093 0.551880 0.377384
0 0.532398 0.382838 0.272018 0.373743 0.272593 0.357304 0.532972 0.366400
0 0.518790 0.372892 0.268052 0.360198 0.268889 0.343663 0.519627 0.356358
0 0.505208 0.357089 0.260947 0.345966 0.261481 0.334219 0.505743 0.345342
0 0.488875 0.345602 0.257211 0.333850 0.257778 0.322677 0.489442 0.334429
