0 0.542831 0.403066 0.521507 0.403066 0.521507 0.218043 0.542831 0.218043
0 0.477573 0.422410 0.455827 0.422410 0.455827 0.227495 0.477573 0.227495
0 0.520035 0.409135 0.498119 0.409135 0.498119 0.216925 0.520035 0.216925
0 0.455393 0.428599 0.435105 0.428599 0.435105 0.231534 0.455393 0.231534
0 0.497950 0.417902 0.476648 0.417902 0.476648 0.226478 0.497950 0.226478
0 0.891501 0.945874 0.680043 0.831162 0.828820 0.556911 1.040277 0.671623
0 0.655150 0.806754 0.572976 0.695625 0.817721 0.514650 0.899895 0.625779
0 0.529492 0.725928 0.457503 0.630000 0.687716 0.457235 0.759706 0.553164
0 0.428677 0.639236 0.393845 0.570043 0.632535 0.449887 0.667366 0.519080
0 0.378735 1.001503 0.349889 0.504778 0.391721 0.502349 0.420567 0.999074
0 0.347374 1.001167 0.318345 0.474885 0.356281 0.472793 0.385310 0.999074
0 0.317053 0.957964 0.289777 0.446938 0.321937 0.445221 0.349213 0.956247
0 0.291662 0.901507 0.262798 0.430550 0.288449 0.428978 0.317314 0.899934
0 0.267063 0.844174 0.234065 0.410343 0.260811 0.408309 0.293809 0.842140
0 0.249262 0.806205 0.225296 0.389398 0.244660 0.388284 0.268625 0.805092
0 0.232247 0.752671 0.209864 0.381852 0.225256 0.380923 0.247639 0.751742
0 0.417014 0.424457 0.414481 0.248518 0.429785 0.248298 0.432319 0.424237
0 0.395286 0.394786 0.390211 0.255917 0.407135 0.255298 0.412211 0.394167
