0 0.388610 0.642826 0.329620 0.642826 0.329620 0.341308 0.388610 0.341308
0 0.104376 0.683141 0.077632 0.345164 0.130915 0.340948 0.157659 0.678925
0 0.880302 0.706549 0.814132 0.706549 0.814132 0.344383 0.880302 0.344383
0 0.343796 0.639862 0.283537 0.639862 0.283537 0.343092 0.343796 0.343092
0 0.943304 0.715441 0.873886 0.715441 0.873886 0.347450 0.943304 0.347450
0 0.946811 0.730259 0.934181 0.352703 0.998275 0.350559 1.010905 0.728115
0 0.567103 0.653200 0.508511 0.653200 0.508511 0.333049 0.567103 0.333049
0 0.042231 0.694545 0.013837 0.346568 0.068390 0.342116 0.096783 0.690094
0 0.297285 0.644308 0.236477 0.644308 0.236477 0.341950 0.297285 0.341950
0 0.663076 0.682838 0.649014 0.343383 0.709731 0.340868 0.723793 0.680323
0 0.474327 0.645790 0.415624 0.645790 0.415624 0.337864 0.474327 0.337864
0 0.157724 0.659128 0.131541 0.345313 0.186627 0.340717 0.212810 0.654532
0 0.763892 0.701396 0.757918 0.345811 0.815755 0.344839 0.821729 0.700424
0 0.208931 0.654682 0.184313 0.343125 0.239501 0.338764 0.264119 0.650321
0 0.703764 0.690372 0.702914 0.342602 0.755406 0.342474 0.756255 0.690244
0 0.432056 0.644308 0.374465 0.644308 0.374465 0.341195 0.432056 0.341195
0 0.664230 0.670982 0.599836 0.670982 0.599836 0.341851 0.664230 0.341851
0 0.517876 0.651718 0.460272 0.651718 0.460272 0.335950 0.517876 0.335950
0 0.033286 0.700002 -0.001038 0.700002 -0.001038 0.344783 0.033286 0.344783
0 0.603418 0.662525 0.564859 0.662525 0.564859 0.332843 0.603418 0.332843
