0 0.221676 0.972862 0.131698 0.837700 0.264975 0.748977 0.354953 0.884139
0 0.155941 0.881464 0.075667 0.781669 0.276337 0.620252 0.356611 0.720047
0 0.633528 0.884909 0.262938 0.514319 0.302286 0.474971 0.672876 0.845561
0 0.608250 0.721028 0.299249 0.412027 0.329429 0.381847 0.638430 0.690848
0 0.623868 0.798714 0.286860 0.461706 0.320046 0.428521 0.657054 0.765528
0 0.579408 0.534241 0.339052 0.293885 0.359082 0.273855 0.599438 0.514211
0 0.597270 0.600771 0.326393 0.329895 0.351822 0.304465 0.622699 0.575342
0 0.605141 0.660790 0.311977 0.367627 0.338751 0.340853 0.631914 0.634016
0 0.639180 0.975538 0.238203 0.574561 0.284091 0.528672 0.685068 0.929649
0 0.578748 0.493375 0.354200 0.268828 0.373661 0.249367 0.598209 0.473914
0 0.570957 0.446108 0.366857 0.237406 0.382620 0.221990 0.586721 0.430692
0 0.572870 0.412834 0.378527 0.215405 0.391480 0.202654 0.585823 0.400083
0 0.560780 0.374625 0.387679 0.201193 0.400733 0.188164 0.573834 0.361596
0 0.550780 0.348576 0.393577 0.175689 0.407890 0.162674 0.565093 0.335561
0 0.549574 0.316613 0.400574 0.161692 0.412124 0.150584 0.561123 0.305505
