0 0.385156 0.998611 0.058594 0.998611 0.058594 0.120833 0.385156 0.120833
0 0.753906 0.998611 0.404687 0.998611 0.404687 0.123613 0.753906 0.123613
0 0.758288 0.998872 0.751116 0.123412 0.783007 0.123151 0.790179 0.998611
0 0.787336 0.998870 0.780193 0.107799 0.812500 0.107540 0.819643 0.998611
0 0.819649 0.998938 0.810720 0.095961 0.843750 0.095635 0.852679 0.998611
0 0.855365 0.998942 0.843312 0.088029 0.868304 0.087699 0.880357 0.998611
0 0.883660 0.996856 0.872304 0.084014 0.895089 0.083731 0.906445 0.996573
0 0.910868 0.977760 0.900891 0.074066 0.924107 0.073810 0.934085 0.977504
0 0.932034 0.958790 0.918713 0.062283 0.944196 0.061904 0.957517 0.958412
0 0.960714 0.931676 0.945403 0.058287 0.965402 0.057936 0.980713 0.931326
0 0.976403 0.903157 0.969643 0.052050 0.988838 0.051898 0.995598 0.903005
