0 0.845657 0.658381 0.796968 0.511670 0.988002 0.448272 1.036690 0.594983
0 0.998438 0.786316 0.896864 0.786316 0.896864 0.574466 0.998438 0.574466
0 0.608601 0.823696 0.566234 0.823696 0.566234 0.337560 0.608601 0.337560
0 0.729585 0.555067 0.704418 0.447974 0.969296 0.385729 0.994463 0.492822
0 0.658876 0.900446 0.608504 0.900446 0.608504 0.365776 0.658876 0.365776
0 0.443354 0.609119 0.415571 0.609119 0.415571 0.259910 0.443354 0.259910
0 0.507008 0.678611 0.478444 0.678611 0.478444 0.282571 0.507008 0.282571
0 0.535218 0.722035 0.504066 0.722035 0.504066 0.299817 0.535218 0.299817
0 0.569059 0.765080 0.532197 0.765080 0.532197 0.323055 0.569059 0.323055
0 0.704868 0.958609 0.651633 0.958609 0.651633 0.387979 0.704868 0.387979
0 0.475794 0.640490 0.443574 0.640490 0.443574 0.263978 0.475794 0.263978
0 0.416977 0.578452 0.391305 0.578452 0.391305 0.253362 0.416977 0.253362
0 0.375599 0.551184 0.365699 0.248519 0.383920 0.247922 0.393821 0.550588
0 0.357957 0.527397 0.346811 0.244815 0.365369 0.244083 0.376515 0.526665
0 0.337572 0.506702 0.328973 0.241111 0.346606 0.240540 0.355206 0.506131
0 0.323247 0.477225 0.312184 0.235556 0.328769 0.234796 0.339832 0.476465
0 0.311952 0.460844 0.297493 0.228148 0.311732 0.227263 0.326191 0.459959
