1 0.356025 0.820537 0.323714 0.627452 0.733734 0.558838 0.766045 0.751923
1 0.385026 0.597128 0.352714 0.404043 0.757329 0.336333 0.789641 0.529418
1 0.341866 0.385123 0.311793 0.205410 0.699384 0.140550 0.729457 0.320263
1 0.306275 0.151493 0.281411 0.002910 0.654350 -0.059498 0.679214 0.089085
1 1.000000 0.162019 0.762524 0.162019 0.762524 0.000000 1.000000 0.000000
1 1.000000 0.396346 0.795529 0.396346 0.795529 0.206587 1.000000 0.206587
1 1.000000 0.630673 0.828534 0.630673 0.828534 0.437596 1.000000 0.437596
1 1.000000 0.878798 0.862764 0.878798 0.862764 0.670865 1.000000 0.670865
1 0.294447 0.870865 -0.000000 0.870865 0.000000 0.672861 0.294447 0.672861
1 0.246923 0.607500 -0.000000 0.607500 0.000000 0.421370 0.246923 0.421370
1 0.231082 0.377812 -0.000000 0.377812 0.000000 0.225337 0.231082 0.225337
1 0.227115 0.144135 0.000000 0.144135 0.000000 0.001563 0.227115 0.001563
