0 0.457407 0.145341 0.216666 0.145341 0.216666 0.097073 0.457407 0.097073
0 0.439814 0.254996 0.202778 0.254996 0.202778 0.215646 0.439814 0.215646
0 0.437037 0.291721 0.200000 0.291721 0.200000 0.252372 0.437037 0.252372
0 0.437963 0.328973 0.200926 0.328973 0.200926 0.289624 0.437963 0.289624
0 0.434259 0.361500 0.197222 0.361500 0.197222 0.322153 0.434259 0.322153
0 0.437963 0.397178 0.200926 0.397178 0.200926 0.357829 0.437963 0.357829
0 0.436112 0.431806 0.199075 0.431806 0.199075 0.392457 0.436112 0.392457
0 0.430556 0.458039 0.200000 0.458039 0.200000 0.427084 0.430556 0.427084
0 0.435185 0.487944 0.204629 0.487944 0.204629 0.456989 0.435185 0.456989
0 0.444445 0.551429 0.206482 0.551429 0.206482 0.521523 0.444445 0.521523
0 0.434259 0.521524 0.203703 0.521524 0.203703 0.490569 0.434259 0.490569
0 0.455555 0.582383 0.208333 0.582383 0.208333 0.550903 0.455555 0.550903
0 0.559818 0.310065 0.558811 0.000356 0.987368 -0.001038 0.988375 0.308671
0 0.709630 0.501061 0.424784 0.311133 0.562056 0.105258 0.846902 0.295186
0 0.592963 0.665804 0.367056 0.405058 0.505743 0.284901 0.731650 0.545647
0 0.494815 0.757094 0.360252 0.467443 0.456839 0.422572 0.591401 0.712223
0 0.418889 0.845237 0.417228 0.788736 0.997664 0.771675 0.999325 0.828176
0 0.478024 0.904194 0.475209 0.845433 0.996259 0.820473 0.999074 0.879235
0 0.472718 0.947808 0.468695 0.903579 0.964079 0.858510 0.968103 0.902740
0 0.227366 0.705559 0.227141 0.687839 0.363263 0.686107 0.363489 0.703827
0 0.347151 0.682802 0.226296 0.681543 0.226537 0.658452 0.347391 0.659711
0 0.349843 0.659377 0.218889 0.654261 0.219709 0.633274 0.350662 0.638390
0 0.237424 0.722229 0.237153 0.708863 0.321984 0.707147 0.322255 0.720513
