0 0.681530 1.023155 0.027467 0.369092 0.415343 -0.018784 1.069406 0.635279
0 0.669222 0.018423 0.474281 -0.176518 0.497308 -0.199546 0.692249 -0.004604
0 0.639367 0.026849 0.455862 -0.156656 0.478247 -0.179041 0.661752 0.004464
0 0.612040 0.035163 0.438774 -0.138103 0.459823 -0.159151 0.633088 0.014115
0 0.586336 0.040633 0.422248 -0.123455 0.441261 -0.142468 0.605349 0.021620
0 0.561323 0.048288 0.405901 -0.107133 0.423938 -0.125170 0.579359 0.030251
0 0.542036 0.055670 0.391700 -0.094666 0.408982 -0.111949 0.559318 0.038387
0 0.522263 0.062528 0.377062 -0.082672 0.393464 -0.099074 0.538665 0.046126
0 0.699375 0.013848 0.495265 -0.190263 0.506055 -0.201052 0.710165 0.003058
0 0.502410 0.067086 0.364297 -0.071028 0.380307 -0.087039 0.518421 0.051075
0 0.480514 0.071839 0.352401 -0.060411 0.366632 -0.074197 0.494745 0.058053
0 0.470412 0.081940 0.342300 -0.050310 0.356531 -0.064095 0.484643 0.068155
0 0.445670 0.077436 0.332173 -0.040244 0.346429 -0.053993 0.459925 0.063687
0 0.436199 0.086906 0.322703 -0.030774 0.336959 -0.044523 0.450455 0.073157
0 0.424319 0.089896 0.314600 -0.022431 0.326073 -0.033637 0.435792 0.078690
0 0.416743 0.097472 0.307024 -0.014855 0.318496 -0.026061 0.428215 0.086266
0 0.408536 0.105679 0.298817 -0.006647 0.310289 -0.017853 0.420008 0.094474
0 0.385355 0.095104 0.293627 -0.001813 0.305238 -0.012802 0.396966 0.084114
0 0.332168 0.141659 0.241472 0.050963 0.293834 -0.001398 0.384529 0.089297
