0 0.692864 0.863280 0.296544 0.863280 0.296544 0.789233 0.692864 0.789233
0 0.692465 0.212758 0.286293 0.212758 0.286293 0.130600 0.692465 0.130600
0 0.697131 0.141871 0.287935 0.141871 0.287935 0.053751 0.697131 0.053751
0 0.661344 0.395221 0.277955 0.395221 0.277955 0.320805 0.661344 0.320805
0 0.673200 0.333015 0.279082 0.333015 0.279082 0.260173 0.673200 0.260173
0 0.732214 0.998360 0.311024 0.998360 0.311024 0.946490 0.732214 0.946490
0 0.650971 0.454472 0.272981 0.454472 0.272981 0.376937 0.650971 0.376937
0 0.683573 0.275901 0.285956 0.275901 0.285956 0.198332 0.683573 0.198332
0 0.707284 0.930623 0.302450 0.930623 0.302450 0.857535 0.707284 0.857535
0 0.659863 0.679537 0.278372 0.679537 0.278372 0.605219 0.659863 0.605219
0 0.667272 0.739795 0.284333 0.739795 0.284333 0.666477 0.667272 0.666477
0 0.688019 0.798410 0.289366 0.798410 0.289366 0.727538 0.688019 0.727538
0 0.646526 0.568392 0.272986 0.568392 0.272986 0.496599 0.646526 0.496599
0 0.652453 0.514721 0.272912 0.514721 0.272912 0.438233 0.652453 0.438233
0 0.650971 0.623672 0.270940 0.623672 0.270940 0.549397 0.650971 0.549397
0 0.709758 0.075955 0.291544 0.075955 0.291544 -0.001038 0.709758 -0.001038
