0 0.688877 0.448148 0.663169 0.448148 0.663169 0.204629 0.688877 0.204629
0 0.658972 0.441666 0.627492 0.441666 0.627492 0.196296 0.658972 0.196296
0 0.623295 0.445370 0.591815 0.445370 0.591815 0.200000 0.623295 0.200000
0 0.589717 0.446296 0.558237 0.446296 0.558237 0.200926 0.589717 0.200926
0 0.556663 0.450926 0.525183 0.450926 0.525183 0.205556 0.556663 0.205556
0 0.522561 0.460185 0.491081 0.460185 0.491081 0.214815 0.522561 0.214815
0 0.495803 0.458333 0.464323 0.458333 0.464323 0.212963 0.495803 0.212963
0 0.466946 0.472222 0.431794 0.472222 0.431794 0.217592 0.466946 0.217592
0 0.429801 0.427201 0.394666 0.426409 0.399284 0.221431 0.434418 0.222222
0 0.402938 0.397562 0.376253 0.397322 0.377827 0.221983 0.404512 0.222222
0 0.999475 0.993295 0.673242 0.993295 0.673242 0.578148 0.999475 0.578148
0 0.670724 0.896970 0.461852 0.773947 0.645273 0.462532 0.854145 0.585556
0 0.397901 0.760633 0.298153 0.630480 0.578531 0.415602 0.678279 0.545755
0 0.245121 0.671718 0.183700 0.567629 0.487583 0.388316 0.549003 0.492406
0 0.159496 0.572430 0.129086 0.490604 0.416179 0.383905 0.446590 0.465731
0 0.351737 0.397590 0.351525 0.239000 0.372505 0.238972 0.372718 0.397562
0 0.329940 0.377135 0.327422 0.245134 0.344176 0.244815 0.346695 0.376816
0 0.123138 0.494172 0.107030 0.433060 0.354092 0.367941 0.370199 0.429053
0 0.308026 0.381534 0.305508 0.249533 0.319832 0.249260 0.322350 0.381261
0 0.071931 0.458606 0.055824 0.397494 0.302885 0.332374 0.318993 0.393486
