1 0.740145 0.504279 0.697693 0.504279 0.697693 0.226394 0.740145 0.226394
1 0.769975 0.479736 0.734159 0.479736 0.734159 0.219111 0.769975 0.219111
1 0.795169 0.467788 0.767331 0.467788 0.767331 0.230385 0.795169 0.230385
1 0.813749 0.457187 0.793197 0.457187 0.793197 0.235024 0.813749 0.235024
1 0.151826 0.750481 -0.001563 0.750481 -0.001563 0.013630 0.151826 0.013630
1 0.326010 0.678269 0.170144 0.678269 0.170144 0.065192 0.326010 0.065192
1 0.452068 0.624423 0.324856 0.624423 0.324856 0.109880 0.452068 0.109880
1 0.536851 0.561394 0.447475 0.561394 0.447475 0.120192 0.536851 0.120192
1 0.602188 0.538462 0.533414 0.538462 0.533414 0.159159 0.602188 0.159159
1 0.654879 0.510962 0.599880 0.510962 0.599880 0.187812 0.654879 0.187812
1 0.701009 0.505601 0.652596 0.505601 0.652596 0.197885 0.701009 0.197885
1 0.845576 0.462572 0.815746 0.462572 0.815746 0.272837 0.845576 0.272837
1 0.869182 0.457837 0.850770 0.457837 0.850770 0.277788 0.869182 0.277788
1 0.886683 0.453702 0.870097 0.453702 0.870097 0.282837 0.886683 0.282837
1 0.901875 0.446803 0.883918 0.446803 0.883918 0.285601 0.901875 0.285601
1 0.912932 0.440337 0.901418 0.440337 0.901418 0.292981 0.912932 0.292981
1 0.924448 0.433894 0.914783 0.433894 0.914783 0.297115 0.924448 0.297115
1 0.938725 0.431587 0.924903 0.431587 0.924903 0.300793 0.938725 0.300793
1 0.224952 1.000000 0.029687 1.000000 0.029687 0.775144 0.224952 0.775144
1 0.372091 1.000000 0.235961 1.000000 0.235961 0.733870 0.372091 0.733870
1 0.472475 1.000000 0.378967 1.000000 0.378967 0.695385 0.472475 0.695385
1 0.546730 1.000000 0.473846 1.000000 0.473846 0.659615 0.546730 0.659615
1 0.611370 0.959399 0.537115 0.959399 0.537115 0.628005 0.611370 0.628005
1 0.659472 0.899687 0.612525 0.899687 0.612525 0.601274 0.659472 0.601274
1 0.698462 0.847163 0.657884 0.847163 0.657884 0.577404 0.698462 0.577404
1 0.733486 0.806587 0.702428 0.806587 0.702428 0.563870 0.733486 0.563870
1 0.762909 0.771563 0.727908 0.771563 0.727908 0.541587 0.762909 0.541587
1 0.788390 0.743726 0.758150 0.743726 0.758150 0.531226 0.788390 0.531226
1 0.809879 0.712668 0.785192 0.712668 0.785192 0.515313 0.809879 0.515313
1 0.831347 0.696755 0.811395 0.696755 0.811395 0.512139 0.831347 0.512139
1 0.847283 0.672885 0.830552 0.672885 0.830552 0.508966 0.847283 0.508966
1 0.952519 0.290123 0.932258 0.280847 0.957795 0.225069 0.978056 0.234345
