0 0.665528 0.582844 0.449321 0.582844 0.449321 0.236642 0.665528 0.236642
0 0.816440 0.389833 0.516580 0.389833 0.516580 0.020114 0.816440 0.020114
0 0.441346 0.306095 0.203265 0.306095 0.203265 0.264922 0.441346 0.264922
0 0.442020 0.237429 0.205454 0.237429 0.205454 0.198178 0.442020 0.198178
0 0.442020 0.272267 0.203786 0.272267 0.203786 0.231613 0.442020 0.231613
0 0.563885 0.690632 0.407083 0.690632 0.407083 0.363387 0.563885 0.363387
0 0.436953 0.203937 0.204256 0.203937 0.204256 0.160068 0.436953 0.160068
0 0.447948 0.369936 0.203980 0.369936 0.203980 0.333000 0.447948 0.333000
0 0.443502 0.339220 0.204555 0.339220 0.204555 0.301956 0.443502 0.301956
0 0.452394 0.398541 0.206235 0.398541 0.206235 0.364418 0.452394 0.364418
0 0.446302 0.424961 0.205938 0.424961 0.205938 0.394449 0.446302 0.394449
0 0.447434 0.452035 0.207272 0.452035 0.207272 0.421892 0.447434 0.421892
0 0.995836 0.114565 0.579864 0.114565 0.579864 -0.000788 0.995836 -0.000788
0 0.442121 0.066517 0.209365 0.066517 0.209365 0.020189 0.442121 0.020189
