0 0.318056 0.042188 0.001389 0.042188 0.001389 0.004688 0.318056 0.004688
0 0.295833 0.074220 0.001389 0.074220 0.001389 0.039845 0.295833 0.039845
0 0.286111 0.106249 0.001389 0.106249 0.001389 0.071094 0.286111 0.071094
0 0.283333 0.129687 0.001389 0.129687 0.001389 0.100781 0.283333 0.100781
0 0.266667 0.152344 0.001389 0.152344 0.001389 0.126563 0.266667 0.126563
0 0.261111 0.174219 0.001389 0.174219 0.001389 0.146094 0.261111 0.146094
0 0.236111 0.195312 0.001389 0.195312 0.001389 0.172656 0.236111 0.172656
0 0.236111 0.216406 0.001389 0.216406 0.001389 0.193751 0.236111 0.193751
0 0.215276 0.235156 0.001388 0.235156 0.001388 0.213280 0.215276 0.213280
0 0.204167 0.250001 0.001389 0.250001 0.001389 0.229687 0.204167 0.229687
0 0.204167 0.267970 0.001389 0.267970 0.001389 0.247656 0.204167 0.247656
0 0.204167 0.282813 0.001389 0.282813 0.001389 0.262499 0.204167 0.262499
0 0.179167 0.297656 0.001389 0.297656 0.001389 0.277344 0.179167 0.277344
0 0.172224 0.310156 0.001389 0.310156 0.001389 0.289062 0.172224 0.289062
0 0.166667 0.321094 0.001389 0.321094 0.001389 0.299999 0.166667 0.299999
0 0.155556 0.332031 0.001388 0.332031 0.001388 0.314062 0.155556 0.314062
0 0.894444 0.742970 0.080556 0.742970 0.080556 0.312501 0.894444 0.312501
0 0.152075 0.344570 0.001388 0.343638 0.001474 0.329679 0.152162 0.330610
0 0.150688 0.352605 -0.000000 0.351674 0.000086 0.337715 0.150774 0.338646
0 0.150688 0.360641 -0.000000 0.359710 0.000086 0.345750 0.150774 0.346682
0 0.150688 0.368677 0.000000 0.367745 0.000086 0.353786 0.150774 0.354717
0 0.131150 0.380270 -0.000000 0.377567 0.000288 0.363592 0.131437 0.366295
0 0.000000 0.441295 -0.000713 0.374115 0.149790 0.372518 0.150503 0.439697
