0 0.412426 0.685325 0.327966 0.600865 0.373265 0.555566 0.457725 0.640026
0 0.523157 0.570666 0.440661 0.488170 0.479331 0.449500 0.561827 0.531996
0 0.676856 0.326615 0.610074 0.259833 0.647639 0.222268 0.714421 0.289050
0 0.584661 0.497377 0.502165 0.414882 0.540835 0.376212 0.623331 0.458707
0 0.618720 0.457296 0.537828 0.377624 0.546583 0.368735 0.627475 0.448407
0 0.624744 0.449178 0.543850 0.369504 0.552605 0.360615 0.633499 0.440289
0 0.630637 0.443285 0.549742 0.363612 0.558497 0.354722 0.639392 0.434396
0 0.632796 0.434837 0.551903 0.355166 0.560658 0.346276 0.641551 0.425948
0 0.637641 0.427898 0.556747 0.348224 0.565503 0.339334 0.646396 0.419009
0 0.641307 0.422135 0.560414 0.342463 0.569169 0.333574 0.650062 0.413245
0 0.647788 0.415654 0.566896 0.335981 0.575651 0.327092 0.656543 0.406764
0 0.652044 0.409304 0.571150 0.329629 0.579906 0.320740 0.660800 0.400414
0 0.654793 0.400266 0.573900 0.320594 0.582655 0.311705 0.663548 0.391376
0 0.657870 0.395094 0.576976 0.315420 0.585732 0.306530 0.666626 0.386205
0 0.661536 0.389331 0.580643 0.309660 0.589398 0.300770 0.670291 0.380441
0 0.665071 0.385796 0.584178 0.306124 0.592934 0.297235 0.673827 0.376906
0 0.668738 0.380035 0.587844 0.300361 0.596599 0.291471 0.677493 0.371146
