0 0.328912 0.683944 0.262875 0.683944 0.262875 0.343509 0.328912 0.343509
0 0.277594 0.692835 0.210905 0.692835 0.210905 0.344057 0.277594 0.344057
0 0.923400 0.696534 0.868598 0.690622 0.904804 0.355022 0.959606 0.360934
0 0.160915 0.710618 0.090176 0.710618 0.090176 0.345401 0.160915 0.345401
0 0.102954 0.713581 0.027168 0.713581 0.027168 0.347939 0.102954 0.347939
0 0.745208 0.647631 0.685439 0.647631 0.685439 0.344956 0.745208 0.344956
0 0.773977 0.656522 0.720687 0.653373 0.739073 0.342314 0.792362 0.345464
0 0.380358 0.671342 0.314210 0.671342 0.314210 0.342632 0.380358 0.342632
0 0.871354 0.686161 0.817777 0.681449 0.846793 0.351574 0.900369 0.356286
0 0.220176 0.700244 0.149384 0.700244 0.149384 0.344688 0.220176 0.344688
0 0.563821 0.655041 0.506397 0.655041 0.506397 0.343921 0.563821 0.343921
0 0.042642 0.725068 0.001041 0.725068 0.001041 0.354172 0.042642 0.354172
0 0.519937 0.656522 0.461653 0.656522 0.461653 0.345483 0.519937 0.345483
0 0.818038 0.672195 0.769257 0.668239 0.795716 0.341962 0.844498 0.345918
0 0.653257 0.646149 0.590753 0.646149 0.590753 0.343868 0.653257 0.343868
0 0.607560 0.646149 0.548144 0.646149 0.548144 0.343790 0.607560 0.343790
0 0.698336 0.647631 0.636814 0.647631 0.636814 0.344322 0.698336 0.344322
0 0.424837 0.663932 0.363534 0.663932 0.363534 0.342370 0.424837 0.342370
0 0.472566 0.659486 0.410762 0.659486 0.410762 0.342466 0.472566 0.342466
0 0.999475 0.700784 0.940439 0.700784 0.940439 0.362728 0.999475 0.362728
