0 0.657031 0.410937 0.467969 0.410937 0.467969 -0.000174 0.657031 -0.000174
0 0.733594 0.417882 0.658594 0.417882 0.658594 -0.000174 0.733594 -0.000174
0 0.808594 0.417882 0.733594 0.417882 0.733594 -0.000174 0.808594 -0.000174
0 0.874219 0.417882 0.799219 0.417882 0.799219 -0.000174 0.874219 -0.000174
0 0.946094 0.417882 0.871094 0.417882 0.871094 -0.000174 0.946094 -0.000174
0 0.999219 0.417882 0.924219 0.417882 0.924219 -0.000174 0.999219 -0.000174
0 0.002716 0.447490 -0.004189 0.319443 0.048452 0.316604 0.055357 0.444651
0 0.062307 0.452689 0.061607 0.333507 0.109791 0.333224 0.110491 0.452406
0 0.156250 0.451003 0.114286 0.451003 0.114286 0.344621 0.156250 0.344621
0 0.164467 0.443018 0.159110 0.335048 0.190179 0.333507 0.195536 0.441476
0 0.220982 0.444469 0.192423 0.444356 0.192870 0.331806 0.221429 0.331919
