0 0.540774 1.163911 -0.079909 0.543229 0.151005 0.312314 0.771688 0.932997
0 0.785498 0.919187 0.166781 0.300469 0.413716 0.053534 1.032434 0.672251
0 1.035717 0.669337 0.411602 0.055365 0.433968 0.032630 1.058082 0.646603
0 1.056255 0.648796 0.421122 0.023765 0.443784 0.000737 1.078917 0.625768
0 1.079152 0.625995 0.434337 -0.006192 0.457462 -0.029779 1.102276 0.602408
0 1.104409 0.600743 0.451774 -0.034846 0.469213 -0.052752 1.121848 0.582837
0 1.122942 0.579261 0.469436 -0.058186 0.485347 -0.074498 1.138854 0.562949
0 1.128678 0.546519 0.482615 -0.085434 0.498851 -0.102032 1.144914 0.529921
0 1.130232 0.518139 0.486886 -0.106369 0.504637 -0.124656 1.147983 0.499852
0 1.131339 0.478686 0.502932 -0.128067 0.516826 -0.142456 1.145232 0.464297
0 1.122266 0.447426 0.515663 -0.149617 0.529128 -0.163298 1.135732 0.433745
