0 0.766226 0.907620 0.604663 0.907620 0.604663 0.085577 0.766226 0.085577
0 0.587163 0.804976 0.494856 0.804976 0.494856 0.173101 0.587163 0.173101
0 0.508365 0.761202 0.419255 0.761202 0.419255 0.204135 0.508365 0.204135
0 0.423221 0.718221 0.357981 0.718221 0.357981 0.242332 0.423221 0.242332
0 0.370697 0.707091 0.316587 0.707091 0.316587 0.273389 0.370697 0.273389
0 0.325337 0.684014 0.283173 0.684014 0.283173 0.295649 0.325337 0.295649
0 0.287933 0.681611 0.240986 0.681611 0.240986 0.337837 0.287933 0.337837
0 0.252139 0.676058 0.221106 0.676058 0.221106 0.362500 0.252139 0.362500
0 0.223149 0.674135 0.198726 0.674135 0.198726 0.381707 0.223149 0.381707
0 0.197813 0.674615 0.178005 0.674615 0.178005 0.409327 0.197813 0.409327
0 0.183534 0.669087 0.158678 0.669087 0.158678 0.426827 0.183534 0.426827
0 0.160505 0.665385 0.141635 0.665385 0.141635 0.435577 0.160505 0.435577
0 0.147620 0.658029 0.129207 0.658029 0.129207 0.436514 0.147620 0.436514
