1 0.223726 0.976995 -0.001563 0.976995 -0.001563 0.266058 0.223726 0.266058
1 0.401105 0.955000 0.214086 0.955000 0.214086 0.316947 0.401105 0.316947
1 0.542740 0.938510 0.403870 0.938510 0.403870 0.392572 0.542740 0.392572
1 0.650000 0.908245 0.542621 0.908245 0.542621 0.425577 0.650000 0.425577
1 0.757259 0.857356 0.658126 0.857356 0.658126 0.448942 0.757259 0.448942
1 0.820529 0.845000 0.744903 0.845000 0.744903 0.468197 0.820529 0.468197
1 0.874158 0.817476 0.816395 0.817476 0.816395 0.477837 0.874158 0.477837
1 0.927645 0.802356 0.874159 0.802356 0.874159 0.487452 0.927645 0.487452
1 0.974543 0.794111 0.925049 0.794111 0.925049 0.498462 0.974543 0.498462
1 0.384616 0.230313 0.200192 0.230313 0.200192 0.000649 0.384616 0.000649
1 0.534350 0.274303 0.391491 0.274303 0.391491 0.000000 0.534350 0.000000
1 0.639014 0.288053 0.542740 0.288053 0.542740 0.002019 0.639014 0.002019
1 0.637500 0.323822 0.637500 0.000000 0.735120 0.000000 0.735120 0.323822
1 0.797140 0.354063 0.731153 0.354063 0.731153 0.000000 0.797140 0.000000
1 0.857525 0.371947 0.797140 0.371947 0.797140 0.036418 0.857525 0.036418
1 0.909903 0.389808 0.849399 0.389808 0.849399 0.079038 0.909903 0.079038
1 0.952549 0.396683 0.911153 0.396683 0.911153 0.106538 0.952549 0.106538
1 0.995169 0.421442 0.946900 0.421442 0.946900 0.143678 0.995169 0.143678
