0 0.074118 0.413661 0.013022 0.413661 0.013022 0.261418 0.074118 0.261418
0 0.006116 0.491979 0.000357 0.295777 0.177535 0.290577 0.183293 0.486779
0 0.761418 0.594351 0.728966 0.594351 0.728966 0.292668 0.761418 0.292668
0 0.742188 0.614183 0.700120 0.614183 0.700120 0.304087 0.742188 0.304087
0 0.716346 0.648437 0.675481 0.648437 0.675481 0.305889 0.716346 0.305889
0 0.688101 0.670673 0.636418 0.670673 0.636418 0.310096 0.688101 0.310096
0 0.622277 0.764042 0.316507 0.749200 0.337831 0.309909 0.643601 0.324752
0 0.178228 0.479856 0.165208 0.267517 0.199320 0.265426 0.212339 0.477764
0 0.664044 0.700697 0.612380 0.699719 0.619420 0.328060 0.671084 0.329039
0 0.775440 0.592349 0.742988 0.592349 0.742988 0.290666 0.775440 0.290666
0 0.791466 0.583334 0.759014 0.583334 0.759014 0.281651 0.791466 0.281651
0 0.806490 0.582332 0.774038 0.582332 0.774038 0.280649 0.806490 0.280649
0 0.815505 0.573317 0.783053 0.573317 0.783053 0.271635 0.815505 0.271635
