0 0.204327 0.579327 -0.000000 0.579327 0.000000 0.403846 0.204327 0.403846
0 0.182692 0.588942 -0.000000 0.588942 0.000000 0.406250 0.182692 0.406250
0 0.200721 0.590745 0.015625 0.590745 0.015625 0.406851 0.200721 0.406851
0 0.295673 0.599760 0.064904 0.599760 0.064904 0.405048 0.295673 0.405048
0 0.313101 0.609375 0.090745 0.609375 0.090745 0.407452 0.313101 0.407452
0 0.320913 0.618990 0.109375 0.618990 0.109375 0.402644 0.320913 0.402644
0 0.361178 0.629808 0.146034 0.629808 0.146034 0.406250 0.361178 0.406250
0 0.403245 0.641226 0.173678 0.641226 0.173678 0.414062 0.403245 0.414062
0 0.459736 0.655649 0.208534 0.655649 0.208534 0.406851 0.459736 0.406851
0 0.528245 0.667668 0.236178 0.667668 0.236178 0.404447 0.528245 0.404447
0 0.578726 0.683293 0.281851 0.683293 0.281851 0.400841 0.578726 0.400841
0 0.682692 0.691707 0.322115 0.691707 0.322115 0.402043 0.682692 0.402043
0 0.716947 0.719952 0.364784 0.719952 0.364784 0.397837 0.716947 0.397837
0 0.722356 0.784856 0.414663 0.784856 0.414663 0.393029 0.722356 0.393029
0 0.811899 0.819111 0.488582 0.819111 0.488582 0.394832 0.811899 0.394832
0 0.958534 0.855769 0.531851 0.855769 0.531851 0.384615 0.958534 0.384615
0 0.212139 0.599760 0.040264 0.599760 0.040264 0.467548 0.212139 0.467548
