0 0.677343 0.904167 0.240624 0.904167 0.240624 0.065276 0.677343 0.065276
0 0.972656 0.287500 0.939062 0.287500 0.939062 0.004167 0.972656 0.004167
0 0.942187 0.269444 0.910157 0.269444 0.910157 0.004167 0.942187 0.004167
0 0.999218 0.308333 0.968749 0.308333 0.968749 0.002778 0.999218 0.002778
0 0.844531 0.219444 0.819531 0.219444 0.819531 0.004167 0.844531 0.004167
0 0.867188 0.230556 0.841407 0.230556 0.841407 0.004167 0.867188 0.004167
0 0.914062 0.254167 0.885156 0.254167 0.885156 0.004167 0.914062 0.004167
0 0.824219 0.209724 0.801563 0.209724 0.801563 0.001390 0.824219 0.001390
0 0.889063 0.243056 0.861719 0.243056 0.861719 0.004167 0.889063 0.004167
0 0.805468 0.198611 0.783594 0.198611 0.783594 0.001389 0.805468 0.001389
0 0.788281 0.188889 0.767187 0.188889 0.767187 0.001389 0.788281 0.001389
0 0.754687 0.170833 0.735156 0.170833 0.735156 0.001389 0.754687 0.001389
0 0.772656 0.173611 0.753126 0.173611 0.753126 0.004167 0.772656 0.004167
0 0.742187 0.169444 0.722656 0.169444 0.722656 0.000000 0.742187 0.000000
0 0.727679 0.153667 0.712478 0.153556 0.713593 -0.000110 0.728794 0.000000
0 0.717857 0.153667 0.702657 0.153556 0.703772 -0.000110 0.718973 -0.000000
0 0.704464 0.153667 0.689264 0.153556 0.690379 -0.000110 0.705580 0.000000
0 0.695536 0.153667 0.680335 0.153556 0.681450 -0.000110 0.696652 0.000000
0 0.685714 0.153667 0.670514 0.153556 0.671629 -0.000110 0.686830 0.000000
0 0.678572 0.153667 0.663371 0.153556 0.664486 -0.000110 0.679687 0.000000
0 0.668750 0.153667 0.653550 0.153556 0.654665 -0.000110 0.669866 -0.000000
0 0.591411 0.152080 0.591071 -0.000000 0.657700 -0.000149 0.658039 0.151932
