1 0.226683 0.414255 0.187909 0.414255 0.187909 0.162115 0.226683 0.162115
1 0.193678 0.428894 0.166034 0.428894 0.166034 0.193966 0.193678 0.193966
1 0.493510 0.856707 0.401202 0.856707 0.401202 0.407019 0.493510 0.407019
1 0.407572 0.344231 0.333558 0.344231 0.333558 0.000000 0.407572 0.000000
1 0.323221 0.388798 0.267500 0.388798 0.267500 0.024231 0.323221 0.024231
1 0.401202 0.805793 0.327188 0.805793 0.327188 0.423726 0.401202 0.423726
1 0.328798 0.760433 0.278654 0.760433 0.278654 0.437260 0.328798 0.437260
1 0.285000 0.733558 0.246250 0.733558 0.246250 0.436899 0.285000 0.436899
1 0.281947 0.397380 0.232043 0.397380 0.232043 0.082308 0.281947 0.082308
1 0.247404 0.413125 0.210553 0.413125 0.210553 0.123365 0.247404 0.123365
1 0.171803 0.427356 0.152212 0.427356 0.152212 0.216995 0.171803 0.216995
1 0.253918 0.712067 0.220529 0.712067 0.220529 0.456490 0.253918 0.456490
1 0.229327 0.691731 0.198654 0.691731 0.198654 0.448798 0.229327 0.448798
1 0.202500 0.679063 0.179087 0.679063 0.179087 0.453029 0.202500 0.453029
1 0.187909 0.660264 0.161442 0.660264 0.161442 0.456106 0.187909 0.456106
1 0.171034 0.647212 0.144928 0.647212 0.144928 0.456106 0.171034 0.456106
1 0.155288 0.643389 0.134952 0.643389 0.134952 0.461851 0.155288 0.461851
1 0.141466 0.634207 0.123822 0.634207 0.123822 0.467236 0.141466 0.467236
1 0.094279 0.605000 0.080841 0.605000 0.080841 0.478365 0.094279 0.478365
1 0.104255 0.604231 0.091587 0.604231 0.091587 0.481418 0.104255 0.481418
1 0.113077 0.619976 0.096587 0.619976 0.096587 0.474519 0.113077 0.474519
1 0.127284 0.634207 0.112308 0.634207 0.112308 0.465697 0.127284 0.465697
1 0.081226 0.469135 0.065865 0.469135 0.065865 0.341731 0.081226 0.341731
1 0.145697 0.432308 0.126130 0.432308 0.126130 0.249615 0.145697 0.249615
1 0.123438 0.440024 0.107332 0.440024 0.107332 0.280337 0.123438 0.280337
1 0.133798 0.438486 0.114615 0.438486 0.114615 0.266899 0.133798 0.266899
1 0.111923 0.453029 0.094663 0.453029 0.094663 0.294904 0.111923 0.294904
1 0.100024 0.456875 0.085841 0.456875 0.085841 0.310649 0.100024 0.310649
