0 0.507812 0.997222 0.371875 0.997222 0.371875 0.736111 0.507812 0.736111
0 0.561528 0.989740 0.525680 0.988802 0.532500 0.728031 0.568347 0.728968
0 0.585693 0.982329 0.549846 0.981391 0.556667 0.720622 0.592514 0.721560
0 0.609028 0.973440 0.573181 0.972503 0.580000 0.711731 0.615847 0.712668
0 0.608333 0.957731 0.604920 0.713399 0.639142 0.712920 0.642555 0.957253
0 0.638333 0.944392 0.627425 0.711618 0.656667 0.710247 0.667575 0.943021
0 0.657500 0.936983 0.646591 0.704209 0.675833 0.702839 0.686742 0.935613
0 0.674167 0.928092 0.663260 0.695317 0.692500 0.693947 0.703408 0.926722
0 0.697542 0.918250 0.680876 0.704853 0.706667 0.702839 0.723333 0.916236
0 0.714167 0.913272 0.703928 0.699320 0.723333 0.698392 0.733572 0.912344
0 0.728333 0.905861 0.718094 0.691912 0.737500 0.690983 0.747739 0.904932
0 0.744167 0.899933 0.733928 0.685984 0.753333 0.685055 0.763572 0.899005
0 0.755833 0.891042 0.745594 0.677093 0.765000 0.676164 0.775239 0.890113
0 0.770833 0.885114 0.760594 0.671165 0.780000 0.670236 0.790239 0.884185
