0 0.080990 0.780100 -0.039891 0.754505 0.000000 0.566100 0.120881 0.591694
0 0.193791 0.635388 -0.016912 0.607259 -0.000000 0.480577 0.210703 0.508706
0 0.429230 0.808277 0.389096 0.808277 0.389096 0.328375 0.429230 0.328375
0 0.461375 0.749059 0.426101 0.749059 0.426101 0.315001 0.461375 0.315001
0 0.389265 0.872029 0.339701 0.872029 0.339701 0.357203 0.389265 0.357203
0 0.347157 0.938373 0.293773 0.938373 0.293773 0.375512 0.347157 0.375512
0 0.487215 0.702095 0.457237 0.702095 0.457237 0.287159 0.487215 0.287159
0 0.514229 0.657182 0.485069 0.657182 0.485069 0.276364 0.514229 0.276364
0 0.270474 0.543773 0.008185 0.489847 0.029631 0.385535 0.291920 0.439461
0 0.539491 0.632595 0.512145 0.632595 0.512145 0.260639 0.539491 0.260639
0 0.563950 0.587470 0.538102 0.587470 0.538102 0.251660 0.563950 0.251660
0 0.583475 0.566560 0.561653 0.566560 0.561653 0.245636 0.583475 0.245636
0 0.595568 0.540451 0.581532 0.540232 0.586174 0.242744 0.600210 0.242963
0 0.612503 0.518124 0.598321 0.518004 0.600719 0.235435 0.614900 0.235555
0 0.624948 0.498953 0.610629 0.498704 0.615272 0.231603 0.629591 0.231852
0 0.637613 0.481278 0.622880 0.480896 0.629548 0.224062 0.644281 0.224444
0 0.648618 0.459079 0.634715 0.458545 0.644019 0.216503 0.657922 0.217037
0 0.660221 0.445789 0.648377 0.445378 0.656571 0.209219 0.668416 0.209630
