0 0.923437 0.597222 0.709375 0.597222 0.709375 0.097222 0.923437 0.097222
0 0.816407 0.936111 0.418750 0.936111 0.418750 0.126389 0.816407 0.126389
0 0.194532 0.659722 0.003125 0.659722 0.003125 0.102778 0.194532 0.102778
0 0.332812 0.634722 0.184375 0.634722 0.184375 0.090278 0.332812 0.090278
0 0.644532 0.551388 0.487500 0.551388 0.487500 0.090277 0.644532 0.090277
0 0.997657 0.566667 0.956250 0.566667 0.956250 0.138889 0.997657 0.138889
0 0.498437 0.559723 0.369531 0.559723 0.369531 0.120834 0.498437 0.120834
0 0.710157 0.519444 0.667186 0.519444 0.667186 0.111112 0.710157 0.111112
0 0.672656 0.494444 0.630468 0.494444 0.630468 0.094444 0.672656 0.094444
0 0.960938 0.555556 0.907813 0.555556 0.907813 0.119445 0.960938 0.119445
