0 0.775237 0.685056 0.703912 0.685056 0.703912 0.313974 0.775237 0.313974
0 0.962135 0.702839 0.877783 0.702839 0.877783 0.323528 0.962135 0.323528
0 0.895800 0.695429 0.817245 0.695429 0.817245 0.318369 0.895800 0.318369
0 0.834341 0.692465 0.761052 0.692465 0.761052 0.316591 0.834341 0.316591
0 0.239612 0.646168 0.170568 0.646168 0.170568 0.305366 0.239612 0.305366
0 0.997583 0.712131 0.945304 0.712131 0.945304 0.324044 0.997583 0.324044
0 0.605472 0.671718 0.536456 0.671718 0.536456 0.308337 0.605472 0.308337
0 0.132479 0.664350 0.060773 0.664350 0.060773 0.313906 0.132479 0.313906
0 0.662132 0.680609 0.591177 0.680609 0.591177 0.308026 0.662132 0.308026
0 0.189222 0.658024 0.120082 0.658024 0.120082 0.309717 0.189222 0.309717
0 0.718433 0.683573 0.649451 0.683573 0.649451 0.311552 0.718433 0.311552
0 0.546626 0.662452 0.482464 0.662452 0.482464 0.307033 0.546626 0.307033
0 0.396190 0.641723 0.333754 0.641723 0.333754 0.310200 0.396190 0.310200
0 0.494717 0.658006 0.432520 0.658006 0.432520 0.309322 0.494717 0.309322
0 0.444529 0.649132 0.382901 0.649132 0.382901 0.310800 0.444529 0.310800
0 0.345577 0.647651 0.277988 0.647651 0.277988 0.308986 0.345577 0.308986
0 0.072467 0.676605 -0.000447 0.676605 -0.000447 0.318429 0.072467 0.318429
