0 0.165660 0.655497 -0.032686 0.608621 0.000605 0.467758 0.198951 0.514634
0 0.035380 0.787962 -0.067232 0.750054 0.000000 0.568067 0.102612 0.605975
0 0.430692 0.823754 0.388394 0.823754 0.388394 0.336673 0.430692 0.336673
0 0.388516 0.895895 0.338708 0.895895 0.338708 0.365407 0.388516 0.365407
0 0.266398 0.548269 0.007338 0.495560 0.028874 0.389716 0.287933 0.442425
0 0.551183 0.643026 0.521811 0.643026 0.521811 0.267116 0.551183 0.267116
0 0.464690 0.764392 0.426864 0.764392 0.426864 0.322867 0.464690 0.322867
0 0.519275 0.675976 0.490401 0.675976 0.490401 0.283527 0.519275 0.283527
0 0.344756 0.959809 0.289690 0.959809 0.289690 0.388565 0.344756 0.388565
0 0.579635 0.609714 0.550717 0.609714 0.550717 0.261400 0.579635 0.261400
0 0.493257 0.725708 0.461521 0.725708 0.461521 0.299488 0.493257 0.299488
0 0.600132 0.577675 0.575278 0.576684 0.587948 0.258753 0.612802 0.259744
0 0.620627 0.547562 0.605222 0.547197 0.612088 0.257413 0.627492 0.257778
0 0.637089 0.527081 0.618940 0.526368 0.629910 0.247175 0.648059 0.247888
0 0.655551 0.507751 0.638825 0.507225 0.647283 0.238470 0.664008 0.238996
0 0.670677 0.482623 0.654286 0.481942 0.664406 0.238315 0.680798 0.238996
0 0.683483 0.460290 0.672003 0.459785 0.682119 0.229496 0.693599 0.230000
