0 0.176233 0.657269 0.100900 0.657269 0.100900 0.285532 0.176233 0.285532
0 0.880150 0.666160 0.789008 0.666160 0.789008 0.264340 0.880150 0.264340
0 0.949804 0.680979 0.856594 0.680979 0.856594 0.272293 0.949804 0.272293
0 0.999475 0.706859 0.922488 0.706859 0.922488 0.274580 0.999475 0.274580
0 0.234398 0.655787 0.162039 0.655787 0.162039 0.284771 0.234398 0.284771
0 0.455365 0.632076 0.380772 0.632076 0.380772 0.256785 0.455365 0.256785
0 0.734071 0.624667 0.658361 0.624667 0.658361 0.257111 0.734071 0.257111
0 0.292659 0.646895 0.218923 0.646895 0.218923 0.278696 0.292659 0.278696
0 0.796951 0.640968 0.721244 0.640968 0.721244 0.258027 0.796951 0.258027
0 0.508570 0.627631 0.433266 0.627631 0.433266 0.254507 0.508570 0.254507
0 0.057536 0.679128 0.000224 0.679128 0.000224 0.300695 0.057536 0.300695
0 0.122856 0.673200 0.042582 0.673200 0.042582 0.293935 0.122856 0.293935
0 0.671980 0.627631 0.598890 0.627631 0.598890 0.254954 0.671980 0.254954
0 0.346394 0.642450 0.270568 0.642450 0.270568 0.271021 0.346394 0.271021
0 0.564608 0.627631 0.489960 0.627631 0.489960 0.255746 0.564608 0.255746
0 0.402620 0.638004 0.327347 0.638004 0.327347 0.266012 0.402620 0.266012
0 0.617803 0.624667 0.544681 0.624667 0.544681 0.256034 0.617803 0.256034
