0 0.607647 0.965148 0.011575 0.369076 0.318104 0.062547 0.914176 0.658619
0 0.661687 0.034177 0.462029 -0.165481 0.487796 -0.191247 0.687453 0.008410
0 0.604274 0.052091 0.425367 -0.126816 0.445499 -0.146949 0.624407 0.031959
0 0.552523 0.064639 0.393114 -0.094770 0.412043 -0.113699 0.571453 0.045710
0 0.699286 0.029128 0.488402 -0.181756 0.506877 -0.200230 0.717760 0.010654
0 0.573683 0.053444 0.408246 -0.111992 0.426915 -0.130661 0.592352 0.034775
0 0.630892 0.044317 0.442158 -0.144417 0.465065 -0.167325 0.653799 0.021409
0 0.531660 0.070490 0.378386 -0.082784 0.394861 -0.099259 0.548135 0.054015
0 0.512313 0.078001 0.365229 -0.069083 0.381876 -0.085730 0.528960 0.061354
0 0.470780 0.086187 0.339198 -0.045395 0.353974 -0.060171 0.485555 0.071411
0 0.490377 0.083491 0.350822 -0.056065 0.367099 -0.072342 0.506655 0.067213
0 0.453195 0.091157 0.328510 -0.033527 0.342832 -0.047849 0.467517 0.076836
0 0.435759 0.096449 0.315872 -0.023437 0.330194 -0.037759 0.450080 0.082127
0 0.428813 0.103394 0.308927 -0.016492 0.323249 -0.030814 0.443135 0.089072
0 0.411485 0.105006 0.299457 -0.007022 0.313779 -0.021343 0.425806 0.090684
0 0.402014 0.114476 0.289987 0.002449 0.304309 -0.011873 0.416336 0.100154
0 0.385596 0.110684 0.283674 0.008762 0.297995 -0.005560 0.399918 0.096363
0 0.378651 0.117629 0.276729 0.015707 0.291051 0.001385 0.392973 0.103307
0 0.366318 0.128630 0.269149 0.021954 0.284106 0.008330 0.381275 0.115005
0 0.367287 0.128993 0.265365 0.027071 0.279686 0.012749 0.381609 0.114672
0 0.361267 0.133680 0.264098 0.027005 0.279055 0.013381 0.376224 0.120056
0 0.356217 0.138731 0.259047 0.032056 0.274004 0.018431 0.371174 0.125107
0 0.303755 0.170067 0.213584 0.077818 0.259475 0.032960 0.349646 0.125210
