0 0.108593 0.879166 0.051562 0.879166 0.051562 0.572222 0.108593 0.572222
0 0.139063 0.900000 0.110937 0.900000 0.110937 0.569444 0.139063 0.569444
0 0.165625 0.906945 0.137499 0.906945 0.137499 0.576389 0.165625 0.576389
0 0.193750 0.911111 0.165625 0.911111 0.165625 0.580555 0.193750 0.580555
0 0.225781 0.925001 0.194531 0.925001 0.194531 0.583334 0.225781 0.583334
0 0.260156 0.938889 0.226562 0.938889 0.226562 0.587499 0.260156 0.587499
0 0.300000 0.958333 0.259375 0.958333 0.259375 0.580555 0.300000 0.580555
0 0.337500 0.977778 0.291406 0.977778 0.291406 0.580556 0.337500 0.580556
0 0.378906 0.991666 0.328125 0.991666 0.328125 0.580556 0.378906 0.580556
0 0.424999 1.000000 0.374218 1.000000 0.374218 0.588889 0.424999 0.588889
0 0.491406 1.000000 0.424219 1.000000 0.424219 0.581944 0.491406 0.581944
0 0.557813 1.000000 0.490625 1.000000 0.490625 0.583333 0.557813 0.583333
0 0.614843 1.000000 0.539063 1.000000 0.539063 0.580556 0.614843 0.580556
0 0.696093 1.000000 0.620313 1.000000 0.620313 0.580556 0.696093 0.580556
0 0.783594 1.000000 0.696874 1.000000 0.696874 0.583333 0.783594 0.583333
0 0.867969 1.000000 0.781250 1.000000 0.781250 0.583333 0.867969 0.583333
0 0.968750 1.000000 0.867969 1.000000 0.867969 0.583333 0.968750 0.583333
