0 0.645575 1.025627 0.490086 0.998438 0.526490 0.790253 0.681978 0.817442
0 0.818429 0.998438 0.597889 0.998438 0.597889 0.904419 0.818429 0.904419
0 0.495362 0.999251 0.387291 0.977541 0.442410 0.703160 0.550481 0.724869
0 0.720064 0.526638 0.297830 0.526638 0.297830 0.494084 0.720064 0.494084
0 0.964302 0.699170 0.389871 0.699170 0.389871 0.645857 0.964302 0.645857
0 0.767951 0.559241 0.317711 0.559241 0.317711 0.523438 0.767951 0.523438
0 0.609884 0.433368 0.251360 0.433368 0.251360 0.404919 0.609884 0.404919
0 0.643077 0.464522 0.261891 0.464522 0.261891 0.433358 0.643077 0.433358
0 0.678735 0.497706 0.281423 0.497706 0.281423 0.466011 0.678735 0.466011
0 0.898813 0.651062 0.369459 0.651062 0.369459 0.600507 0.898813 0.600507
0 0.824476 0.602614 0.337041 0.602614 0.337041 0.557365 0.824476 0.557365
0 0.575383 0.406803 0.248115 0.406803 0.248115 0.380744 0.575383 0.380744
0 0.547237 0.381439 0.248158 0.375961 0.248519 0.356255 0.547598 0.361733
0 0.519080 0.361292 0.240727 0.355353 0.241111 0.337367 0.519463 0.343306
0 0.499815 0.346182 0.234833 0.335714 0.235556 0.317430 0.500537 0.327898
0 0.472813 0.331619 0.228899 0.317308 0.230000 0.298542 0.473914 0.312853
0 0.447778 0.309666 0.225632 0.299677 0.226296 0.284901 0.448443 0.294891
