0 0.491397 0.661344 0.438136 0.661344 0.438136 0.376638 0.491397 0.376638
0 0.157845 0.702839 0.090179 0.702839 0.090179 0.353856 0.157845 0.353856
0 0.700874 0.676164 0.645645 0.676164 0.645645 0.393964 0.700874 0.393964
0 0.209312 0.701356 0.142954 0.701356 0.142954 0.356310 0.209312 0.356310
0 0.974606 0.781381 0.906903 0.776189 0.931601 0.454092 0.999305 0.459283
0 0.615210 0.662827 0.563754 0.662827 0.563754 0.381467 0.615210 0.381467
0 0.792651 0.701356 0.735993 0.701356 0.735993 0.408346 0.792651 0.408346
0 0.745607 0.683573 0.689034 0.683573 0.689034 0.399246 0.745607 0.399246
0 0.042334 0.713212 0.000140 0.713212 0.000140 0.349005 0.042334 0.349005
0 0.405840 0.670236 0.349886 0.670236 0.349886 0.371489 0.405840 0.371489
0 0.099670 0.708105 0.030348 0.708105 0.030348 0.351866 0.099670 0.351866
0 0.654178 0.670236 0.603787 0.670236 0.603787 0.386238 0.654178 0.386238
0 0.845849 0.714130 0.780623 0.714130 0.780623 0.415335 0.845849 0.415335
0 0.264435 0.686537 0.201363 0.686537 0.201363 0.360618 0.264435 0.360618
0 0.363366 0.676164 0.301944 0.676164 0.301944 0.369144 0.363366 0.369144
0 0.529031 0.658381 0.480837 0.658381 0.480837 0.377559 0.529031 0.377559
0 0.313119 0.688019 0.253823 0.688019 0.253823 0.365026 0.313119 0.365026
0 0.572896 0.659863 0.520782 0.659863 0.520782 0.376035 0.572896 0.376035
0 0.450030 0.663867 0.395628 0.663867 0.395628 0.374005 0.450030 0.374005
0 0.862463 0.733040 0.810449 0.727887 0.841538 0.414133 0.893551 0.419287
