0 0.130092 0.801538 -0.022059 0.782641 0.000000 0.605031 0.152151 0.623929
0 0.432863 0.845864 0.393843 0.845864 0.393843 0.378241 0.432863 0.378241
0 0.352152 0.992666 0.300316 0.992666 0.300316 0.420246 0.352152 0.420246
0 0.170409 0.688394 -0.033567 0.612531 0.020997 0.465820 0.224974 0.541683
0 0.262091 0.597419 0.002518 0.555020 0.019126 0.453345 0.278699 0.495743
0 0.396764 0.916381 0.352050 0.916381 0.352050 0.406153 0.396764 0.406153
0 0.509816 0.701294 0.485936 0.701294 0.485936 0.326502 0.509816 0.326502
0 0.530755 0.673048 0.507469 0.673048 0.507469 0.312954 0.530755 0.312954
0 0.551379 0.634361 0.529665 0.634361 0.529665 0.302175 0.551379 0.302175
0 0.464877 0.801470 0.430211 0.801470 0.430211 0.362169 0.464877 0.362169
0 0.569313 0.614143 0.549367 0.614143 0.549367 0.296271 0.569313 0.296271
0 0.463271 0.741373 0.462164 0.350582 0.486044 0.350515 0.487151 0.741306
0 0.580902 0.587623 0.565734 0.587221 0.573499 0.294413 0.588667 0.294815
0 0.593481 0.558349 0.580536 0.557880 0.590413 0.285087 0.603358 0.285556
0 0.604687 0.552600 0.589780 0.551927 0.602092 0.279327 0.616999 0.280000
0 0.615128 0.533153 0.603517 0.532689 0.613783 0.275832 0.625394 0.276296
0 0.625306 0.507773 0.612311 0.507083 0.624990 0.268199 0.637985 0.268889
0 0.635447 0.488744 0.623981 0.488183 0.634914 0.264625 0.646380 0.265185
0 0.662963 0.462206 0.649738 0.461659 0.658339 0.253528 0.671564 0.254074
0 0.648039 0.481334 0.636573 0.480773 0.647506 0.257215 0.658972 0.257776
