1 0.371577 0.832019 0.341504 0.652308 0.729072 0.587452 0.759145 0.767163
1 0.400447 0.610627 0.370374 0.430916 0.757966 0.366055 0.788040 0.545767
1 0.364702 0.394738 0.334627 0.215024 0.722197 0.150166 0.752272 0.329879
1 0.997596 0.176226 0.769038 0.176226 0.769038 0.000192 0.997596 0.000192
1 0.997596 0.396250 0.803702 0.396250 0.803702 0.207837 0.997596 0.207837
1 0.997596 0.638582 0.836610 0.638582 0.836610 0.447163 0.997596 0.447163
1 0.997596 0.900962 0.874567 0.900962 0.874567 0.679856 0.997596 0.679856
1 0.285457 0.891058 -0.000000 0.891058 0.000000 0.693053 0.285457 0.693053
1 0.245865 0.602284 -0.000000 0.602284 0.000000 0.435625 0.245865 0.435625
1 0.250793 0.394375 -0.000000 0.394375 0.000000 0.231010 0.250793 0.231010
1 0.232644 0.158389 0.000000 0.158389 0.000000 0.003269 0.232644 0.003269
