1 0.490703 1.054876 0.332691 0.896864 0.351593 0.877963 0.509604 1.035974
1 0.748746 0.957903 0.637292 0.846449 0.713136 0.770605 0.824590 0.882059
1 0.704008 1.002641 0.558524 0.857158 0.605200 0.810482 0.750684 0.955965
1 0.668040 1.038609 0.504080 0.874649 0.534217 0.844511 0.698178 1.008471
1 0.809156 0.693486 0.312838 0.197168 0.444571 0.065436 0.940889 0.561753
1 0.667344 0.735351 0.261522 0.329530 0.343910 0.247142 0.749731 0.652964
1 0.577545 0.776537 0.250729 0.449721 0.314879 0.385572 0.641694 0.712387
1 0.495173 0.807609 0.210205 0.522642 0.266247 0.466600 0.551215 0.751568
1 0.441818 0.816397 0.194670 0.569249 0.223702 0.540217 0.470850 0.787365
1 0.399272 0.825150 0.171723 0.597602 0.200756 0.568570 0.428304 0.796118
1 0.364155 0.841366 0.156850 0.634062 0.185882 0.605029 0.393187 0.812334
1 0.332012 0.846041 0.149507 0.663536 0.175700 0.637343 0.358205 0.819848
1 0.311733 0.857004 0.142487 0.687757 0.166708 0.663535 0.335955 0.832782
1 0.632056 1.074593 0.437942 0.880479 0.472940 0.845481 0.667054 1.039595
1 0.289807 0.861662 0.135059 0.706914 0.156935 0.685039 0.311682 0.839786
1 0.272605 0.864789 0.127240 0.719424 0.146787 0.699877 0.292152 0.845242
1 0.264803 0.874156 0.128820 0.738173 0.145223 0.721771 0.281205 0.857753
1 0.253074 0.890576 0.123721 0.761222 0.145206 0.739737 0.274559 0.869090
1 0.820697 0.885952 0.749103 0.814357 0.823978 0.739482 0.895572 0.811077
1 0.573771 1.069069 0.396178 0.891476 0.431958 0.855696 0.609551 1.033289
1 0.523117 1.054892 0.358359 0.890134 0.385368 0.863124 0.550127 1.027883
1 0.380642 1.015050 0.265839 0.900247 0.279336 0.886750 0.394139 1.001553
1 0.402927 1.022478 0.276650 0.896201 0.290826 0.882025 0.417103 1.008302
1 0.420468 1.026523 0.292169 0.898224 0.307705 0.882688 0.436004 1.010987
1 0.454243 1.034631 0.312430 0.892819 0.328630 0.876620 0.470442 1.018432
