0 0.152781 0.639116 -0.035420 0.577520 0.008232 0.444147 0.196432 0.505743
0 0.103253 0.764529 -0.000000 0.764529 0.000000 0.562276 0.103253 0.562276
0 0.545961 0.633686 0.516491 0.633686 0.516491 0.263266 0.545961 0.263266
0 0.274536 0.550655 0.005236 0.518440 0.019473 0.399431 0.288772 0.431646
0 0.459648 0.764554 0.422324 0.764554 0.422324 0.323096 0.459648 0.323096
0 0.386791 0.886069 0.335631 0.886069 0.335631 0.359477 0.386791 0.359477
0 0.426767 0.817997 0.383783 0.817997 0.383783 0.332784 0.426767 0.332784
0 0.342089 0.956327 0.286675 0.956327 0.286675 0.386511 0.342089 0.386511
0 0.572715 0.602559 0.545969 0.602559 0.545969 0.257191 0.572715 0.257191
0 0.487027 0.714443 0.456219 0.714443 0.456219 0.292649 0.487027 0.292649
0 0.515144 0.674709 0.484516 0.674709 0.484516 0.278110 0.515144 0.278110
0 0.596623 0.576008 0.571807 0.576008 0.571807 0.252974 0.596623 0.252974
0 0.613905 0.552220 0.594050 0.551676 0.602390 0.247397 0.622246 0.247941
0 0.629597 0.525763 0.611868 0.525049 0.623404 0.238545 0.641133 0.239259
0 0.651122 0.495859 0.631480 0.495422 0.637231 0.236970 0.656873 0.237407
0 0.664363 0.476827 0.646590 0.476157 0.655889 0.229330 0.673662 0.230000
0 0.678769 0.449885 0.666737 0.449482 0.674228 0.225682 0.686261 0.226085
