1 0.533269 1.000000 0.453053 1.000000 0.453053 0.585986 0.533269 0.585986
1 0.454952 1.000000 0.395745 1.000000 0.395745 0.612716 0.454952 0.612716
1 0.405313 1.000000 0.361370 1.000000 0.361370 0.658558 0.405313 0.658558
1 0.371875 1.000000 0.333750 1.000000 0.333750 0.682572 0.371875 0.682572
1 0.331538 0.987620 0.295072 0.987620 0.295072 0.690312 0.331538 0.690312
1 0.298389 0.966635 0.274062 0.966635 0.274062 0.712957 0.298389 0.712957
1 0.276827 0.949495 0.256923 0.949495 0.256923 0.727885 0.276827 0.727885
1 0.262452 0.942308 0.240913 0.942308 0.240913 0.733966 0.262452 0.733966
1 0.246995 0.936779 0.225433 0.936779 0.225433 0.740601 0.246995 0.740601
1 0.228750 0.931250 0.209399 0.931250 0.209399 0.759399 0.228750 0.759399
1 0.212163 0.926827 0.196683 0.926827 0.196683 0.762692 0.212163 0.762692
1 0.198341 0.922428 0.182885 0.922428 0.182885 0.775409 0.198341 0.775409
1 0.446887 0.478886 0.422525 0.121517 0.500733 0.116186 0.525095 0.473555
1 0.433750 0.536130 0.380288 0.536130 0.380288 0.205721 0.433750 0.205721
1 0.444255 0.181851 0.387933 0.181851 0.387933 0.000000 0.444255 0.000000
1 0.393654 0.244880 0.349712 0.244880 0.349712 0.000000 0.393654 0.000000
1 0.383149 0.576250 0.343990 0.576250 0.343990 0.305024 0.383149 0.305024
1 0.324244 0.309709 0.311392 0.055996 0.357583 0.053656 0.370435 0.307369
1 0.358678 0.603630 0.314111 0.603630 0.314111 0.354543 0.358678 0.354543
1 0.324471 0.630697 0.283870 0.630697 0.283870 0.399904 0.324471 0.399904
1 0.338005 0.356130 0.302187 0.356130 0.302187 0.128534 0.338005 0.128534
1 0.314111 0.396731 0.282284 0.396731 0.282284 0.176298 0.314111 0.176298
1 0.298197 0.419014 0.265577 0.419014 0.265577 0.226418 0.298197 0.226418
1 0.295024 0.650577 0.267957 0.650577 0.267957 0.446851 0.295024 0.446851
1 0.283125 0.448726 0.253654 0.448726 0.253654 0.272308 0.283125 0.272308
1 0.265625 0.472668 0.240745 0.472668 0.240745 0.306851 0.265625 0.306851
1 0.247212 0.498462 0.227861 0.498462 0.227861 0.338149 0.247212 0.338149
1 0.237067 0.513678 0.218654 0.513678 0.218654 0.361178 0.237067 0.361178
1 0.228317 0.531635 0.209904 0.531635 0.209904 0.396178 0.228317 0.396178
1 0.220024 0.545433 0.202067 0.545433 0.202067 0.416899 0.220024 0.416899
1 0.211274 0.562476 0.192861 0.562476 0.192861 0.435337 0.211274 0.435337
1 0.207596 0.574928 0.189639 0.574928 0.189639 0.441779 0.207596 0.441779
1 0.203462 0.596106 0.186875 0.596106 0.186875 0.453750 0.203462 0.453750
1 0.193005 0.611827 0.177885 0.611827 0.177885 0.497236 0.193005 0.497236
1 0.276971 0.666202 0.253558 0.666202 0.253558 0.472740 0.276971 0.472740
1 0.262404 0.673870 0.239375 0.673870 0.239375 0.498462 0.262404 0.498462
1 0.248197 0.687692 0.227091 0.687692 0.227091 0.523774 0.248197 0.523774
1 0.233221 0.693846 0.216731 0.693846 0.216731 0.537596 0.233221 0.537596
1 0.224784 0.703437 0.207909 0.703437 0.207909 0.556779 0.224784 0.556779
1 0.217115 0.712260 0.200216 0.712260 0.200216 0.567524 0.217115 0.567524
1 0.206370 0.722187 0.191779 0.722187 0.191779 0.589014 0.206370 0.589014
1 0.193702 0.729135 0.177187 0.729135 0.177187 0.605529 0.193702 0.605529
1 0.201755 0.725264 0.187548 0.725264 0.187548 0.597861 0.201755 0.597861
