0 0.999475 0.999074 0.681427 0.999074 0.681427 0.558889 0.999475 0.558889
0 0.654145 0.897336 0.420279 0.740980 0.651129 0.395692 0.884995 0.552048
0 0.975341 0.463890 0.916579 0.463890 0.916579 0.223148 0.975341 0.223148
0 0.861276 0.443431 0.821821 0.441949 0.830850 0.201649 0.870304 0.203131
0 0.831584 0.436112 0.785414 0.436112 0.785414 0.199075 0.831584 0.199075
0 0.716160 0.417593 0.674186 0.417593 0.674186 0.190741 0.716160 0.190741
0 0.679433 0.415741 0.637461 0.415741 0.637461 0.188889 0.679433 0.188889
0 0.642182 0.413889 0.600210 0.413889 0.600210 0.187037 0.642182 0.187037
0 0.609129 0.412963 0.572927 0.412963 0.572927 0.186111 0.609129 0.186111
0 0.575551 0.411111 0.539350 0.411111 0.539350 0.184259 0.575551 0.184259
0 0.543021 0.411111 0.506821 0.411111 0.506821 0.184259 0.543021 0.184259
0 0.509969 0.413889 0.473768 0.413889 0.473768 0.187037 0.509969 0.187037
0 0.477440 0.414815 0.441239 0.414815 0.441239 0.187963 0.477440 0.187963
0 0.446485 0.430555 0.412907 0.430555 0.412907 0.186111 0.446485 0.186111
0 0.426043 0.708995 0.308290 0.563904 0.578364 0.344716 0.696118 0.489807
0 0.253128 0.576045 0.209234 0.470542 0.530503 0.336881 0.574397 0.442385
0 0.138723 0.476399 0.116264 0.390908 0.431896 0.307992 0.454355 0.393482
0 0.088259 0.406100 0.079936 0.343108 0.363135 0.305688 0.371459 0.368680
0 0.821827 0.438986 0.782373 0.437504 0.791396 0.197204 0.830850 0.198685
