0 0.717592 0.259718 0.474073 0.259718 0.474073 0.192561 0.717592 0.192561
0 0.711973 0.315576 0.482032 0.293296 0.485391 0.258629 0.715333 0.280909
0 0.691289 0.353488 0.482338 0.344254 0.483514 0.317640 0.692465 0.326874
0 0.643518 0.514702 0.448148 0.514702 0.448148 0.486370 0.643518 0.486370
0 0.595370 0.647442 0.424074 0.647442 0.424074 0.627505 0.595370 0.627505
0 0.535184 0.781753 0.403703 0.781753 0.403703 0.764440 0.535184 0.764440
0 0.542593 0.792247 0.406481 0.792247 0.406481 0.779655 0.542593 0.779655
0 0.537037 0.802216 0.400926 0.802216 0.400926 0.789624 0.537037 0.789624
0 0.535186 0.812709 0.399074 0.812709 0.399074 0.800116 0.535186 0.800116
0 0.639072 0.540725 0.443702 0.540725 0.443702 0.512393 0.639072 0.512393
0 0.647466 0.176569 0.483090 0.163637 0.489559 0.081413 0.653935 0.094345
