1 0.148726 0.761923 -0.001563 0.761923 -0.001563 0.023822 0.148726 0.023822
1 0.325193 0.679423 0.169351 0.679423 0.169351 0.074255 0.325193 0.074255
1 0.450121 0.611803 0.334375 0.611803 0.334375 0.084567 0.450121 0.084567
1 0.537211 0.563678 0.448966 0.563678 0.448966 0.131538 0.537211 0.131538
1 0.603678 0.546490 0.534903 0.546490 0.534903 0.162476 0.603678 0.162476
1 0.655241 0.523582 0.601371 0.523582 0.601371 0.179688 0.655241 0.179688
1 0.699928 0.506394 0.654086 0.506394 0.654086 0.198005 0.699928 0.198005
1 0.740866 0.493918 0.701731 0.493918 0.701731 0.220048 0.740866 0.220048
1 0.772044 0.469399 0.735552 0.469399 0.735552 0.223365 0.772044 0.223365
1 0.793918 0.472043 0.772693 0.472043 0.772693 0.232644 0.793918 0.232644
1 0.823750 0.456130 0.790600 0.456130 0.790600 0.245240 0.823750 0.245240
1 0.856250 0.464087 0.833701 0.464087 0.833701 0.272428 0.856250 0.272428
1 0.872836 0.466082 0.858245 0.466082 0.858245 0.279062 0.872836 0.279062
1 0.887428 0.452813 0.870169 0.452813 0.870169 0.281058 0.887428 0.281058
1 0.902020 0.446178 0.888076 0.446178 0.888076 0.287019 0.902020 0.287019
1 0.914615 0.443534 0.899351 0.443534 0.899351 0.291010 0.914615 0.291010
1 0.927212 0.432909 0.913943 0.432909 0.913943 0.295649 0.927212 0.295649
1 0.941802 0.434231 0.929856 0.434231 0.929856 0.294976 0.941802 0.294976
1 0.223990 1.000000 0.005336 1.000000 0.005336 0.775264 0.223990 0.775264
1 0.371130 1.000000 0.228125 1.000000 0.228125 0.750529 0.371130 0.750529
1 0.482524 0.996803 0.344999 0.996803 0.344999 0.687260 0.482524 0.687260
1 0.549904 1.000000 0.457764 1.000000 0.457764 0.669375 0.549904 0.669375
1 0.613150 0.958293 0.547140 0.958293 0.547140 0.621250 0.613150 0.621250
1 0.659904 0.906058 0.613149 0.906058 0.613149 0.600625 0.659904 0.600625
1 0.705289 0.853798 0.665408 0.853798 0.665408 0.578630 0.705289 0.578630
1 0.740073 0.806418 0.701610 0.806418 0.701610 0.556394 0.740073 0.556394
1 0.767908 0.769279 0.734760 0.769279 0.734760 0.544471 0.767908 0.544471
1 0.787163 0.744062 0.762621 0.744062 0.762621 0.525216 0.787163 0.525216
1 0.811683 0.722187 0.788486 0.722187 0.788486 0.519928 0.811683 0.519928
1 0.830914 0.698317 0.805721 0.698317 0.805721 0.509303 0.830914 0.509303
1 0.850818 0.684375 0.829591 0.684375 0.829591 0.502019 0.850818 0.502019
1 0.964596 0.293976 0.939364 0.286068 0.957616 0.227827 0.982848 0.235735
