0 0.956978 0.431482 0.919203 0.431482 0.919203 0.197222 0.956978 0.197222
0 0.915530 0.436111 0.877755 0.436111 0.877755 0.201851 0.915530 0.201851
0 0.773348 0.434260 0.735573 0.434260 0.735573 0.200000 0.773348 0.200000
0 0.734523 0.434260 0.696748 0.434260 0.696748 0.200000 0.734523 0.200000
0 0.662645 0.434260 0.624870 0.434260 0.624870 0.200000 0.662645 0.200000
0 0.629066 0.437036 0.591290 0.437036 0.591290 0.202777 0.629066 0.202777
0 0.593913 0.437963 0.556138 0.437963 0.556138 0.203703 0.593913 0.203703
0 0.559811 0.437963 0.522035 0.437963 0.522035 0.203703 0.559811 0.203703
0 0.525184 0.442592 0.487408 0.442592 0.487408 0.208334 0.525184 0.208334
0 0.492655 0.443518 0.454879 0.443518 0.454879 0.209259 0.492655 0.209259
0 0.465373 0.442592 0.427597 0.442592 0.427597 0.208334 0.465373 0.208334
0 0.947011 1.112067 0.614481 0.959211 0.817734 0.517044 1.150264 0.669900
0 0.617838 0.916235 0.388047 0.774233 0.609663 0.415608 0.839454 0.557610
0 0.366842 0.766561 0.257671 0.639108 0.541407 0.396073 0.650577 0.523526
0 0.189717 0.676164 0.126857 0.576367 0.447109 0.374647 0.509969 0.474444
0 0.084785 0.587248 0.047047 0.500820 0.362682 0.363001 0.400420 0.449430
