0 0.159103 0.607371 -0.032011 0.558292 0.001120 0.429276 0.192235 0.478355
0 0.367372 0.960117 0.299318 0.960117 0.299318 0.386945 0.367372 0.386945
0 0.427042 0.856489 0.369794 0.856489 0.369794 0.354427 0.427042 0.354427
0 0.475102 0.783181 0.425814 0.783181 0.425814 0.340787 0.475102 0.340787
0 0.517826 0.716608 0.474996 0.716608 0.474996 0.312262 0.517826 0.312262
0 0.553905 0.658842 0.519043 0.658842 0.519043 0.294560 0.553905 0.294560
0 0.581664 0.601709 0.553104 0.601709 0.553104 0.276535 0.581664 0.276535
0 0.268906 0.533471 0.050972 0.475293 0.077554 0.375719 0.295488 0.433897
0 0.049528 0.696956 0.000009 0.696956 0.000009 0.516761 0.049528 0.516761
0 0.604896 0.575306 0.579002 0.574987 0.582710 0.274125 0.608604 0.274444
0 0.626287 0.542846 0.603083 0.542240 0.610584 0.255319 0.633788 0.255926
0 0.648080 0.513248 0.624158 0.512656 0.630852 0.242370 0.654774 0.242963
0 0.666235 0.480445 0.648059 0.480209 0.651289 0.231616 0.669465 0.231852
0 0.681115 0.462753 0.662330 0.462426 0.666420 0.227821 0.685205 0.228148
0 0.698704 0.436153 0.682476 0.435751 0.687864 0.218486 0.704092 0.218889
