0 0.408654 0.482572 0.160597 0.464999 0.189143 0.062054 0.437200 0.079627
0 0.930889 0.858774 0.463341 0.858774 0.463341 0.146034 0.930889 0.146034
0 0.202825 0.342548 0.051919 0.325075 0.084972 0.039618 0.235877 0.057091
0 0.117188 0.259916 -0.003077 0.249753 0.017185 0.009980 0.137450 0.020143
0 0.061599 0.211839 -0.000518 0.209251 0.007374 0.019839 0.069491 0.022427
0 0.905895 0.421413 0.902890 0.048816 0.994592 0.048077 0.997596 0.420673
0 0.615736 0.303483 0.600712 0.031548 0.655048 0.028546 0.670072 0.300481
0 0.560147 0.294468 0.545123 0.022533 0.599459 0.019531 0.614483 0.291466
0 0.517804 0.277540 0.496770 0.020629 0.546875 0.016526 0.567909 0.273437
0 0.477353 0.263807 0.457822 0.020417 0.506310 0.016526 0.525841 0.259916
0 0.435177 0.243959 0.424660 0.012589 0.470252 0.010517 0.480769 0.241887
0 0.881256 0.151929 0.800693 0.150409 0.802851 0.036040 0.883413 0.037560
0 0.773738 0.135216 0.706233 0.134224 0.707735 0.032060 0.775240 0.033053
0 0.673178 0.133510 0.650642 0.044868 0.697115 0.033053 0.719652 0.121695
