0 0.382791 0.612789 0.323086 0.486920 0.626129 0.343174 0.685834 0.469043
0 0.586956 0.742151 0.454984 0.590560 0.712520 0.366356 0.844491 0.517946
0 0.894514 0.914457 0.627912 0.734306 0.815358 0.456908 1.081960 0.637059
0 0.732178 0.435529 0.695540 0.435529 0.695540 0.202705 0.732178 0.202705
0 0.805712 0.436469 0.759964 0.436469 0.759964 0.195528 0.805712 0.195528
0 0.670947 0.440288 0.637399 0.440288 0.637399 0.203800 0.670947 0.203800
0 0.766559 0.438403 0.726413 0.438403 0.726413 0.198653 0.766559 0.198653
0 0.699972 0.441529 0.665770 0.441529 0.665770 0.205298 0.699972 0.205298
0 0.641430 0.440752 0.609760 0.440752 0.609760 0.206403 0.641430 0.206403
0 0.940559 0.432198 0.890293 0.432198 0.890293 0.198269 0.940559 0.198269
0 0.611991 0.456267 0.573922 0.456267 0.573922 0.206351 0.611991 0.206351
0 0.296327 0.509055 0.269651 0.414395 0.548350 0.335854 0.575026 0.430513
0 0.239245 0.424585 0.231894 0.363714 0.489606 0.332594 0.496957 0.393465
