0 0.897457 0.685244 0.841616 0.679787 0.874942 0.338718 0.930783 0.344174
0 0.129775 0.683573 0.053919 0.683573 0.053919 0.323404 0.129775 0.323404
0 0.241169 0.674312 0.170911 0.674312 0.170911 0.324358 0.241169 0.324358
0 0.766675 0.643395 0.711648 0.643243 0.712498 0.336884 0.767525 0.337037
0 0.186229 0.683204 0.115561 0.683204 0.115561 0.323843 0.186229 0.323843
0 0.720182 0.637674 0.657556 0.637674 0.657556 0.333365 0.720182 0.333365
0 0.399212 0.658011 0.333933 0.658011 0.333933 0.323841 0.399212 0.323841
0 0.067350 0.691411 0.000108 0.691411 0.000108 0.330813 0.067350 0.330813
0 0.293175 0.669867 0.227081 0.669867 0.227081 0.325107 0.293175 0.325107
0 0.584595 0.632865 0.521721 0.632865 0.521721 0.329077 0.584595 0.329077
0 0.791396 0.658066 0.735975 0.653018 0.765351 0.330466 0.820772 0.335514
0 0.671265 0.633228 0.607910 0.633228 0.607910 0.330976 0.671265 0.330976
0 0.626522 0.640274 0.568223 0.640274 0.568223 0.330285 0.626522 0.330285
0 0.856114 0.674688 0.801916 0.671757 0.820045 0.336531 0.874243 0.339462
0 0.492293 0.652083 0.430542 0.652083 0.430542 0.324504 0.492293 0.324504
0 0.957579 0.701839 0.902492 0.695800 0.941109 0.343520 0.996197 0.349559
0 0.535795 0.646156 0.478877 0.646156 0.478877 0.326845 0.535795 0.326845
0 0.343079 0.663939 0.279197 0.663939 0.279197 0.323773 0.343079 0.323773
0 0.444003 0.655047 0.386771 0.655047 0.386771 0.324046 0.444003 0.324046
