1 0.224808 0.980913 -0.001563 0.980913 -0.001563 0.270889 0.224808 0.270889
1 0.404399 0.960216 0.220145 0.960216 0.220145 0.320793 0.404399 0.320793
1 0.548799 0.943726 0.408533 0.943726 0.408533 0.407428 0.548799 0.407428
1 0.642307 0.895601 0.548799 0.895601 0.548799 0.433558 0.642307 0.433558
1 0.750938 0.868101 0.658822 0.868101 0.658822 0.448678 0.750938 0.448678
1 0.811442 0.844712 0.741323 0.844712 0.741323 0.470673 0.811442 0.470673
1 0.873341 0.819952 0.821082 0.819952 0.821082 0.474808 0.873341 0.474808
1 0.933846 0.799327 0.869207 0.799327 0.869207 0.485793 0.933846 0.485793
1 0.965457 0.782837 0.933846 0.782837 0.933846 0.499543 0.965457 0.499543
1 0.998437 0.778702 0.966850 0.778702 0.966850 0.503678 0.998437 0.503678
1 0.202260 0.228654 0.202260 0.000000 0.392044 0.000000 0.392044 0.228654
1 0.529544 0.271274 0.398919 0.271274 0.398919 0.001755 0.529544 0.001755
1 0.642307 0.294663 0.540552 0.294663 0.540552 0.000000 0.642307 0.000000
1 0.738558 0.326298 0.645048 0.326298 0.645048 0.000000 0.738558 0.000000
1 0.803198 0.335913 0.727572 0.335913 0.727572 0.000000 0.803198 0.000000
1 0.856826 0.373053 0.792187 0.373053 0.792188 0.034760 0.856826 0.034760
1 0.911826 0.395048 0.841706 0.395048 0.841706 0.081514 0.911826 0.081514
1 0.953101 0.397788 0.910456 0.397788 0.910456 0.113149 0.953101 0.113149
1 0.988847 0.426683 0.944831 0.426683 0.944831 0.144760 0.988847 0.144760
