0 0.201202 0.148341 0.126394 0.148341 0.126394 0.010674 0.201202 0.010674
0 0.204375 0.237475 0.127981 0.237475 0.127981 0.116514 0.204375 0.116514
0 0.209159 0.394255 0.139928 0.394255 0.139928 0.312284 0.209159 0.312284
0 0.205986 0.485769 0.140721 0.485769 0.140721 0.403004 0.205986 0.403004
0 0.152644 0.427669 0.104111 0.427669 0.104111 0.367980 0.152644 0.367980
0 0.205168 0.566923 0.140721 0.566923 0.140721 0.474615 0.205168 0.474615
0 0.143101 0.493725 0.104111 0.493725 0.104111 0.432452 0.143101 0.432452
0 0.155048 0.696658 0.108894 0.696658 0.108894 0.617860 0.155048 0.617860
0 0.155048 0.625817 0.105697 0.625817 0.105697 0.545457 0.155048 0.545457
0 0.155048 0.557379 0.106490 0.557379 0.106490 0.493725 0.155048 0.493725
0 0.201202 0.665625 0.140721 0.665625 0.140721 0.547836 0.201202 0.547836
0 0.198822 0.735649 0.145505 0.735649 0.145505 0.622645 0.198822 0.622645
