0 0.729819 0.998611 0.140812 0.998611 0.140812 0.084042 0.729819 0.084042
0 0.052394 0.258494 0.019748 0.258494 0.019748 0.006131 0.052394 0.006131
0 0.025863 0.274956 -0.000781 0.274956 -0.000781 0.006006 0.025863 0.006006
0 0.078097 0.244671 0.048219 0.244671 0.048219 0.005058 0.078097 0.005058
0 0.103133 0.231618 0.074862 0.231618 0.074862 0.004382 0.103133 0.004382
0 0.142266 0.213780 0.117635 0.213780 0.117635 0.002681 0.142266 0.002681
0 0.123352 0.222165 0.098095 0.222165 0.098095 0.003486 0.123352 0.003486
0 0.176637 0.189133 0.155315 0.189133 0.155315 0.003501 0.176637 0.003501
0 0.192727 0.178636 0.171680 0.178636 0.171680 0.002338 0.192727 0.002338
0 0.161080 0.199294 0.138580 0.199294 0.138580 0.002606 0.161080 0.002606
0 0.192188 0.167957 0.189509 0.000000 0.206115 -0.000265 0.208794 0.167692
0 0.205581 0.167957 0.202902 0.000000 0.219508 -0.000265 0.222187 0.167692
0 0.253795 0.128262 0.251971 0.000199 0.265941 0.000000 0.267764 0.128064
0 0.342187 0.128262 0.266295 0.128262 0.266295 0.000000 0.342187 0.000000
