0 0.096833 0.654234 -0.048508 0.608769 0.000724 0.451386 0.146065 0.496851
0 0.215633 0.542966 -0.015299 0.512000 0.001807 0.384429 0.232739 0.415394
0 0.423433 0.761663 0.385091 0.761663 0.385091 0.267945 0.423433 0.267945
0 0.463276 0.703936 0.423072 0.703936 0.423072 0.251071 0.463276 0.251071
0 0.523552 0.616307 0.495488 0.616307 0.495488 0.212006 0.523552 0.212006
0 0.353100 0.893222 0.300636 0.893222 0.300636 0.310080 0.353100 0.310080
0 0.389444 0.821036 0.346282 0.821036 0.346282 0.291665 0.389444 0.291665
0 0.495055 0.652473 0.462333 0.652473 0.462333 0.233089 0.495055 0.233089
0 0.303448 0.457581 0.042499 0.438925 0.049859 0.335980 0.310808 0.354635
0 0.547094 0.579647 0.521687 0.579647 0.521687 0.202940 0.547094 0.202940
0 0.567188 0.549697 0.544652 0.549459 0.548293 0.203837 0.570829 0.204074
0 0.582167 0.524621 0.566021 0.524251 0.573571 0.194445 0.589717 0.194815
0 0.600883 0.494969 0.586200 0.494652 0.592872 0.185239 0.607555 0.185556
0 0.615843 0.471434 0.599370 0.470954 0.607872 0.179519 0.624344 0.180000
0 0.633406 0.453553 0.617672 0.453061 0.626449 0.172101 0.642183 0.172593
0 0.649439 0.434149 0.636921 0.433901 0.642256 0.164937 0.654774 0.165185
0 0.662771 0.413437 0.652256 0.413159 0.658950 0.159352 0.669465 0.159630
0 0.670702 0.398771 0.660281 0.398234 0.672685 0.157241 0.683106 0.157778
0 0.680750 0.381271 0.668891 0.380491 0.683838 0.153294 0.695698 0.154074
