0 0.813082 0.242553 0.712796 0.142266 0.779937 0.075125 0.880223 0.175411
0 0.775900 0.793492 0.493244 0.493376 0.722949 0.277035 1.005605 0.577152
0 0.793960 0.263800 0.693673 0.163513 0.713008 0.144178 0.813295 0.244465
0 0.769526 0.281860 0.669239 0.181573 0.691761 0.159051 0.792048 0.259338
0 0.665735 0.256726 0.627807 0.216631 0.646609 0.198845 0.684537 0.238941
0 0.641218 0.266206 0.608684 0.231504 0.627569 0.213800 0.660103 0.248502
0 0.617846 0.281079 0.585312 0.246377 0.604197 0.228673 0.636731 0.263375
0 0.599786 0.301264 0.567252 0.266562 0.586137 0.248857 0.618671 0.283560
0 0.583850 0.310825 0.551317 0.276123 0.570202 0.258419 0.602735 0.293121
0 0.572164 0.318262 0.539631 0.283560 0.558516 0.265855 0.591049 0.300557
0 0.572164 0.318262 0.539631 0.283560 0.558516 0.265855 0.591049 0.300557
0 0.554104 0.327823 0.521571 0.293121 0.540456 0.275416 0.572989 0.310119
0 0.468053 0.390503 0.435520 0.355800 0.454404 0.338096 0.486938 0.372798
