1 0.723929 0.430530 0.336361 0.365673 0.366431 0.185985 0.753999 0.250842
1 0.756934 0.636806 0.369342 0.571945 0.399412 0.392256 0.787004 0.457117
1 0.700828 0.856278 0.313236 0.791417 0.343306 0.611728 0.730898 0.676589
1 0.660002 1.063295 0.272434 0.998438 0.298763 0.841105 0.686331 0.905962
1 1.000000 0.993004 0.772909 0.993004 0.772909 0.834592 1.000000 0.834592
1 1.000000 0.790048 0.802620 0.790048 0.802620 0.600264 1.000000 0.600264
1 1.000000 0.559014 0.829014 0.559014 0.829014 0.354400 1.000000 0.354400
1 1.000000 0.329351 0.868293 0.329351 0.868293 0.111514 1.000000 0.111514
1 0.292067 0.323414 -0.000000 0.323414 0.000000 0.119448 0.292067 0.119448
1 0.248486 0.572909 -0.000000 0.572909 0.000000 0.404591 0.248486 0.404591
1 0.234639 0.768942 -0.000000 0.768942 0.000000 0.600624 0.234639 0.600624
1 0.224736 0.998437 0.000000 0.998437 0.000000 0.854110 0.224736 0.854110
