0 0.072500 0.997222 0.001563 0.997222 0.001563 0.729514 0.072500 0.729514
0 0.096626 0.983981 0.069167 0.982922 0.079208 0.722527 0.106667 0.723586
0 0.125792 0.963234 0.098333 0.962175 0.108374 0.701780 0.135833 0.702839
0 0.160818 0.949487 0.133333 0.948839 0.139182 0.700708 0.166667 0.701356
0 0.191652 0.933184 0.164167 0.932536 0.170015 0.684408 0.197500 0.685056
0 0.210831 0.916447 0.183333 0.916236 0.185002 0.698181 0.212500 0.698392
0 0.230831 0.904591 0.203333 0.904381 0.205002 0.686326 0.232500 0.686536
0 0.229167 0.892525 0.225816 0.689859 0.247500 0.689500 0.250851 0.892166
0 0.244167 0.880669 0.240816 0.678003 0.262500 0.677645 0.265851 0.880311
0 0.261667 0.867333 0.258235 0.675027 0.277500 0.674683 0.280932 0.866989
0 0.277500 0.858442 0.274066 0.666136 0.293333 0.665792 0.296767 0.858098
