0 0.794103 1.037672 0.557416 0.997351 0.591694 0.796129 0.828382 0.836449
0 0.634277 1.014127 0.459803 0.998438 0.487959 0.685321 0.662433 0.701010
0 0.655145 0.430156 0.242513 0.430156 0.242513 0.399924 0.655145 0.399924
0 0.754474 0.508061 0.281315 0.508061 0.281315 0.461637 0.754474 0.461637
0 0.475450 0.896779 0.349388 0.878846 0.387189 0.613128 0.513250 0.631061
0 0.699277 0.464988 0.256020 0.464988 0.256020 0.428641 0.699277 0.428641
0 0.620833 0.401149 0.219501 0.401149 0.219501 0.369659 0.620833 0.369659
0 0.582820 0.371422 0.200620 0.371422 0.200620 0.342016 0.582820 0.342016
0 0.549929 0.343934 0.195564 0.343934 0.195564 0.317781 0.549929 0.317781
0 0.822993 0.558305 0.317311 0.558305 0.317311 0.505683 0.822993 0.505683
0 0.888998 0.607782 0.344549 0.607782 0.344549 0.550602 0.888998 0.550602
0 0.517734 0.320186 0.185133 0.320186 0.185133 0.294854 0.517734 0.294854
0 0.501383 0.301061 0.170446 0.295682 0.170741 0.277556 0.501678 0.282935
0 0.473182 0.284320 0.163015 0.278861 0.163333 0.260767 0.473500 0.266226
0 0.452391 0.271195 0.153584 0.262004 0.154074 0.246076 0.452881 0.255268
0 0.436118 0.255681 0.149863 0.245098 0.150370 0.231386 0.436625 0.241969
0 0.413694 0.242529 0.140626 0.233542 0.141111 0.218794 0.414179 0.227782
0 0.400478 0.232314 0.133174 0.221894 0.133704 0.208301 0.401008 0.218721
0 0.378071 0.224739 0.127391 0.213186 0.128148 0.196759 0.378828 0.208312
0 0.367905 0.211228 0.118413 0.200766 0.118889 0.189413 0.368381 0.199875
0 0.356155 0.199487 0.118390 0.191302 0.118889 0.176822 0.356653 0.185006
