0 0.768006 1.000000 0.247674 1.000000 0.247674 0.082076 0.768006 0.082076
0 0.973648 0.274537 0.940272 0.274537 0.940272 0.003496 0.973648 0.003496
0 0.999383 0.290994 0.969619 0.290994 0.969619 0.003304 0.999383 0.003304
0 0.895768 0.230987 0.869060 0.230987 0.869060 0.004511 0.895768 0.004511
0 0.944899 0.254260 0.915883 0.254260 0.915883 0.004094 0.944899 0.004094
0 0.872399 0.219697 0.846245 0.219697 0.846245 0.003480 0.872399 0.003480
0 0.919006 0.246444 0.891558 0.246444 0.891558 0.005104 0.919006 0.005104
0 0.831604 0.202119 0.809462 0.202119 0.809462 0.001125 0.831604 0.001125
0 0.850402 0.212525 0.828194 0.212525 0.828194 0.002165 0.850402 0.002165
0 0.779918 0.171751 0.759118 0.171751 0.759118 0.001436 0.779918 0.001436
0 0.815253 0.189972 0.794347 0.189972 0.794347 0.000674 0.815253 0.000674
0 0.798905 0.182876 0.778203 0.182876 0.778203 0.000874 0.798905 0.000874
