0 0.265478 0.642882 0.209339 0.642882 0.209339 0.340057 0.265478 0.340057
0 0.311647 0.643808 0.257607 0.643808 0.257607 0.351912 0.311647 0.351912
0 0.118573 0.639178 0.057713 0.639178 0.057713 0.323755 0.118573 0.323755
0 0.999475 0.583623 0.947534 0.583623 0.947534 0.199363 0.999475 0.199363
0 0.354670 0.641957 0.300630 0.641957 0.300630 0.353396 0.354670 0.353396
0 0.218783 0.643809 0.162644 0.643809 0.162644 0.338575 0.218783 0.338575
0 0.064008 0.639178 0.005246 0.639178 0.005246 0.314864 0.064008 0.314864
0 0.169465 0.641955 0.112277 0.641955 0.112277 0.329683 0.169465 0.329683
0 0.398741 0.643809 0.347849 0.643809 0.347849 0.360784 0.398741 0.360784
0 0.438615 0.643808 0.387723 0.643808 0.387723 0.363748 0.438615 0.363748
0 0.988982 0.589178 0.880378 0.589178 0.880378 0.215555 0.988982 0.215555
0 0.479538 0.643808 0.429696 0.643808 0.429696 0.369675 0.479538 0.369675
0 0.669465 0.639178 0.615950 0.639178 0.615950 0.385976 0.669465 0.385976
0 0.706715 0.635475 0.657923 0.635475 0.657923 0.387326 0.706715 0.387326
0 0.516264 0.643808 0.470094 0.643808 0.470094 0.372639 0.516264 0.372639
0 0.735572 0.640104 0.689402 0.640104 0.689402 0.367883 0.735572 0.367883
