0 0.475341 0.574074 0.415005 0.574074 0.415005 0.319444 0.475341 0.319444
0 0.691013 0.599126 0.682415 0.328956 0.715215 0.327912 0.723813 0.598082
0 0.642602 0.603550 0.642176 0.325002 0.677440 0.324948 0.677866 0.603496
0 0.595593 0.599104 0.595166 0.320557 0.630430 0.320503 0.630857 0.599050
0 0.549423 0.600586 0.547696 0.336837 0.582980 0.336606 0.584708 0.600355
0 0.504932 0.597622 0.503205 0.333873 0.538489 0.333642 0.540217 0.597391
0 0.489822 0.582803 0.459560 0.582287 0.463799 0.333840 0.494061 0.334356
0 0.406716 0.565020 0.376427 0.563883 0.384890 0.338285 0.415179 0.339422
0 0.365631 0.560851 0.362225 0.333840 0.380644 0.333563 0.384050 0.560574
0 0.346340 0.546117 0.342078 0.329394 0.360480 0.329032 0.364743 0.545755
0 0.329551 0.541671 0.325289 0.324948 0.343691 0.324586 0.347954 0.541309
0 0.315281 0.538707 0.311018 0.321984 0.329420 0.321622 0.333683 0.538345
