0 0.159706 0.647222 0.001049 0.647222 0.001049 0.466666 0.159706 0.466666
0 0.202870 0.585414 0.012802 0.475021 0.083803 0.352774 0.273872 0.463166
0 0.502624 0.731482 0.456978 0.731482 0.456978 0.318518 0.502624 0.318518
0 0.537775 0.672222 0.502623 0.672222 0.502623 0.300926 0.537775 0.300926
0 0.411857 0.862038 0.350997 0.862038 0.350997 0.370370 0.411857 0.370370
0 0.568731 0.620370 0.536201 0.620370 0.536201 0.280556 0.568731 0.280556
0 0.597586 0.569444 0.569779 0.569444 0.569779 0.268518 0.597586 0.268518
0 0.459076 0.793519 0.409234 0.793519 0.409234 0.342593 0.459076 0.342593
0 0.329243 0.513621 0.123687 0.467667 0.147225 0.362380 0.352781 0.408334
0 0.620063 0.539015 0.597132 0.538670 0.601413 0.253730 0.624344 0.254074
0 0.641134 0.515160 0.622609 0.515015 0.624707 0.246522 0.643232 0.246667
0 0.655788 0.493198 0.635373 0.492696 0.641705 0.235054 0.662120 0.235556
0 0.674278 0.464990 0.657740 0.464596 0.663419 0.225903 0.679958 0.226296
0 0.691078 0.442922 0.674082 0.442417 0.680800 0.216532 0.697796 0.217037
0 0.705320 0.419128 0.690196 0.418686 0.696314 0.209188 0.711438 0.209630
