0 0.679925 0.905351 0.246427 0.905351 0.246427 0.062378 0.679925 0.062378
0 0.979375 0.285267 0.942935 0.285267 0.942935 0.002908 0.979375 0.002908
0 0.918143 0.257338 0.889671 0.257338 0.889671 0.004324 0.918143 0.004324
0 0.870975 0.229617 0.844205 0.229617 0.844205 0.004178 0.870975 0.004178
0 0.999219 0.308283 0.973092 0.308283 0.973092 0.010049 0.999219 0.010049
0 0.893485 0.236662 0.867083 0.236662 0.867083 0.002700 0.893485 0.002700
0 0.946386 0.270661 0.913990 0.270661 0.913990 0.003751 0.946386 0.003751
0 0.848615 0.219001 0.825315 0.219001 0.825315 0.002239 0.848615 0.002239
0 0.829866 0.210632 0.806324 0.210632 0.806324 0.002624 0.829866 0.002624
0 0.792063 0.187051 0.771167 0.187051 0.771167 0.000967 0.792063 0.000967
0 0.809951 0.199003 0.786931 0.199003 0.786931 0.001642 0.809951 0.001642
0 0.775472 0.178132 0.755218 0.178132 0.755218 0.001801 0.775472 0.001801
0 0.759401 0.169544 0.739147 0.169544 0.739147 0.000000 0.759401 0.000000
0 0.749579 0.169544 0.729325 0.169544 0.729325 0.000000 0.749579 0.000000
0 0.736186 0.158431 0.715932 0.158431 0.715932 0.000000 0.736186 0.000000
0 0.722793 0.158431 0.702539 0.158431 0.702539 0.000000 0.722793 0.000000
0 0.713865 0.144140 0.693611 0.144140 0.693611 0.000000 0.713865 0.000000
0 0.704044 0.144140 0.683789 0.144140 0.683789 0.000000 0.704044 0.000000
0 0.687500 0.144140 0.667290 0.143198 0.674012 -0.000942 0.694222 -0.000000
0 0.687972 0.144140 0.667718 0.144140 0.667718 0.000000 0.687972 0.000000
0 0.680357 0.144140 0.660147 0.143198 0.666869 -0.000942 0.687079 0.000000
0 0.673214 0.144140 0.653004 0.143198 0.659726 -0.000942 0.679936 0.000000
0 0.657919 0.128991 0.593750 0.128260 0.595220 -0.000731 0.659389 0.000000
