0 0.674549 0.481266 0.490606 0.271206 0.529529 0.237123 0.713471 0.447183
0 0.387784 0.647113 0.241779 0.501108 0.252909 0.489979 0.398913 0.635983
0 0.569823 0.564328 0.391597 0.353679 0.427121 0.323623 0.605347 0.534272
0 0.406007 0.639368 0.262621 0.495982 0.272638 0.485964 0.416024 0.629351
0 0.429401 0.643471 0.272921 0.486991 0.287390 0.472522 0.443870 0.629002
0 0.453036 0.638169 0.292627 0.477760 0.306725 0.463662 0.467133 0.624071
0 0.606698 0.544219 0.428473 0.333570 0.463996 0.303514 0.642222 0.514163
0 0.640394 0.512620 0.462167 0.301971 0.497691 0.271915 0.675917 0.482564
0 0.550506 0.598563 0.362855 0.402559 0.395057 0.371730 0.582708 0.567734
0 0.506077 0.607407 0.337646 0.431959 0.369792 0.401099 0.538223 0.576547
0 0.470740 0.638552 0.302310 0.463104 0.334456 0.432244 0.502886 0.607692
