0 0.997596 0.773738 0.920974 0.773738 0.920974 0.103666 0.997596 0.103666
0 0.066209 0.954455 0.010908 0.091426 0.345841 0.069964 0.401142 0.932993
0 0.823269 0.787466 0.821766 0.099365 0.916466 0.099159 0.917969 0.787260
0 0.730149 0.812807 0.728617 0.111385 0.823317 0.111178 0.824849 0.812600
0 0.617180 0.837043 0.606530 0.115853 0.719651 0.114183 0.730302 0.835373
0 0.521334 0.874399 0.494919 0.128562 0.603966 0.124699 0.630381 0.870537
0 0.404147 0.905950 0.365518 0.138009 0.480769 0.132211 0.519398 0.900152
0 0.088642 0.519832 -0.000000 0.519832 0.000000 0.000000 0.088642 0.000000
0 0.094052 0.518587 0.043753 0.001883 0.139004 -0.007389 0.189303 0.509315
0 0.142728 0.126202 0.118943 0.005295 0.233970 -0.017333 0.257755 0.103574
0 0.241887 0.105168 0.229739 0.002585 0.343922 -0.010936 0.356070 0.091647
0 0.327524 0.094651 0.324865 0.000244 0.431535 -0.002761 0.434195 0.091647
0 0.404147 0.090144 0.401332 0.000088 0.497486 -0.002917 0.500301 0.087139
