0 0.115845 0.772489 -0.063703 0.696005 0.015206 0.510765 0.194753 0.587248
0 0.267157 0.634723 -0.017419 0.601022 0.000839 0.446849 0.285414 0.480550
0 0.404429 0.869426 0.351673 0.869426 0.351673 0.384857 0.404429 0.384857
0 0.052886 0.859922 -0.000000 0.859922 0.000000 0.691694 0.052886 0.691694
0 0.452243 0.799829 0.401093 0.799829 0.401093 0.347244 0.452243 0.347244
0 0.497523 0.729609 0.454165 0.729609 0.454165 0.328945 0.497523 0.328945
0 0.534890 0.671435 0.501188 0.671435 0.501188 0.306143 0.534890 0.306143
0 0.563601 0.629439 0.532723 0.629439 0.532723 0.290679 0.563601 0.290679
0 0.338523 0.537224 0.083161 0.507659 0.096370 0.393573 0.351731 0.423138
0 0.563230 0.587670 0.560219 0.274718 0.588667 0.274444 0.591678 0.587396
0 0.613968 0.553640 0.589717 0.553565 0.590649 0.253999 0.614900 0.254074
0 0.637399 0.524059 0.614900 0.523927 0.616536 0.246534 0.639035 0.246667
0 0.659310 0.495832 0.636726 0.495770 0.637437 0.235494 0.660021 0.235556
0 0.674875 0.470914 0.654355 0.470578 0.658389 0.224109 0.678909 0.224444
0 0.693478 0.439761 0.672823 0.439457 0.676092 0.216734 0.696747 0.217037
0 0.709113 0.420557 0.692725 0.420143 0.698198 0.203660 0.714585 0.204074
