0 0.217188 0.847222 0.103906 0.847222 0.103906 0.537500 0.217188 0.537500
0 0.521875 0.658333 0.469531 0.658333 0.469531 0.511111 0.521875 0.511111
0 0.579688 0.663889 0.526563 0.663889 0.526563 0.504167 0.579688 0.504167
0 0.100781 0.829167 0.071875 0.829167 0.071875 0.527776 0.100781 0.527776
0 0.078126 0.816667 0.041406 0.816667 0.041406 0.512499 0.078126 0.512499
0 0.052344 0.813890 0.015625 0.813890 0.015625 0.509722 0.052344 0.509722
0 0.018750 0.806944 0.000782 0.806944 0.000782 0.508333 0.018750 0.508333
0 0.348438 0.708333 0.287500 0.708333 0.287500 0.516667 0.348438 0.516667
0 0.285937 0.700000 0.219531 0.700000 0.219531 0.516667 0.285937 0.516667
0 0.372319 0.660409 0.343220 0.660105 0.344785 0.510015 0.373884 0.510318
0 0.382654 0.646825 0.378414 0.517217 0.407366 0.516269 0.411607 0.645878
0 0.416500 0.636359 0.414032 0.508917 0.444196 0.508333 0.446664 0.635775
