0 0.848438 0.998611 0.268750 0.998611 0.268750 0.080556 0.848438 0.080556
0 0.920313 0.230556 0.892969 0.230556 0.892969 0.004167 0.920313 0.004167
0 0.945312 0.243056 0.916406 0.243056 0.916406 0.004167 0.945312 0.004167
0 0.971094 0.255556 0.940624 0.255556 0.940624 0.004167 0.971094 0.004167
0 0.896875 0.219444 0.869531 0.219444 0.869531 0.001389 0.896875 0.001389
0 0.999219 0.277778 0.967187 0.277778 0.967187 0.004167 0.999219 0.004167
0 0.872656 0.206944 0.847656 0.206944 0.847656 0.002778 0.872656 0.002778
0 0.842187 0.191667 0.820312 0.191667 0.820312 0.002778 0.842187 0.002778
0 0.858593 0.193056 0.836718 0.193056 0.836718 0.004167 0.858593 0.004167
0 0.820759 0.163193 0.798884 0.163193 0.798884 0.000000 0.820759 0.000000
0 0.807366 0.163193 0.785491 0.163193 0.785491 0.000000 0.807366 0.000000
0 0.793080 0.156843 0.771205 0.156843 0.771205 0.000000 0.793080 0.000000
0 0.778571 0.150492 0.761384 0.150492 0.761384 0.000000 0.778571 0.000000
0 0.750010 0.142938 0.746357 0.000042 0.761526 -0.000346 0.765179 0.142550
0 0.730137 0.128462 0.728348 -0.000000 0.742854 -0.000202 0.744643 0.128260
0 0.732080 0.132153 0.651786 0.131436 0.652965 -0.000717 0.733259 0.000000
