0 0.696094 0.931771 0.247657 0.931771 0.247657 0.072049 0.696094 0.072049
0 0.929688 0.994271 0.899218 0.994271 0.899218 0.735939 0.929688 0.735939
0 0.957032 0.995660 0.924218 0.995660 0.924218 0.722049 0.957032 0.722049
0 0.857812 0.992882 0.832032 0.992882 0.832032 0.774826 0.857812 0.774826
0 0.989062 0.995660 0.954688 0.995660 0.954688 0.705382 0.989062 0.705382
0 0.817969 0.997049 0.795313 0.997049 0.795313 0.790104 0.817969 0.790104
0 0.879687 0.995660 0.853907 0.995660 0.853907 0.763715 0.879687 0.763715
0 0.904687 0.994271 0.875781 0.994271 0.875781 0.745661 0.904687 0.745661
0 0.999219 0.987326 0.982812 0.987326 0.982812 0.684549 0.999219 0.684549
0 0.835937 0.997049 0.813281 0.997049 0.813281 0.784549 0.835937 0.784549
0 0.800000 0.997049 0.777344 0.997049 0.777344 0.805382 0.800000 0.805382
0 0.780469 0.997049 0.760155 0.997049 0.760155 0.816493 0.780469 0.816493
0 0.753126 0.997050 0.735156 0.997050 0.735156 0.833160 0.753126 0.833160
0 0.767969 0.992882 0.749999 0.992882 0.749999 0.827604 0.767969 0.827604
0 0.737948 0.998437 0.719977 0.998437 0.719977 0.834547 0.737948 0.834547
0 0.710161 0.998717 0.707928 0.854979 0.725893 0.854700 0.728126 0.998438
0 0.716519 0.998438 0.698548 0.998438 0.698548 0.854700 0.716519 0.854700
0 0.707590 0.998438 0.689620 0.998438 0.689620 0.854700 0.707590 0.854700
0 0.678911 0.998717 0.676678 0.854979 0.694643 0.854700 0.696876 0.998438
0 0.676349 0.998755 0.673214 0.875342 0.685706 0.875024 0.688841 0.998437
0 0.669206 0.998755 0.666071 0.875342 0.678563 0.875024 0.681698 0.998437
0 0.659384 0.998755 0.656250 0.875342 0.668742 0.875024 0.671876 0.998438
0 0.671094 0.998438 0.598214 0.998438 0.598214 0.865815 0.671094 0.865815
