0 0.092568 0.637661 -0.048629 0.599302 0.001091 0.416289 0.142288 0.454648
0 0.496602 0.628458 0.465896 0.628458 0.465896 0.204765 0.496602 0.204765
0 0.213201 0.498062 -0.019327 0.455087 0.002938 0.334613 0.235467 0.377588
0 0.524278 0.587526 0.496408 0.587526 0.496408 0.196622 0.524278 0.196622
0 0.433850 0.722413 0.395876 0.722413 0.395876 0.246532 0.433850 0.246532
0 0.358883 0.848782 0.302547 0.848782 0.302547 0.287948 0.358883 0.287948
0 0.399100 0.779105 0.354772 0.779105 0.354772 0.263103 0.399100 0.263103
0 0.546789 0.546712 0.523453 0.546712 0.523453 0.183941 0.546789 0.183941
0 0.465480 0.677228 0.430364 0.677228 0.430364 0.235482 0.465480 0.235482
0 0.287557 0.432641 0.032156 0.385397 0.049741 0.290333 0.305142 0.337577
0 0.560681 0.529169 0.543337 0.528767 0.551386 0.181450 0.568730 0.181852
0 0.577344 0.505377 0.562183 0.505003 0.570359 0.174070 0.585519 0.174444
0 0.588886 0.471447 0.573677 0.470681 0.589198 0.162567 0.604407 0.163333
0 0.603439 0.450748 0.590599 0.450200 0.603110 0.157229 0.615950 0.157778
0 0.616672 0.428449 0.603778 0.427996 0.613548 0.149917 0.626443 0.150370
0 0.629367 0.404987 0.613851 0.404285 0.625618 0.144113 0.641133 0.144815
0 0.640264 0.388552 0.626443 0.387984 0.636756 0.136840 0.650577 0.137407
0 0.655380 0.378403 0.640714 0.377610 0.653749 0.136614 0.668416 0.137407
0 0.670934 0.362792 0.657462 0.362070 0.669634 0.134834 0.683106 0.135556
0 0.684365 0.353900 0.671539 0.353070 0.686020 0.129170 0.698846 0.130000
0 0.700638 0.347566 0.686044 0.346490 0.702091 0.128924 0.716684 0.130000
0 0.723804 0.233229 0.711228 0.232382 0.718798 0.119894 0.731375 0.120741
