0 0.691899 0.815625 0.586851 0.815625 0.586851 0.244471 0.691899 0.244471
0 0.753253 0.735948 0.681704 0.732449 0.704055 0.275471 0.775604 0.278970
0 0.800883 0.703198 0.735050 0.700439 0.751929 0.297715 0.817762 0.300474
0 0.831292 0.672083 0.789966 0.668976 0.815534 0.328926 0.856860 0.332033
0 0.605336 1.000000 0.539326 1.000000 0.539326 0.944255 0.605336 0.944255
0 0.698847 1.000000 0.613581 1.000000 0.613581 0.867260 0.698847 0.867260
0 0.759350 1.000000 0.694712 1.000000 0.694712 0.842500 0.759350 0.842500
0 0.808846 1.000000 0.751105 1.000000 0.751105 0.794375 0.808846 0.794375
0 0.841850 1.000000 0.788222 1.000000 0.788222 0.750361 0.841850 0.750361
0 0.876225 0.986899 0.830865 0.986899 0.830865 0.740745 0.876225 0.740745
0 0.902356 0.942885 0.859735 0.942885 0.859735 0.715986 0.902356 0.715986
0 0.918871 0.909880 0.887235 0.909880 0.887235 0.699495 0.918871 0.699495
0 0.945000 0.878245 0.918871 0.878245 0.918871 0.656851 0.945000 0.656851
