0 0.446988 0.415468 0.316157 0.284637 0.331236 0.269559 0.462067 0.400390
0 0.414224 0.475590 0.276399 0.337764 0.291775 0.322387 0.429601 0.460213
0 0.434743 0.436298 0.298829 0.300384 0.314326 0.284887 0.450240 0.420801
0 0.403948 0.494618 0.264602 0.355273 0.278948 0.340927 0.418294 0.480273
0 0.425759 0.457679 0.290402 0.322322 0.305465 0.307259 0.440822 0.442616
0 0.861800 0.606076 0.773076 0.306950 1.003713 0.238541 1.092437 0.537667
0 0.826939 0.606419 0.690253 0.585945 0.735345 0.284915 0.872031 0.305389
0 0.680933 0.638120 0.562197 0.621193 0.602820 0.336244 0.721556 0.353171
0 0.548345 0.648106 0.474789 0.623809 0.558604 0.370067 0.632161 0.394364
0 0.769193 0.939583 0.397558 0.608742 0.425420 0.577445 0.797054 0.908285
0 0.746779 0.961520 0.354115 0.609909 0.379460 0.581605 0.772124 0.933216
0 0.694790 0.952411 0.314153 0.610348 0.335680 0.586394 0.716317 0.928457
0 0.636914 0.930444 0.283488 0.617838 0.300514 0.598588 0.653941 0.911194
0 0.578980 0.907298 0.248882 0.623866 0.266356 0.603515 0.596454 0.886947
0 0.539545 0.893037 0.227871 0.615256 0.240776 0.600777 0.552449 0.878558
0 0.489659 0.867214 0.211623 0.620833 0.221850 0.609292 0.499886 0.855673
0 0.388227 0.504482 0.262028 0.381866 0.272694 0.370888 0.398893 0.493504
0 0.351882 0.498865 0.250098 0.404259 0.261628 0.391854 0.363412 0.486460
