0 0.489269 0.738416 0.410474 0.738416 0.410474 0.316274 0.489269 0.316274
0 0.151102 0.811020 0.057262 0.806927 0.077619 0.340132 0.171459 0.344224
0 0.573905 0.736952 0.497671 0.736952 0.497671 0.311481 0.573905 0.311481
0 0.946307 0.785855 0.850235 0.785855 0.850235 0.320037 0.946307 0.320037
0 0.710286 0.750289 0.634389 0.750289 0.634389 0.312163 0.710286 0.312163
0 0.758237 0.753253 0.676715 0.748364 0.703117 0.308051 0.784640 0.312940
0 0.418536 0.748789 0.343824 0.748789 0.343824 0.318258 0.418536 0.318258
0 0.241712 0.803620 0.155072 0.803620 0.155072 0.336186 0.241712 0.336186
0 0.999475 0.805120 0.926833 0.805120 0.926833 0.318682 0.999475 0.318682
0 0.334462 0.779909 0.249541 0.779909 0.249541 0.329831 0.334462 0.329831
0 0.863142 0.765108 0.775436 0.765108 0.775436 0.317719 0.863142 0.317719
0 0.093582 0.806413 0.014527 0.806413 0.014527 0.354450 0.093582 0.354450
0 0.642795 0.740976 0.568412 0.740976 0.568412 0.313257 0.642795 0.313257
