0 0.688864 1.000962 0.354629 0.998438 0.354920 0.959817 0.689156 0.962341
0 0.779065 0.095044 0.428611 0.063237 0.432407 0.021405 0.782862 0.053212
0 0.748898 0.153347 0.411983 0.127181 0.415571 0.080981 0.752486 0.107147
0 0.363566 0.954852 0.362509 0.914547 0.685135 0.906086 0.686192 0.946391
0 0.365049 0.901127 0.363992 0.860822 0.686617 0.852361 0.687674 0.892666
0 0.363566 0.844884 0.362509 0.804579 0.685135 0.796118 0.686192 0.836423
0 0.360557 0.794450 0.360117 0.755853 0.657624 0.752465 0.658064 0.791063
0 0.366484 0.747441 0.366045 0.708843 0.663552 0.705456 0.663991 0.744053
0 0.363520 0.702110 0.362826 0.663527 0.645545 0.658443 0.646239 0.697026
0 0.360556 0.660977 0.359840 0.622396 0.639610 0.617199 0.640327 0.655781
0 0.634324 0.613967 0.362039 0.613967 0.362039 0.575353 0.634324 0.575353
0 0.634324 0.574513 0.362039 0.574513 0.362039 0.535898 0.634324 0.535898
0 0.629879 0.534219 0.357593 0.534219 0.357593 0.495604 0.629879 0.495604
0 0.626915 0.497283 0.354629 0.497283 0.354629 0.458668 0.626915 0.458668
0 0.628396 0.459508 0.356110 0.459508 0.356110 0.420893 0.628396 0.420893
0 0.619505 0.422572 0.347219 0.422572 0.347219 0.383957 0.619505 0.383957
0 0.612095 0.388994 0.339809 0.388994 0.339809 0.350379 0.612095 0.350379
0 0.609131 0.317640 0.358687 0.317640 0.358687 0.281543 0.609131 0.281543
0 0.603204 0.279865 0.352759 0.279865 0.352759 0.243768 0.603204 0.243768
