0 0.716160 0.620370 0.667366 0.620370 0.667366 0.335185 0.716160 0.335185
0 0.670514 0.621332 0.619622 0.621332 0.619622 0.333334 0.670514 0.333334
0 0.345226 0.556481 0.322141 0.556481 0.322141 0.336111 0.345226 0.336111
0 0.318993 0.533525 0.307957 0.533409 0.310056 0.333219 0.321092 0.333334
0 0.606926 0.619477 0.556185 0.616706 0.571085 0.343900 0.621826 0.346671
0 0.558237 0.617994 0.507497 0.615223 0.522397 0.342418 0.573137 0.345190
0 0.512067 0.606139 0.472794 0.605279 0.478670 0.337051 0.517943 0.337911
0 0.436738 0.599680 0.429965 0.344124 0.465840 0.343173 0.472613 0.598730
0 0.404950 0.596469 0.398177 0.340912 0.424707 0.340209 0.431480 0.595766
0 0.373609 0.579479 0.369360 0.336429 0.394510 0.335989 0.398759 0.579039
0 0.361176 0.562408 0.338091 0.562408 0.338091 0.342039 0.361176 0.342039
