0 0.000000 0.435912 -0.026763 0.281868 0.141128 0.252699 0.167891 0.406743
0 0.450091 0.646715 0.414247 0.646715 0.414247 0.181793 0.450091 0.181793
0 0.000000 0.497510 -0.011980 0.387810 0.235659 0.360767 0.247639 0.470466
0 0.478769 0.660055 0.447134 0.660055 0.447134 0.236234 0.478769 0.236234
0 0.326962 0.572850 0.269738 0.572850 0.269738 -0.000637 0.326962 -0.000637
0 0.373987 0.591936 0.324717 0.591936 0.324717 0.039641 0.373987 0.039641
0 0.414448 0.615165 0.368896 0.615165 0.368896 0.105628 0.414448 0.105628
0 0.527251 0.686926 0.501639 0.686926 0.501639 0.318885 0.527251 0.318885
0 0.503075 0.677659 0.477397 0.677659 0.477397 0.279230 0.503075 0.279230
0 0.552256 0.699126 0.527608 0.699126 0.527608 0.354361 0.552256 0.354361
0 0.576293 0.712597 0.551265 0.712597 0.551265 0.381576 0.576293 0.381576
0 0.594369 0.717889 0.573617 0.717889 0.573617 0.401400 0.594369 0.401400
0 0.064638 0.313298 -0.000000 0.313298 0.000000 0.114013 0.064638 0.114013
0 0.599753 0.726215 0.592574 0.431979 0.607721 0.431609 0.614900 0.725845
0 0.610321 0.724087 0.608605 0.449719 0.623677 0.449625 0.625394 0.723993
0 0.628092 0.731902 0.618844 0.472061 0.632935 0.471560 0.642183 0.731400
0 0.641351 0.739127 0.635467 0.491213 0.648891 0.490894 0.654774 0.738808
0 0.654571 0.744639 0.648898 0.503068 0.660644 0.502792 0.666317 0.744363
0 0.663295 0.746545 0.657293 0.519369 0.669758 0.519040 0.675761 0.746215
