0 0.657871 0.998438 0.468772 0.998438 0.468772 0.906097 0.657871 0.906097
0 0.513214 1.019697 0.378350 0.998228 0.413864 0.775143 0.548728 0.796612
0 0.737544 0.558517 0.283479 0.558517 0.283479 0.514939 0.737544 0.514939
0 0.807419 0.610343 0.295383 0.610343 0.295383 0.555400 0.807419 0.555400
0 0.894425 0.673249 0.316923 0.673249 0.316923 0.608220 0.894425 0.608220
0 0.682588 0.516735 0.263319 0.516735 0.263319 0.474176 0.682588 0.474176
0 0.367946 0.758672 0.364984 0.697283 0.974143 0.667896 0.977105 0.729284
0 0.413888 0.303579 0.149550 0.294393 0.150106 0.278396 0.414444 0.287582
0 0.393141 0.286790 0.152469 0.276519 0.153069 0.262446 0.393741 0.272717
0 0.373876 0.270840 0.148055 0.259636 0.148623 0.248175 0.374445 0.259380
