0 0.151261 0.680930 -0.031478 0.645134 0.001101 0.478812 0.183840 0.514607
0 0.262090 0.562668 -0.009053 0.519692 0.010073 0.399018 0.281217 0.441994
0 0.484338 0.757261 0.441510 0.757261 0.441510 0.308367 0.484338 0.308367
0 0.398432 0.899219 0.341548 0.899219 0.341548 0.357891 0.398432 0.357891
0 0.443848 0.811546 0.394392 0.811546 0.394392 0.332282 0.443848 0.332282
0 0.584769 0.599341 0.556425 0.599341 0.556425 0.245187 0.584769 0.245187
0 0.345693 0.980719 0.276891 0.980719 0.276891 0.391190 0.345693 0.391190
0 0.556768 0.652505 0.520848 0.652505 0.520848 0.268497 0.556768 0.268497
0 0.519498 0.696844 0.483714 0.696844 0.483714 0.280301 0.519498 0.280301
0 0.590157 0.557618 0.589230 0.243032 0.612802 0.242963 0.613728 0.557548
0 0.616159 0.530935 0.615290 0.230056 0.636387 0.229995 0.637257 0.530874
0 0.654774 0.496851 0.633788 0.496851 0.633788 0.222593 0.654774 0.222593
0 0.673689 0.464545 0.655614 0.464249 0.659784 0.209334 0.677859 0.209630
0 0.688897 0.445525 0.671788 0.444964 0.679638 0.205365 0.696747 0.205926
0 0.702643 0.426177 0.684155 0.425718 0.689802 0.198060 0.708290 0.198519
0 0.712776 0.403776 0.702585 0.403432 0.709642 0.194471 0.719832 0.194815
