0 0.626562 0.997222 0.490625 0.997222 0.490625 0.736111 0.626562 0.736111
0 0.436910 0.989740 0.430090 0.728968 0.465938 0.728031 0.472757 0.988802
0 0.412744 0.982329 0.405923 0.721560 0.441770 0.720622 0.448591 0.981391
0 0.389410 0.973440 0.382591 0.712668 0.418438 0.711731 0.425257 0.972503
0 0.390105 0.957731 0.355882 0.957253 0.359295 0.712920 0.393518 0.713398
0 0.360105 0.944392 0.330863 0.943021 0.341770 0.710247 0.371012 0.711617
0 0.340938 0.936983 0.311696 0.935613 0.322605 0.702839 0.351847 0.704209
0 0.324270 0.928092 0.295030 0.926722 0.305937 0.693947 0.335178 0.695317
0 0.300896 0.918250 0.275105 0.916236 0.291770 0.702839 0.317561 0.704853
0 0.284270 0.913272 0.264865 0.912343 0.275105 0.698392 0.294510 0.699320
0 0.270105 0.905861 0.250698 0.904932 0.260938 0.690983 0.280344 0.691912
0 0.254270 0.899933 0.234865 0.899005 0.245105 0.685055 0.264510 0.685984
0 0.242605 0.891042 0.223198 0.890113 0.233438 0.676164 0.252844 0.677093
0 0.227605 0.885114 0.208198 0.884185 0.218437 0.670236 0.237844 0.671165
