0 0.181211 0.611825 -0.030332 0.564417 -0.000000 0.429072 0.211543 0.476481
0 0.432060 0.887338 0.373810 0.887338 0.373810 0.365432 0.432060 0.365432
0 0.044687 0.689414 -0.035061 0.668667 -0.000000 0.533899 0.079748 0.554646
0 0.483617 0.792965 0.434459 0.792965 0.434459 0.342461 0.483617 0.342461
0 0.373431 0.961796 0.306011 0.961796 0.306011 0.381440 0.373431 0.381440
0 0.562261 0.680117 0.524029 0.680117 0.524029 0.305205 0.562261 0.305205
0 0.525140 0.725167 0.484882 0.725167 0.484882 0.318538 0.525140 0.318538
0 0.289547 0.535317 0.055997 0.483169 0.078727 0.381371 0.312277 0.433519
0 0.591218 0.658180 0.560746 0.658180 0.560746 0.288854 0.591218 0.288854
0 0.595470 0.589479 0.593838 0.280117 0.615950 0.280000 0.617582 0.589363
0 0.641719 0.550987 0.618258 0.550949 0.618721 0.266999 0.642183 0.267037
0 0.655480 0.530559 0.640923 0.530202 0.647563 0.259273 0.662120 0.259630
0 0.673644 0.506946 0.657377 0.506482 0.664740 0.248055 0.681007 0.248518
0 0.687130 0.486307 0.671144 0.485744 0.679711 0.242400 0.695698 0.242963
0 0.706596 0.456582 0.688772 0.456106 0.694664 0.235080 0.712487 0.235556
0 0.715586 0.443162 0.703352 0.442682 0.711795 0.227668 0.724029 0.228148
