0 0.003778 0.605297 -0.028562 0.474715 0.204806 0.416919 0.237146 0.547501
0 0.000000 0.516726 -0.044021 0.357342 0.075181 0.324419 0.119203 0.483803
0 0.393296 0.632322 0.329102 0.632322 0.329102 0.082067 0.393296 0.082067
0 0.447718 0.649814 0.392908 0.649814 0.392908 0.172638 0.447718 0.172638
0 0.493777 0.670000 0.448673 0.670000 0.448673 0.252271 0.493777 0.252271
0 0.532609 0.690926 0.491639 0.690926 0.491639 0.308093 0.532609 0.308093
0 0.566541 0.712590 0.534745 0.712590 0.534745 0.340395 0.566541 0.340395
0 0.116702 0.637067 0.091513 0.541546 0.300519 0.486430 0.325708 0.581951
0 0.566461 0.724038 0.565994 0.405257 0.596594 0.405212 0.597062 0.723993
0 0.623505 0.736956 0.598321 0.736956 0.598321 0.439332 0.623505 0.439332
0 0.621784 0.742770 0.618468 0.467488 0.639916 0.467230 0.643232 0.742512
0 0.637067 0.753715 0.636097 0.489718 0.661149 0.489626 0.662120 0.753623
0 0.661971 0.761545 0.654564 0.517875 0.671502 0.517360 0.678909 0.761030
0 0.677880 0.770873 0.670514 0.546031 0.688332 0.545447 0.695698 0.770289
0 0.690977 0.781629 0.688143 0.566777 0.705455 0.566549 0.708290 0.781401
