0 0.134388 0.682361 0.058669 0.682361 0.058669 0.277816 0.134388 0.277816
0 0.702940 0.710149 0.630144 0.710149 0.630144 0.322274 0.702940 0.322274
0 0.579762 0.714867 0.510857 0.714867 0.510857 0.331165 0.579762 0.331165
0 0.820286 0.705959 0.780665 0.280331 0.871354 0.271888 0.910975 0.697517
0 0.890922 0.706694 0.841155 0.263460 0.937671 0.252624 0.987437 0.695857
0 0.766755 0.704497 0.690989 0.704497 0.690989 0.307454 0.766755 0.307454
0 0.408309 0.706767 0.339900 0.706767 0.339900 0.325237 0.408309 0.325237
0 0.838939 0.701764 0.753703 0.701764 0.753703 0.291153 0.838939 0.291153
0 0.284185 0.697732 0.214381 0.697732 0.214381 0.301526 0.284185 0.301526
0 0.642277 0.715072 0.572349 0.715072 0.572349 0.328201 0.642277 0.328201
0 0.063327 0.680422 0.000018 0.680422 0.000018 0.252624 0.063327 0.252624
0 0.345648 0.704146 0.275930 0.704146 0.275930 0.310418 0.345648 0.310418
0 0.222182 0.698066 0.149214 0.698066 0.149214 0.296365 0.222182 0.296365
0 0.465632 0.711692 0.397348 0.711692 0.397348 0.329683 0.465632 0.329683
0 0.520956 0.715050 0.453292 0.715050 0.453292 0.332647 0.520956 0.332647
0 0.999475 0.690198 0.966883 0.690198 0.966883 0.251809 0.999475 0.251809
