0 0.675611 0.900914 0.242754 0.900914 0.242754 0.068207 0.675611 0.068207
0 0.968130 0.287953 0.933764 0.287953 0.933764 0.004935 0.968130 0.004935
0 0.939865 0.271058 0.907389 0.271058 0.907389 0.003994 0.939865 0.003994
0 0.998928 0.310057 0.962832 0.310057 0.962832 0.003058 0.998928 0.003058
0 0.911165 0.257869 0.881737 0.257869 0.881737 0.006681 0.911165 0.006681
0 0.862291 0.230947 0.836215 0.230947 0.836215 0.005419 0.862291 0.005419
0 0.885904 0.241126 0.857750 0.241126 0.857750 0.005203 0.885904 0.005203
0 0.821217 0.211146 0.798473 0.211146 0.798473 0.000310 0.821217 0.000310
0 0.841766 0.220007 0.817522 0.220007 0.817522 0.002171 0.841766 0.002171
0 0.803525 0.198137 0.780359 0.198137 0.780359 0.000000 0.803525 0.000000
0 0.753573 0.172369 0.734851 0.172369 0.734851 0.000921 0.753573 0.000921
0 0.783682 0.187729 0.762056 0.187729 0.762056 0.000000 0.783682 0.000000
0 0.738350 0.162922 0.720930 0.162922 0.720930 0.001985 0.738350 0.001985
0 0.725850 0.160937 0.708430 0.160937 0.708430 0.000000 0.725850 0.000000
0 0.713350 0.147315 0.695930 0.147315 0.695930 0.000000 0.713350 0.000000
0 0.703528 0.147315 0.686109 0.147315 0.686109 0.000000 0.703528 0.000000
0 0.691921 0.147315 0.674502 0.147315 0.674502 0.000000 0.691921 0.000000
0 0.680357 0.131437 0.662957 0.130852 0.667378 -0.000585 0.684778 0.000000
0 0.674107 0.131437 0.656707 0.130852 0.661128 -0.000585 0.678528 0.000000
0 0.666964 0.131437 0.649564 0.130852 0.653985 -0.000585 0.671385 0.000000
0 0.657143 0.136201 0.588683 0.135445 0.590187 -0.000756 0.658647 0.000000
