0 0.910085 0.679868 0.843453 0.679868 0.843453 0.320741 0.910085 0.320741
0 0.983222 0.702839 0.903998 0.702839 0.903998 0.333333 0.983222 0.333333
0 0.687839 0.628000 0.630652 0.628000 0.630652 0.324074 0.687839 0.324074
0 0.852582 0.669444 0.791722 0.669444 0.791722 0.322222 0.852582 0.322222
0 0.735059 0.635410 0.676296 0.635410 0.676296 0.326852 0.735059 0.326852
0 0.643769 0.616882 0.596025 0.616882 0.596025 0.323148 0.643769 0.323148
0 0.604943 0.599099 0.551953 0.599099 0.551953 0.322222 0.604943 0.322222
0 0.997913 0.707407 0.975878 0.707407 0.975878 0.335185 0.997913 0.335185
0 0.522048 0.594654 0.460663 0.594654 0.460663 0.314814 0.522048 0.314814
0 0.565070 0.594654 0.522572 0.594654 0.522572 0.321296 0.565070 0.321296
0 0.475878 0.601852 0.432856 0.601852 0.432856 0.321296 0.475878 0.321296
