0 0.638221 0.946154 0.116587 0.946154 0.116587 0.920914 0.638221 0.920914
0 0.651442 0.914904 0.105769 0.914904 0.105769 0.887259 0.651442 0.887259
0 0.674279 0.896875 0.097356 0.896875 0.097356 0.864423 0.674279 0.864423
0 0.692909 0.871635 0.088341 0.871635 0.088341 0.843990 0.692909 0.843990
0 0.713341 0.851803 0.089543 0.851803 0.089543 0.822957 0.713341 0.822957
0 0.740385 0.830168 0.079327 0.830168 0.079327 0.791707 0.740385 0.791707
0 0.765625 0.800721 0.070913 0.800721 0.070914 0.770673 0.765625 0.770673
0 0.783654 0.779687 0.064904 0.779687 0.064904 0.738822 0.783654 0.738822
0 0.997596 0.555228 -0.013634 0.527815 -0.000000 0.024880 1.011230 0.052293
0 0.984075 0.607812 -0.001795 0.577436 -0.000000 0.519171 0.985870 0.549547
0 0.920504 0.652997 -0.002120 0.612226 0.000000 0.564243 0.922624 0.605013
0 0.893464 0.691866 0.014557 0.655809 0.016527 0.607813 0.895433 0.643870
0 0.862149 0.724937 0.029817 0.694889 0.031550 0.646875 0.863882 0.676923
0 0.821214 0.746635 0.035495 0.735810 0.036058 0.694952 0.821777 0.705777
