0 0.769950 1.000000 0.254520 1.000000 0.254520 0.073538 0.769950 0.073538
0 0.975777 0.275790 0.941329 0.275790 0.941329 0.003859 0.975777 0.003859
0 0.896330 0.230683 0.869588 0.230683 0.869588 0.004344 0.896330 0.004344
0 0.999433 0.292485 0.970169 0.292485 0.970169 0.003831 0.999433 0.003831
0 0.946044 0.255155 0.916258 0.255155 0.916258 0.004267 0.946044 0.004267
0 0.919391 0.246253 0.892103 0.246253 0.892103 0.005198 0.919391 0.005198
0 0.873300 0.219900 0.848278 0.219900 0.848278 0.003546 0.873300 0.003546
0 0.816663 0.188745 0.795415 0.188745 0.795415 0.000154 0.816663 0.000154
0 0.852167 0.208822 0.830001 0.208822 0.830001 0.000417 0.852167 0.000417
0 0.833431 0.202282 0.811225 0.202282 0.811225 0.000421 0.833431 0.000421
0 0.799422 0.180535 0.779142 0.180535 0.779142 0.000632 0.799422 0.000632
0 0.780153 0.169515 0.760271 0.169515 0.760271 0.001451 0.780153 0.001451
