0 0.695788 0.978891 0.315398 0.978891 0.315398 0.897332 0.695788 0.897332
0 0.688378 0.913125 0.313775 0.913125 0.313775 0.833351 0.688378 0.833351
0 0.672077 0.277272 0.310755 0.277272 0.310755 0.208468 0.672077 0.208468
0 0.703871 0.040300 0.318667 0.040300 0.318667 -0.001038 0.703871 -0.001038
0 0.680969 0.218899 0.314261 0.218899 0.314261 0.146666 0.680969 0.146666
0 0.692824 0.101077 0.320177 0.101077 0.320177 0.021478 0.692824 0.021478
0 0.683932 0.162397 0.316971 0.162397 0.316971 0.087441 0.683932 0.087441
0 0.689195 0.434624 0.316219 0.434624 0.316219 0.372069 0.689195 0.372069
0 0.686896 0.551280 0.313516 0.551280 0.313516 0.487742 0.686896 0.487742
0 0.689860 0.779101 0.311627 0.779101 0.311627 0.703551 0.689860 0.703551
0 0.691342 0.840978 0.312973 0.840978 0.312973 0.761170 0.691342 0.761170
0 0.676523 0.334464 0.310479 0.334464 0.310479 0.262536 0.676523 0.262536
0 0.706064 0.998348 0.317438 0.998348 0.317438 0.961315 0.706064 0.961315
0 0.680969 0.385345 0.312911 0.385345 0.312911 0.318777 0.680969 0.318777
0 0.692824 0.721899 0.310101 0.721899 0.310101 0.648932 0.692824 0.648932
0 0.688378 0.491858 0.314727 0.491858 0.314727 0.429207 0.688378 0.429207
0 0.686896 0.612251 0.312646 0.612251 0.312646 0.544404 0.686896 0.544404
