0 0.914171 0.680993 0.861905 0.676243 0.892294 0.341858 0.944560 0.346608
0 0.147035 0.716176 0.078164 0.716176 0.078164 0.351697 0.147035 0.351697
0 0.642628 0.645037 0.583670 0.645037 0.583670 0.338842 0.642628 0.338842
0 0.859514 0.676655 0.805297 0.671228 0.838501 0.339548 0.892718 0.344976
0 0.206996 0.705803 0.139482 0.705803 0.139482 0.350174 0.206996 0.350174
0 0.761385 0.644663 0.699818 0.639941 0.723192 0.335166 0.784759 0.339888
0 0.317178 0.689501 0.253599 0.689501 0.253599 0.342834 0.317178 0.342834
0 0.556306 0.648001 0.497457 0.648001 0.497457 0.335986 0.556306 0.335986
0 0.688486 0.640592 0.628632 0.640592 0.628632 0.339444 0.688486 0.339444
0 0.819728 0.646246 0.764859 0.642879 0.783626 0.337073 0.838494 0.340440
0 0.735331 0.640592 0.673473 0.640592 0.673473 0.339588 0.735331 0.339588
0 0.265574 0.701356 0.199822 0.701356 0.199822 0.346404 0.265574 0.346404
0 0.087261 0.732477 0.013098 0.732477 0.013098 0.357770 0.087261 0.357770
0 0.598416 0.645037 0.540373 0.645037 0.540373 0.337750 0.598416 0.337750
0 0.512212 0.653929 0.446426 0.653929 0.446426 0.334112 0.512212 0.334112
0 0.369827 0.674675 0.306128 0.674675 0.306128 0.342452 0.369827 0.342452
0 0.417704 0.667266 0.356798 0.667266 0.356798 0.338745 0.417704 0.338745
0 0.463313 0.658374 0.403948 0.658374 0.403948 0.334618 0.463313 0.334618
0 0.999376 0.691486 0.932292 0.691486 0.932292 0.351306 0.999376 0.351306
