0 0.857626 0.998611 0.268618 0.998611 0.268618 0.084042 0.857626 0.084042
0 0.978689 0.258494 0.946043 0.258494 0.946043 0.006131 0.978689 0.006131
0 0.999219 0.274956 0.972574 0.274956 0.972574 0.006006 0.999219 0.006006
0 0.950219 0.244671 0.920341 0.244671 0.920341 0.005058 0.950219 0.005058
0 0.923575 0.231618 0.895305 0.231618 0.895305 0.004382 0.923575 0.004382
0 0.880802 0.213780 0.856172 0.213780 0.856172 0.002681 0.880802 0.002681
0 0.900342 0.222165 0.875086 0.222165 0.875086 0.003486 0.900342 0.003486
0 0.843123 0.189133 0.821800 0.189133 0.821800 0.003501 0.843123 0.003501
0 0.826757 0.178636 0.805711 0.178636 0.805711 0.002338 0.826757 0.002338
0 0.859858 0.199294 0.837358 0.199294 0.837358 0.002606 0.859858 0.002606
0 0.806250 0.167957 0.789643 0.167692 0.792322 -0.000265 0.808929 0.000000
0 0.792857 0.167957 0.776250 0.167692 0.778929 -0.000265 0.795536 0.000000
0 0.744643 0.128263 0.730674 0.128064 0.732497 0.000000 0.746466 0.000199
0 0.732143 0.128262 0.656250 0.128262 0.656250 0.000000 0.732143 0.000000
