0 0.392969 0.998611 0.051563 0.998611 0.051563 0.112500 0.392969 0.112500
0 0.743749 0.998611 0.399219 0.998611 0.399219 0.108333 0.743749 0.108333
0 0.782813 0.998611 0.739843 0.998611 0.739843 0.109722 0.782813 0.109722
0 0.817968 0.998611 0.772656 0.998611 0.772656 0.105556 0.817968 0.105556
0 0.846094 0.998611 0.808594 0.998611 0.808594 0.100000 0.846094 0.100000
0 0.869532 0.998611 0.837501 0.998611 0.837501 0.105556 0.869532 0.105556
0 0.899999 0.977778 0.861718 0.977778 0.861718 0.083333 0.899999 0.083333
0 0.923438 0.980897 0.885157 0.980897 0.885157 0.080556 0.923438 0.080556
0 0.919027 0.963462 0.915179 0.071103 0.942829 0.070984 0.946678 0.963342
0 0.943100 0.936467 0.939279 0.071221 0.966071 0.071103 0.969892 0.936349
0 0.964528 0.912650 0.960707 0.047405 0.987500 0.047286 0.991321 0.912532
