0 0.598486 0.523245 0.463173 0.523245 0.463173 0.242716 0.598486 0.242716
0 0.957747 0.099330 0.914648 0.033967 0.956652 0.006271 0.999751 0.071634
0 0.901375 0.106199 0.858276 0.040835 0.900259 0.013152 0.943358 0.078516
0 0.863829 0.096109 0.820730 0.030746 0.862733 0.003050 0.905832 0.068413
0 0.801766 0.094202 0.758653 0.028818 0.800637 0.001135 0.843750 0.066518
0 0.742553 0.099924 0.699454 0.034561 0.741437 0.006878 0.784536 0.072242
0 0.688108 0.098969 0.645009 0.033606 0.687012 0.005910 0.730111 0.071273
0 0.627007 0.098023 0.583895 0.032640 0.625878 0.004957 0.668990 0.070340
0 0.570751 0.101747 0.533021 0.033116 0.577110 0.008878 0.614840 0.077509
0 0.487860 0.092325 0.450142 0.023716 0.494231 -0.000522 0.531949 0.068087
0 0.398410 0.092225 0.375299 0.009453 0.452167 -0.012010 0.475278 0.070763
0 0.380072 0.094447 0.291274 0.094447 0.291274 0.003726 0.380072 0.003726
0 0.295096 0.082043 0.212957 0.082043 0.212957 0.000000 0.295096 0.000000
0 0.183365 0.085865 0.094543 0.085865 0.094543 0.000000 0.183365 0.000000
0 0.094543 0.070577 0.003822 0.070577 0.003822 0.000000 0.094543 0.000000
0 0.820945 0.533484 0.727936 0.289917 0.834920 0.249064 0.927929 0.492631
0 0.675877 0.538027 0.582859 0.294437 0.689844 0.253584 0.782862 0.497173
0 0.471418 0.544687 0.319615 0.544687 0.319615 0.232812 0.471418 0.232812
0 0.322909 0.543029 0.147981 0.543029 0.147981 0.232812 0.322909 0.232812
0 0.177692 0.549639 0.004423 0.549639 0.004423 0.229495 0.177692 0.229495
