0 0.454378 0.732009 0.379379 0.732009 0.379379 0.359322 0.454378 0.359322
0 0.231389 0.707812 0.156620 0.707812 0.156620 0.332647 0.231389 0.332647
0 0.291540 0.712486 0.215746 0.712486 0.215746 0.340057 0.291540 0.340057
0 0.808615 0.721271 0.725266 0.721271 0.725266 0.328201 0.808615 0.328201
0 0.999475 0.702822 0.916879 0.702822 0.916879 0.258550 0.999475 0.258550
0 0.507950 0.737764 0.432656 0.737764 0.432656 0.359322 0.507950 0.359322
0 0.170602 0.695873 0.096612 0.695873 0.096612 0.316346 0.170602 0.316346
0 0.875835 0.715792 0.781529 0.715792 0.781529 0.305973 0.875835 0.305973
0 0.743520 0.721167 0.664994 0.721167 0.664994 0.340163 0.743520 0.340163
0 0.560780 0.731629 0.486112 0.731629 0.486112 0.363767 0.560780 0.363767
0 0.671960 0.727563 0.597624 0.727563 0.597624 0.351912 0.671960 0.351912
0 0.400761 0.722355 0.323658 0.722355 0.323658 0.353394 0.400761 0.353394
0 0.111575 0.690061 0.037773 0.690061 0.037773 0.303009 0.111575 0.303009
0 0.052113 0.689029 0.000222 0.689029 0.000222 0.300045 0.052113 0.300045
0 0.540802 0.732014 0.519723 0.369626 0.594963 0.365250 0.616042 0.727638
0 0.273407 0.716371 0.261904 0.351196 0.333263 0.348949 0.344766 0.714124
