0 0.703784 0.465988 0.502128 0.264331 0.536630 0.229829 0.738286 0.431485
0 0.670704 0.500428 0.467059 0.296783 0.503045 0.260797 0.706690 0.464442
0 0.414496 0.664922 0.258671 0.509097 0.274995 0.492773 0.430820 0.648598
0 0.388152 0.658638 0.248080 0.515597 0.255966 0.507875 0.396038 0.650916
0 0.622576 0.542013 0.440209 0.338574 0.478048 0.304655 0.660414 0.508094
0 0.587099 0.575393 0.404734 0.371955 0.442572 0.338035 0.624938 0.541474
0 0.555529 0.592900 0.370019 0.399079 0.398397 0.371917 0.583908 0.565738
0 0.526075 0.614437 0.340580 0.438520 0.365276 0.412480 0.550770 0.588397
0 0.501327 0.634643 0.315832 0.458726 0.334094 0.439470 0.519589 0.615387
0 0.467152 0.644790 0.292285 0.475933 0.309758 0.457838 0.484625 0.626696
0 0.429966 0.657835 0.274141 0.502010 0.290465 0.485687 0.446289 0.641512
