0 0.664843 0.894444 0.234374 0.894444 0.234374 0.065276 0.664843 0.065276
0 0.994531 0.331944 0.955469 0.331944 0.955469 0.001389 0.994531 0.001389
0 0.963281 0.297224 0.925781 0.297224 0.925781 0.001389 0.963281 0.001389
0 0.932031 0.281944 0.896875 0.281944 0.896875 0.001389 0.932031 0.001389
0 0.905469 0.269444 0.872655 0.269444 0.872655 0.001389 0.905469 0.001389
0 0.879687 0.254167 0.850781 0.254167 0.850781 0.001389 0.879687 0.001389
0 0.857031 0.241667 0.828906 0.241667 0.828906 0.001389 0.857031 0.001389
0 0.836719 0.229167 0.807813 0.229167 0.807813 0.001389 0.836719 0.001389
0 0.816407 0.213889 0.792188 0.213889 0.792188 0.001389 0.816407 0.001389
0 0.796875 0.209724 0.772656 0.209724 0.772656 0.001390 0.796875 0.001390
0 0.778906 0.197224 0.757031 0.197224 0.757031 0.001389 0.778906 0.001389
0 0.762500 0.187499 0.739844 0.187499 0.739844 0.001388 0.762500 0.001388
0 0.747656 0.180556 0.728125 0.180556 0.728125 0.001388 0.747656 0.001388
0 0.733594 0.173611 0.714063 0.173611 0.714063 0.001389 0.733594 0.001389
0 0.722656 0.161111 0.703906 0.161111 0.703906 0.001389 0.722656 0.001389
0 0.710156 0.155556 0.691406 0.155556 0.691406 0.002778 0.710156 0.002778
0 0.698437 0.154167 0.682031 0.154167 0.682031 0.001389 0.698437 0.001389
0 0.635157 0.129167 0.573437 0.129167 0.573437 0.001389 0.635157 0.001389
0 0.685045 0.139376 0.669643 0.139376 0.669643 0.000000 0.685045 0.000000
0 0.677009 0.139376 0.661607 0.139376 0.661607 0.000000 0.677009 0.000000
0 0.669866 0.139376 0.654464 0.139376 0.654464 0.000000 0.669866 0.000000
0 0.661830 0.140965 0.646429 0.140965 0.646429 0.001587 0.661830 0.001587
0 0.653794 0.139376 0.638393 0.139376 0.638393 0.000000 0.653794 0.000000
