0 0.298438 0.597222 0.080469 0.597222 0.080469 0.097222 0.298438 0.097222
0 0.996093 0.662501 0.813281 0.662501 0.813281 0.095833 0.996093 0.095833
0 0.582032 0.943056 0.178906 0.943056 0.178906 0.126388 0.582032 0.126388
0 0.820312 0.629167 0.666406 0.629167 0.666406 0.093056 0.820312 0.093056
0 0.515625 0.555556 0.363281 0.555556 0.363281 0.087500 0.515625 0.087500
0 0.050001 0.566667 0.000782 0.566667 0.000782 0.129167 0.050001 0.129167
0 0.628125 0.568056 0.507812 0.568056 0.507812 0.130556 0.628125 0.130556
0 0.341406 0.516666 0.297656 0.516666 0.297656 0.115277 0.341406 0.115277
0 0.376563 0.495834 0.333593 0.495834 0.333593 0.097223 0.376563 0.097223
0 0.099219 0.555555 0.044531 0.555555 0.044531 0.116667 0.099219 0.116667
