0 0.154985 0.679868 0.088353 0.679868 0.088353 0.320741 0.154985 0.320741
0 0.094439 0.702839 0.015215 0.702839 0.015215 0.333333 0.094439 0.333333
0 0.367786 0.628000 0.310598 0.628000 0.310598 0.324074 0.367786 0.324074
0 0.206715 0.669444 0.145855 0.669444 0.145855 0.322222 0.206715 0.322222
0 0.322141 0.635410 0.263379 0.635410 0.263379 0.326852 0.322141 0.326852
0 0.402413 0.616882 0.354669 0.616882 0.354669 0.323148 0.402413 0.323148
0 0.446485 0.599099 0.393494 0.599099 0.393494 0.322222 0.446485 0.322222
0 0.022560 0.707407 0.000524 0.707407 0.000524 0.335185 0.022560 0.335185
0 0.537775 0.594654 0.476390 0.594654 0.476390 0.314814 0.537775 0.314814
0 0.475865 0.594654 0.433368 0.594654 0.433368 0.321296 0.475865 0.321296
0 0.565582 0.601852 0.522560 0.601852 0.522560 0.321296 0.565582 0.321296
