0 0.404447 0.987380 0.037861 0.987380 0.037861 0.041466 0.404447 0.041466
0 0.599760 0.665264 0.503606 0.665264 0.503606 0.370793 0.599760 0.370793
0 0.997596 0.997596 0.931491 0.997596 0.931491 0.533353 0.997596 0.533353
0 0.931490 0.997596 0.865385 0.997596 0.865385 0.504808 0.931490 0.504808
0 0.862380 0.997596 0.796274 0.997596 0.796274 0.486779 0.862380 0.486779
0 0.815805 0.958534 0.754207 0.958534 0.754207 0.470252 0.815805 0.470252
0 0.763191 0.908984 0.701493 0.908365 0.706130 0.446214 0.767828 0.446833
0 0.716647 0.872897 0.666929 0.872366 0.671542 0.440204 0.721260 0.440735
0 0.628056 0.831015 0.626503 0.416205 0.676031 0.416020 0.677584 0.830829
0 0.430916 0.500376 0.429624 0.290090 0.499099 0.289663 0.500391 0.499949
0 0.501529 0.483850 0.500237 0.273564 0.569712 0.273137 0.571004 0.483423
0 0.773515 0.401915 0.770349 0.370261 0.840144 0.363281 0.843310 0.394936
0 0.773515 0.401915 0.770349 0.370261 0.840144 0.363281 0.843310 0.394936
0 0.809573 0.409427 0.806407 0.377773 0.876202 0.370793 0.879368 0.402448
0 0.871527 0.426904 0.857077 0.402821 0.912533 0.369547 0.926983 0.393630
0 0.913594 0.438923 0.899145 0.414840 0.954601 0.381566 0.969051 0.405649
0 0.941524 0.454870 0.924679 0.417362 0.997596 0.384615 1.014441 0.422122
0 0.721447 0.427444 0.712606 0.395950 0.800955 0.371150 0.809796 0.402644
0 0.756002 0.443970 0.747162 0.412476 0.835511 0.387677 0.844351 0.419171
0 0.802576 0.452985 0.793736 0.421491 0.882085 0.396691 0.890926 0.428185
0 0.847649 0.463502 0.838808 0.432008 0.927157 0.407208 0.935998 0.438702
0 0.897228 0.477023 0.888387 0.445529 0.976737 0.420730 0.985577 0.452223
