0 0.124453 0.692465 0.039646 0.692465 0.039646 0.314110 0.124453 0.314110
0 0.055867 0.696911 0.000423 0.696911 0.000423 0.314639 0.055867 0.314639
0 0.857084 0.665791 0.781436 0.665791 0.781436 0.304339 0.857084 0.304339
0 0.306298 0.686537 0.234651 0.686537 0.234651 0.305660 0.306298 0.305660
0 0.796449 0.656899 0.729371 0.656899 0.729371 0.302959 0.796449 0.302959
0 0.917348 0.673489 0.842474 0.673489 0.842474 0.305273 0.917348 0.305273
0 0.739832 0.656899 0.676044 0.656899 0.676044 0.304228 0.739832 0.304228
0 0.527628 0.671718 0.461033 0.671718 0.461033 0.305524 0.527628 0.305524
0 0.363003 0.685056 0.290077 0.685056 0.290077 0.307339 0.363003 0.307339
0 0.689116 0.662827 0.624470 0.662827 0.624470 0.306348 0.689116 0.306348
0 0.248026 0.686537 0.174096 0.686537 0.174096 0.308152 0.248026 0.308152
0 0.584441 0.668755 0.519089 0.668755 0.519089 0.306330 0.584441 0.306330
0 0.189386 0.690983 0.112034 0.690983 0.112034 0.310120 0.189386 0.310120
0 0.999475 0.690524 0.961350 0.690524 0.961350 0.309281 0.999475 0.309281
0 0.978920 0.679648 0.902803 0.679648 0.902803 0.308401 0.978920 0.308401
0 0.638027 0.664308 0.574434 0.664308 0.574434 0.307062 0.638027 0.307062
