0 0.355639 0.603550 0.300412 0.603550 0.300412 0.323680 0.355639 0.323680
0 0.160005 0.643562 0.098354 0.643562 0.098354 0.317880 0.160005 0.317880
0 0.053847 0.643589 0.000470 0.643589 0.000470 0.309060 0.053847 0.309060
0 0.107138 0.642080 0.037399 0.642080 0.037399 0.314666 0.107138 0.314666
0 0.313152 0.616887 0.260904 0.616887 0.260904 0.325386 0.313152 0.325386
0 0.217808 0.634670 0.155524 0.634670 0.155524 0.321543 0.217808 0.321543
0 0.269460 0.625779 0.208700 0.625779 0.208700 0.323324 0.269460 0.323324
0 0.999475 0.814087 0.953835 0.814087 0.953835 0.404843 0.999475 0.404843
0 0.395960 0.600586 0.347774 0.600586 0.347774 0.318760 0.395960 0.318760
0 0.927597 0.787308 0.882089 0.784854 0.901921 0.417207 0.947429 0.419662
0 0.868835 0.778417 0.823327 0.775962 0.843159 0.408316 0.888667 0.410770
0 0.819307 0.751742 0.773799 0.749287 0.793631 0.381641 0.839140 0.384096
0 0.803977 0.700778 0.731774 0.700778 0.731774 0.373554 0.803977 0.373554
