0 0.777837 0.658221 0.611514 0.658221 0.611514 0.050937 0.777837 0.050937
0 0.640962 0.998438 0.507260 0.998438 0.507260 0.701105 0.640962 0.701105
0 0.509639 0.998437 0.418125 0.998437 0.418125 0.670866 0.509639 0.670866
0 0.585240 0.630360 0.477019 0.630360 0.477019 0.143246 0.585240 0.143246
0 0.468990 0.603245 0.399712 0.603245 0.399712 0.178366 0.468990 0.178366
0 0.399447 0.573822 0.333437 0.573822 0.333437 0.232645 0.399447 0.232645
0 0.335745 0.556177 0.284303 0.556177 0.284303 0.261802 0.335745 0.261802
0 0.430529 0.998438 0.346875 0.998438 0.346875 0.643678 0.430529 0.643678
0 0.386010 0.951081 0.310793 0.951081 0.310793 0.616803 0.386010 0.616803
0 0.330745 0.901947 0.274327 0.901947 0.274327 0.603366 0.330745 0.603366
0 0.285990 0.863164 0.240421 0.860456 0.256149 0.595730 0.301718 0.598437
0 0.260631 0.832389 0.216177 0.829981 0.229898 0.576626 0.274352 0.579033
0 0.228891 0.804533 0.194096 0.802465 0.207791 0.571958 0.242586 0.574026
0 0.205459 0.782129 0.179912 0.780880 0.190599 0.562366 0.216146 0.563616
0 0.189901 0.763322 0.165512 0.762599 0.171517 0.560259 0.195906 0.560983
0 0.178687 0.736062 0.152486 0.734919 0.160424 0.553096 0.186625 0.554240
0 0.126707 0.654400 0.105649 0.654400 0.105649 0.528847 0.126707 0.528847
0 0.162957 0.708774 0.136298 0.708774 0.136298 0.545360 0.162957 0.545360
0 0.146683 0.697044 0.127500 0.697044 0.127500 0.532044 0.146683 0.532044
0 0.136827 0.686899 0.120577 0.686899 0.120577 0.522187 0.136827 0.522187
0 0.288053 0.546996 0.250481 0.546996 0.250481 0.280722 0.288053 0.280722
0 0.253942 0.538198 0.225962 0.538198 0.225962 0.294567 0.253942 0.294567
0 0.234471 0.531274 0.206490 0.531274 0.206490 0.311635 0.234471 0.311635
0 0.209495 0.524639 0.183822 0.524639 0.183822 0.318678 0.209495 0.318678
0 0.189591 0.519736 0.166514 0.519736 0.166514 0.327909 0.189591 0.327909
0 0.180649 0.516851 0.157572 0.516851 0.157572 0.336274 0.180649 0.336274
0 0.168822 0.510217 0.146034 0.510217 0.146034 0.345505 0.168822 0.345505
0 0.153534 0.506514 0.135072 0.506514 0.135072 0.349255 0.153534 0.349255
0 0.144014 0.507908 0.125264 0.507908 0.125264 0.351851 0.144014 0.351851
0 0.135937 0.505601 0.113437 0.505601 0.113437 0.361371 0.135937 0.361371
0 0.558558 0.029039 0.437091 0.029039 0.437091 -0.001563 0.558558 -0.001563
0 0.437885 0.073822 0.357861 0.073822 0.357861 -0.001563 0.437885 -0.001563
0 0.350096 0.135841 0.301923 0.135841 0.301923 -0.001563 0.350096 -0.001563
0 0.299567 0.165769 0.263678 0.165769 0.263678 -0.001563 0.299567 -0.001563
0 0.270120 0.202380 0.234952 0.202380 0.234952 -0.001563 0.270120 -0.001563
0 0.250024 0.221827 0.217019 0.221827 0.217019 -0.001563 0.250024 -0.001563
0 0.220601 0.234760 0.195481 0.234760 0.195481 0.009303 0.220601 0.009303
0 0.205529 0.249759 0.181130 0.249759 0.181130 0.036586 0.205529 0.036586
0 0.183990 0.264111 0.164615 0.264111 0.164615 0.068871 0.183990 0.068871
0 0.171803 0.281346 0.154567 0.281346 0.154567 0.096875 0.171803 0.096875
0 0.153630 0.290145 0.142019 0.290145 0.142019 0.114375 0.153630 0.114375
0 0.148654 0.295937 0.133702 0.295937 0.133702 0.132668 0.148654 0.132668
0 0.140337 0.303847 0.123726 0.303847 0.123726 0.150937 0.140337 0.150937
0 0.128726 0.311730 0.117091 0.311730 0.117091 0.170456 0.128726 0.170456
