1 0.648137 0.682618 0.547093 0.286207 0.736190 0.238007 0.837234 0.634418
1 0.437467 0.647525 0.336417 0.251090 0.525538 0.202884 0.626588 0.599319
1 0.223188 0.707113 0.122138 0.310679 0.311235 0.262478 0.412285 0.658913
1 0.005480 0.731331 -0.095564 0.334918 0.071731 0.292275 0.172775 0.688688
1 0.442338 1.022896 0.410505 0.770912 0.604111 0.746454 0.635944 0.998438
1 0.681900 1.015566 0.645840 0.730118 0.839446 0.705660 0.875506 0.991108
1 0.222637 1.022896 0.193229 0.790110 0.386835 0.765652 0.416243 0.998438
1 0.011667 1.019808 -0.018469 0.781265 0.150692 0.759894 0.180827 0.998437
1 0.883341 0.155673 0.655625 0.155673 0.655625 -0.001563 0.883341 -0.001563
1 0.640577 0.169254 0.440913 0.169254 0.440913 -0.001563 0.640577 -0.001563
1 0.416154 0.197307 0.209880 0.197307 0.209880 -0.001563 0.416154 -0.001563
1 0.173582 0.250096 0.000000 0.250096 0.000000 -0.001563 0.173582 -0.001563
