0 0.675781 0.902778 0.240625 0.902778 0.240625 0.066667 0.675781 0.066667
0 0.970313 0.286111 0.936719 0.286111 0.936719 0.004167 0.970313 0.004167
0 0.999219 0.304167 0.965625 0.304167 0.965625 0.004167 0.999219 0.004167
0 0.941407 0.269444 0.908593 0.269444 0.908593 0.004167 0.941407 0.004167
0 0.842969 0.218056 0.818750 0.218056 0.818750 0.002778 0.842969 0.002778
0 0.823438 0.209724 0.800000 0.209724 0.800000 0.001390 0.823438 0.001390
0 0.914062 0.258333 0.883593 0.258333 0.883593 0.004167 0.914062 0.004167
0 0.864062 0.230556 0.838282 0.230556 0.838282 0.005556 0.864062 0.005556
0 0.887500 0.241667 0.858594 0.241667 0.858594 0.005556 0.887500 0.005556
0 0.804687 0.198611 0.782031 0.198611 0.782031 0.001389 0.804687 0.001389
0 0.754687 0.172224 0.735156 0.172224 0.735156 0.001389 0.754687 0.001389
0 0.786719 0.190276 0.765625 0.190276 0.765625 0.001388 0.786719 0.001388
0 0.739062 0.162499 0.721093 0.162499 0.721093 0.001389 0.739062 0.001389
0 0.770312 0.175000 0.750781 0.175000 0.750781 0.004167 0.770312 0.004167
0 0.725893 0.155254 0.709775 0.155092 0.711337 -0.000162 0.727455 0.000000
0 0.715179 0.155254 0.699061 0.155092 0.700623 -0.000162 0.716741 0.000000
0 0.702679 0.155254 0.686561 0.155092 0.688123 -0.000162 0.704241 0.000000
0 0.691964 0.155254 0.675847 0.155092 0.677409 -0.000162 0.693527 0.000000
0 0.684821 0.155254 0.668704 0.155092 0.670266 -0.000162 0.686384 0.000000
0 0.675000 0.155254 0.658882 0.155092 0.660444 -0.000162 0.676562 0.000000
0 0.666964 0.155254 0.650847 0.155092 0.652409 -0.000162 0.668527 0.000000
0 0.654464 0.137789 0.588393 0.137789 0.588393 0.000000 0.654464 0.000000
