0 0.300474 0.706758 0.233128 0.706758 0.233128 0.348949 0.300474 0.348949
0 0.955068 0.689050 0.870026 0.689050 0.870026 0.258550 0.955068 0.258550
0 0.583102 0.709192 0.510937 0.709192 0.510937 0.351912 0.583102 0.351912
0 0.517261 0.722412 0.448369 0.722412 0.448369 0.362286 0.517261 0.362286
0 0.357476 0.708784 0.286578 0.708784 0.286578 0.350430 0.357476 0.350430
0 0.459548 0.720465 0.393153 0.720465 0.393153 0.357839 0.459548 0.357839
0 0.795651 0.699766 0.765946 0.276090 0.847009 0.270406 0.876715 0.694082
0 0.124636 0.690684 0.054881 0.690684 0.054881 0.318157 0.124636 0.318157
0 0.067920 0.689176 0.000167 0.689176 0.000167 0.303009 0.067920 0.303009
0 0.812877 0.696867 0.727077 0.696867 0.727077 0.297053 0.812877 0.297053
0 0.999475 0.686373 0.940070 0.686373 0.940070 0.254126 0.999475 0.254126
0 0.407322 0.715861 0.342357 0.715861 0.342357 0.353394 0.407322 0.353394
0 0.243670 0.702400 0.175508 0.702400 0.175508 0.343021 0.243670 0.343021
0 0.186244 0.696855 0.118678 0.696855 0.118678 0.326719 0.186244 0.326719
0 0.643593 0.706888 0.565199 0.706888 0.565199 0.339250 0.643593 0.339250
