0 0.889668 0.913732 0.544079 0.904615 0.556861 0.420073 0.902450 0.429190
0 0.546017 0.355098 0.362401 0.171482 0.388917 0.144965 0.572533 0.328581
0 0.506836 0.419266 0.317702 0.230132 0.348848 0.198987 0.537982 0.388121
0 0.522464 0.970257 0.287717 0.928984 0.372214 0.448389 0.606961 0.489662
0 0.527845 0.384828 0.343163 0.200146 0.370095 0.173214 0.554777 0.357896
0 0.466993 0.540365 0.249109 0.322481 0.272077 0.299512 0.489962 0.517397
0 0.565358 0.330270 0.384286 0.149198 0.412827 0.120658 0.593898 0.301730
0 0.445985 0.563990 0.232155 0.350159 0.257196 0.325118 0.471027 0.538948
0 0.410770 0.568094 0.219445 0.376769 0.241153 0.355061 0.432479 0.546386
0 0.288466 0.902462 0.176242 0.852562 0.349075 0.463865 0.461300 0.513766
0 0.181383 0.852364 0.108897 0.805767 0.297498 0.512378 0.369984 0.558975
0 0.120430 0.785475 0.075296 0.750449 0.249591 0.525856 0.294726 0.560882
0 0.372991 0.564391 0.211444 0.405552 0.229284 0.387408 0.390831 0.546247
0 0.373728 0.597146 0.199463 0.431950 0.214527 0.416059 0.388793 0.581255
0 0.285186 0.540448 0.186938 0.453181 0.198567 0.440089 0.296815 0.527356
0 0.280965 0.563531 0.182717 0.476264 0.194345 0.463172 0.292594 0.550440
