0 0.107813 0.997222 0.001563 0.997222 0.001563 0.783333 0.107813 0.783333
0 0.156234 0.997923 0.121667 0.997222 0.126283 0.769450 0.160850 0.770150
0 0.187901 0.997923 0.153333 0.997222 0.157949 0.769450 0.192517 0.770150
0 0.216236 0.997888 0.181667 0.997222 0.186339 0.754603 0.220908 0.755269
0 0.250379 0.983101 0.218333 0.982922 0.219621 0.751563 0.251667 0.751742
0 0.270412 0.968230 0.247500 0.968103 0.248755 0.742722 0.271667 0.742850
0 0.270412 0.968230 0.247500 0.968103 0.248755 0.742722 0.271667 0.742850
0 0.268333 0.954767 0.265411 0.739982 0.288330 0.739671 0.291251 0.954455
0 0.287500 0.945875 0.284579 0.731091 0.307497 0.730779 0.310418 0.945563
0 0.305007 0.931152 0.304167 0.728037 0.327494 0.727941 0.328333 0.931056
0 0.325000 0.914753 0.320698 0.729575 0.339090 0.729148 0.343392 0.914326
0 0.339167 0.905861 0.334864 0.720684 0.353255 0.720256 0.357559 0.905434
0 0.351667 0.899933 0.347364 0.714756 0.365755 0.714328 0.370059 0.899506
0 0.351667 0.899933 0.347364 0.714756 0.365755 0.714328 0.370059 0.899506
0 0.365057 0.895505 0.363333 0.719139 0.379166 0.718984 0.380889 0.895350
0 0.375057 0.888094 0.373333 0.711731 0.389166 0.711576 0.390889 0.887939
