0 0.104932 0.782862 -0.000000 0.782862 0.000000 0.561298 0.104932 0.561298
0 0.179481 0.648409 -0.023667 0.614709 0.000000 0.472043 0.203148 0.505743
0 0.384954 0.878902 0.332525 0.878902 0.332525 0.357728 0.384954 0.357728
0 0.511023 0.664218 0.480199 0.664218 0.480199 0.273283 0.511023 0.273283
0 0.424629 0.810292 0.382149 0.810292 0.382149 0.328966 0.424629 0.328966
0 0.457966 0.757277 0.421592 0.757277 0.421592 0.310903 0.457966 0.310903
0 0.258972 0.542826 0.005919 0.479117 0.032782 0.372419 0.285834 0.436128
0 0.566202 0.595494 0.540486 0.595494 0.540486 0.245926 0.566202 0.245926
0 0.341032 0.950526 0.285728 0.950526 0.285728 0.379898 0.341032 0.379898
0 0.484678 0.713156 0.454084 0.713156 0.454084 0.296754 0.484678 0.296754
0 0.541509 0.629506 0.511771 0.629506 0.511771 0.254027 0.541509 0.254027
0 0.589367 0.559413 0.563729 0.559413 0.563729 0.244498 0.589367 0.244498
0 0.604994 0.537954 0.584932 0.537568 0.590641 0.240725 0.610703 0.241111
0 0.622854 0.514047 0.606296 0.513896 0.608835 0.235405 0.625393 0.235556
0 0.636962 0.488967 0.620556 0.488636 0.625776 0.229669 0.642183 0.230000
0 0.652641 0.471248 0.636164 0.470763 0.643544 0.220255 0.660021 0.220741
0 0.666199 0.450482 0.652237 0.450099 0.658651 0.216653 0.672613 0.217037
