0 0.997596 0.539663 0.902644 0.539663 0.902644 0.397837 0.997596 0.397837
0 0.802181 0.912395 0.486779 0.902945 0.499126 0.490863 0.814528 0.500313
0 0.901442 0.541166 0.874099 0.541166 0.874099 0.399339 0.901442 0.399339
0 0.875901 0.536659 0.844051 0.536659 0.844051 0.394832 0.875901 0.394832
0 0.814303 0.446214 0.788431 0.445495 0.789964 0.390324 0.815835 0.391043
0 0.790264 0.435697 0.764392 0.434862 0.765926 0.387320 0.791798 0.388154
0 0.763221 0.429687 0.737349 0.428853 0.738882 0.381310 0.764755 0.382145
0 0.736178 0.431190 0.710305 0.430355 0.711839 0.382812 0.737712 0.383647
0 0.718149 0.426683 0.692277 0.425848 0.693810 0.378305 0.719683 0.379140
0 0.704627 0.423678 0.678755 0.422843 0.680288 0.375300 0.706161 0.376135
0 0.704627 0.423678 0.678755 0.422843 0.680288 0.375300 0.706161 0.376135
0 0.685096 0.417668 0.659224 0.416834 0.660757 0.369291 0.686630 0.370125
0 0.579928 0.401142 0.554055 0.400307 0.555589 0.352764 0.581462 0.353599
