0 1.000000 0.882212 0.917596 0.882212 0.917596 0.092115 1.000000 0.092115
0 0.907692 0.969351 0.703750 0.969351 0.703750 0.187164 0.907692 0.187164
0 0.707692 0.828749 0.517596 0.828749 0.517596 0.222812 0.707692 0.222812
0 0.503750 0.749543 0.386923 0.749543 0.386923 0.252524 0.503750 0.252524
0 0.404736 0.725793 0.309688 0.725793 0.309688 0.274302 0.404736 0.274302
0 0.306370 0.710217 0.242380 0.710217 0.242380 0.324423 0.306370 0.324423
0 0.248125 0.693990 0.176490 0.693990 0.176490 0.331106 0.248125 0.331106
0 0.179351 0.674879 0.133510 0.674879 0.133510 0.361658 0.179351 0.361658
0 0.145937 0.673919 0.096274 0.673919 0.096274 0.391251 0.145937 0.391251
0 0.109639 0.662475 0.068582 0.662475 0.068582 0.401754 0.109639 0.401754
0 0.079087 0.643366 0.049495 0.643366 0.049495 0.403678 0.079087 0.403678
0 0.046611 0.643366 0.011274 0.643366 0.011274 0.424687 0.046611 0.424687
0 0.023702 0.653870 -0.000000 0.653870 0.000000 0.431370 0.023702 0.431370
0 0.677332 0.102355 0.518149 0.102355 0.518149 -0.001563 0.677332 -0.001563
0 0.511803 0.165217 0.392428 0.165217 0.392428 -0.001563 0.511803 -0.001563
0 0.403558 0.207403 0.313630 0.207403 0.313630 -0.001563 0.403558 -0.001563
0 0.333534 0.251177 0.250769 0.251177 0.250769 -0.001563 0.333534 -0.001563
0 0.269087 0.283799 0.196659 0.283799 0.196659 -0.001563 0.269087 -0.001563
0 0.218942 0.309254 0.147308 0.309254 0.147308 -0.001563 0.218942 -0.001563
0 0.166418 0.337115 0.113101 0.337115 0.113101 0.055408 0.166418 0.055408
0 0.126635 0.353028 0.075697 0.353028 0.075697 0.084855 0.126635 0.084855
0 0.095601 0.368942 0.051034 0.368942 0.051034 0.123847 0.095601 0.123847
0 0.063341 0.388365 0.026322 0.388365 0.026322 0.165096 0.063341 0.165096
0 0.032957 0.393629 -0.000000 0.393629 0.000000 0.182716 0.032957 0.182716
0 0.573077 0.998438 0.441755 0.998438 0.441755 0.894086 0.573077 0.894086
0 0.682885 0.998438 0.586611 0.998438 0.586611 0.950600 0.682885 0.950600
0 0.434591 0.998437 0.339111 0.998437 0.339111 0.857475 0.434591 0.857475
0 0.342284 0.997548 0.259519 0.997548 0.259519 0.824062 0.342284 0.824062
0 0.275433 0.998438 0.198245 0.998438 0.198245 0.819279 0.275433 0.819279
0 0.209399 0.995961 0.147308 0.995961 0.147308 0.779496 0.209399 0.779496
0 0.164038 0.996754 0.106731 0.996754 0.106731 0.757212 0.164038 0.757212
0 0.121851 0.997548 0.065361 0.997548 0.065361 0.722188 0.121851 0.722188
0 0.078077 0.979231 0.030337 0.979231 0.030337 0.710265 0.078077 0.710265
0 0.049447 0.950601 0.004880 0.950601 0.004880 0.697525 0.049447 0.697525
0 0.025553 0.922740 -0.000000 0.922740 0.000000 0.692764 0.025553 0.692764
