0 0.149213 0.670602 -0.040771 0.601472 0.012744 0.454401 0.202728 0.523531
0 0.267694 0.557953 -0.000000 0.498338 0.023177 0.394265 0.290871 0.453880
0 0.432695 0.830998 0.389361 0.830998 0.389361 0.340888 0.432695 0.340888
0 0.389469 0.904569 0.338529 0.904569 0.338529 0.366611 0.389469 0.366611
0 0.555889 0.644346 0.523571 0.644346 0.523571 0.267838 0.555889 0.267838
0 0.017292 0.819689 -0.078196 0.780203 0.000000 0.591104 0.095488 0.630590
0 0.494669 0.725825 0.464085 0.725825 0.464085 0.303401 0.494669 0.303401
0 0.584057 0.611844 0.556913 0.611844 0.556913 0.265436 0.584057 0.265436
0 0.346017 0.965103 0.289563 0.965103 0.289563 0.392977 0.346017 0.392977
0 0.522658 0.687584 0.490860 0.687584 0.490860 0.283682 0.522658 0.283682
0 0.466538 0.772633 0.429944 0.772633 0.429944 0.329721 0.466538 0.329721
0 0.608924 0.583231 0.583200 0.583231 0.583200 0.257815 0.608924 0.257815
0 0.625971 0.553600 0.604197 0.552807 0.615162 0.251430 0.636936 0.252222
0 0.645621 0.529429 0.630220 0.529097 0.636226 0.250039 0.651626 0.250370
0 0.658704 0.502914 0.642423 0.502114 0.655283 0.240311 0.671564 0.241111
0 0.676263 0.483834 0.660585 0.483126 0.671625 0.238552 0.687303 0.239259
0 0.691084 0.466086 0.675551 0.465374 0.686460 0.227436 0.701994 0.228148
