0 0.767958 0.431791 0.726302 0.431791 0.726302 0.201142 0.767958 0.201142
0 0.731930 0.435100 0.691434 0.435100 0.691434 0.202420 0.731930 0.202420
0 0.632000 0.441374 0.595078 0.441374 0.595078 0.202480 0.632000 0.202480
0 0.696638 0.436528 0.659002 0.436528 0.659002 0.204448 0.696638 0.204448
0 0.663810 0.439924 0.626948 0.439924 0.626948 0.203147 0.663810 0.203147
0 0.568229 0.453314 0.534141 0.453314 0.534141 0.200641 0.568229 0.200641
0 0.806015 0.433612 0.760891 0.433612 0.760891 0.199269 0.806015 0.199269
0 0.537425 0.458770 0.494583 0.458770 0.494583 0.206130 0.537425 0.206130
0 0.597625 0.442658 0.564945 0.442658 0.564945 0.202608 0.597625 0.202608
0 0.998951 0.999074 0.641550 0.855569 0.786585 0.494358 1.143985 0.637863
0 0.580063 0.842140 0.410432 0.681825 0.680736 0.395813 0.850367 0.556128
0 0.360126 0.688019 0.271249 0.549110 0.588562 0.346086 0.677440 0.484995
0 0.233368 0.547237 0.199879 0.447041 0.514674 0.341824 0.548164 0.442020
0 0.169570 0.453875 0.160504 0.399151 0.446758 0.351730 0.455824 0.406454
0 0.453305 0.406454 0.434645 0.406351 0.435694 0.215083 0.454355 0.215185
0 0.409430 0.356154 0.408801 0.218234 0.427492 0.218149 0.428122 0.356069
0 0.385925 0.360599 0.385296 0.222680 0.403987 0.222594 0.404617 0.360514
