1 0.627212 0.791394 0.479183 0.791394 0.479183 0.224784 0.627212 0.224784
1 0.394832 0.185793 0.313678 0.185793 0.313678 0.000000 0.394832 0.000000
1 0.333558 0.217620 0.272284 0.217620 0.272284 0.000000 0.333558 0.000000
1 0.264327 0.266154 0.215793 0.266154 0.215793 0.000000 0.264327 0.000000
1 0.506250 0.738870 0.414736 0.738870 0.414736 0.260577 0.506250 0.260577
1 0.418702 0.703053 0.346298 0.703053 0.346298 0.301971 0.418702 0.301971
1 0.350264 0.707019 0.300144 0.707019 0.300144 0.342548 0.350264 0.342548
1 0.324808 0.688726 0.263534 0.688726 0.263534 0.377572 0.324808 0.377572
1 0.265913 0.675192 0.230096 0.675192 0.230096 0.383149 0.265913 0.383149
1 0.234087 0.668822 0.200673 0.668822 0.200673 0.405433 0.234087 0.405433
1 0.211803 0.650529 0.181563 0.650529 0.181563 0.404615 0.211803 0.404615
1 0.190312 0.634615 0.161659 0.634615 0.161659 0.421346 0.190312 0.421346
1 0.171298 0.629952 0.151034 0.629952 0.151034 0.430529 0.171298 0.430529
1 0.154255 0.618894 0.138606 0.618894 0.138606 0.436514 0.154255 0.436514
1 0.146899 0.613822 0.125721 0.613822 0.125721 0.434231 0.146899 0.434231
1 0.129856 0.617043 0.112356 0.617043 0.112356 0.444808 0.129856 0.444808
1 0.226106 0.295144 0.190192 0.295144 0.190192 0.043221 0.226106 0.043221
1 0.201250 0.320000 0.171298 0.320000 0.171298 0.092500 0.201250 0.092500
1 0.180986 0.349014 0.155649 0.349014 0.155649 0.133486 0.180986 0.133486
1 0.164856 0.368822 0.139519 0.368822 0.139519 0.175865 0.164856 0.175865
1 0.147813 0.384495 0.128005 0.384495 0.128005 0.205793 0.147813 0.205793
1 0.137236 0.401058 0.116971 0.401058 0.116971 0.223750 0.137236 0.223750
1 0.100841 0.444808 0.083798 0.444808 0.083798 0.311731 0.100841 0.311731
1 0.107740 0.439279 0.092091 0.439279 0.092091 0.290072 0.107740 0.290072
1 0.115577 0.430072 0.101755 0.430072 0.101755 0.270721 0.115577 0.270721
1 0.124784 0.419495 0.107284 0.419495 0.107284 0.255072 0.124784 0.255072
1 0.103534 0.648678 0.075288 0.648678 0.075288 0.597524 0.103534 0.597524
