0 0.156515 0.690983 0.080676 0.690983 0.080676 0.309198 0.156515 0.309198
0 0.330380 0.660981 0.256808 0.660981 0.256808 0.290465 0.330380 0.290465
0 0.792593 0.661951 0.709833 0.661951 0.709833 0.280505 0.792593 0.280505
0 0.654840 0.645048 0.582496 0.645048 0.582496 0.270663 0.654840 0.270663
0 0.938291 0.708770 0.830305 0.708770 0.830305 0.291666 0.938291 0.291666
0 0.215178 0.680609 0.141068 0.680609 0.141068 0.305779 0.215178 0.305779
0 0.858050 0.683578 0.770800 0.683578 0.770800 0.282097 0.858050 0.282097
0 0.716912 0.652457 0.641130 0.652457 0.641130 0.273577 0.716912 0.273577
0 0.093615 0.705803 0.015350 0.705803 0.015350 0.318267 0.093615 0.318267
0 0.384207 0.653572 0.310099 0.653572 0.310099 0.285570 0.384207 0.285570
0 0.438317 0.644681 0.364033 0.644681 0.364033 0.283798 0.438317 0.283798
0 0.599846 0.642084 0.526093 0.642084 0.526093 0.271708 0.599846 0.271708
0 0.274819 0.676164 0.198933 0.676164 0.198933 0.297005 0.274819 0.297005
0 0.495197 0.643566 0.418229 0.643566 0.418229 0.274419 0.495197 0.274419
0 0.544293 0.639120 0.470473 0.639120 0.470473 0.271362 0.544293 0.271362
0 0.033421 0.711730 0.000015 0.711730 0.000015 0.323193 0.033421 0.323193
