0 0.981370 0.450361 0.941707 0.450361 0.941707 0.366226 0.981370 0.366226
0 0.981971 0.437139 0.888221 0.437139 0.888221 0.326562 0.981971 0.326562
0 0.980168 0.444351 0.921274 0.444351 0.921274 0.319351 0.980168 0.319351
0 0.960938 0.427524 0.853966 0.427524 0.853966 0.304928 0.960938 0.304928
0 0.935096 0.424519 0.836538 0.424519 0.836538 0.291106 0.935096 0.291106
0 0.917067 0.413101 0.799279 0.413101 0.799279 0.276082 0.917067 0.276082
0 0.884615 0.394471 0.771635 0.394471 0.771635 0.261058 0.884615 0.261058
0 0.853966 0.375240 0.734976 0.375240 0.734976 0.212981 0.853966 0.212981
0 0.827524 0.370433 0.708534 0.370433 0.708534 0.193750 0.827524 0.193750
0 0.800481 0.354808 0.682692 0.354808 0.682692 0.166106 0.800481 0.166106
0 0.782452 0.336178 0.640625 0.336178 0.640625 0.153486 0.782452 0.153486
0 0.758413 0.335577 0.626202 0.335577 0.626202 0.118029 0.758413 0.118029
0 0.574519 0.328966 0.461538 0.328966 0.461538 0.081370 0.574519 0.081370
0 0.683293 0.343389 0.528245 0.343389 0.528245 0.042909 0.683293 0.042909
0 0.532452 0.319952 0.431490 0.319952 0.431490 0.056731 0.532452 0.056731
0 0.326322 0.331971 0.111178 0.331971 0.111178 0.006250 0.326322 0.006250
0 0.344351 0.315745 0.225361 0.315745 0.225361 0.008053 0.344351 0.008053
0 0.391226 0.319351 0.281851 0.319351 0.281851 0.000841 0.391226 0.000841
0 0.433293 0.307933 0.396034 0.307933 0.396034 0.000841 0.433293 0.000841
0 0.242788 0.328966 0.055288 0.328966 0.055288 0.000841 0.242788 0.000841
