0 0.664843 0.894444 0.234374 0.894444 0.234374 0.065277 0.664843 0.065277
0 1.000000 0.331945 0.960938 0.331945 0.960938 0.001389 1.000000 0.001389
0 0.965625 0.298611 0.928125 0.298611 0.928125 0.001389 0.965625 0.001389
0 0.935937 0.283333 0.900781 0.283333 0.900781 0.001389 0.935937 0.001389
0 0.907032 0.269445 0.874218 0.269445 0.874218 0.001389 0.907032 0.001389
0 0.882031 0.254167 0.853125 0.254167 0.853125 0.001389 0.882031 0.001389
0 0.860157 0.244445 0.832032 0.244445 0.832032 0.004167 0.860157 0.004167
0 0.838281 0.229167 0.809375 0.229167 0.809375 0.001389 0.838281 0.001389
0 0.818751 0.216667 0.794532 0.216667 0.794532 0.004167 0.818751 0.004167
0 0.799219 0.208333 0.774999 0.208333 0.774999 0.001389 0.799219 0.001389
0 0.782031 0.198611 0.760156 0.198611 0.760156 0.001389 0.782031 0.001389
0 0.765625 0.187499 0.742969 0.187499 0.742969 0.001388 0.765625 0.001388
0 0.749999 0.180555 0.730468 0.180555 0.730468 0.001388 0.749999 0.001388
0 0.737499 0.173611 0.717969 0.173611 0.717969 0.001389 0.737499 0.001389
0 0.724219 0.161111 0.705469 0.161111 0.705469 0.001389 0.724219 0.001389
0 0.712500 0.155556 0.693750 0.155556 0.693750 0.002778 0.712500 0.002778
0 0.699219 0.152777 0.682813 0.152777 0.682813 0.001389 0.699219 0.001389
0 0.635157 0.129167 0.573437 0.129167 0.573437 0.001389 0.635157 0.001389
