0 0.761796 0.665528 0.415594 0.665528 0.415594 0.449321 0.761796 0.449321
0 0.978323 0.816440 0.608605 0.816440 0.608605 0.516580 0.978323 0.516580
0 0.733515 0.441346 0.692342 0.441346 0.692342 0.203265 0.733515 0.203265
0 0.800259 0.442020 0.761009 0.442020 0.761009 0.205454 0.800259 0.205454
0 0.766825 0.442020 0.726170 0.442020 0.726170 0.203786 0.766825 0.203786
0 0.635051 0.563885 0.307806 0.563885 0.307806 0.407083 0.635051 0.407083
0 0.838370 0.436953 0.794500 0.436953 0.794500 0.204256 0.838370 0.204256
0 0.665437 0.447948 0.628501 0.447948 0.628501 0.203980 0.665437 0.203980
0 0.696481 0.443502 0.659217 0.443502 0.659217 0.204555 0.696481 0.204555
0 0.634020 0.452394 0.599896 0.452394 0.599896 0.206235 0.634020 0.206235
0 0.603989 0.446302 0.573477 0.446302 0.573477 0.205938 0.603989 0.205938
0 0.576545 0.447434 0.546403 0.447434 0.546403 0.207272 0.576545 0.207272
0 0.999225 0.995836 0.883873 0.995836 0.883873 0.579864 0.999225 0.579864
0 0.978248 0.442121 0.931920 0.442121 0.931920 0.209365 0.978248 0.209365
