0 0.891010 0.958582 0.835600 0.958582 0.835600 0.637716 0.891010 0.637716
0 0.912020 0.897476 0.872861 0.897476 0.872861 0.617668 0.912020 0.617668
0 0.938750 0.865962 0.902452 0.865962 0.902452 0.595697 0.938750 0.595697
0 0.694903 0.670240 0.590649 0.670240 0.590649 0.133077 0.694903 0.133077
0 0.758557 0.625673 0.684543 0.625673 0.684543 0.164904 0.758557 0.164904
0 0.811082 0.615337 0.758557 0.615337 0.758557 0.204712 0.811082 0.204712
0 0.861225 0.578726 0.804712 0.578726 0.804712 0.227788 0.861225 0.227788
0 0.901803 0.575553 0.855649 0.575553 0.855649 0.254038 0.901803 0.254038
0 0.931250 0.558029 0.889063 0.558029 0.889063 0.267572 0.931250 0.267572
0 0.956706 0.555649 0.922499 0.555649 0.922499 0.277909 0.956706 0.277909
0 0.974231 0.548486 0.952740 0.548486 0.952740 0.300192 0.974231 0.300192
0 0.997620 0.537740 0.971274 0.537740 0.971274 0.310937 0.997620 0.310937
0 0.555168 1.000000 0.409519 1.000000 0.409519 0.808317 0.555168 0.808317
0 0.662597 1.000000 0.571082 1.000000 0.571082 0.730337 0.662597 0.730337
0 0.735793 1.000000 0.659400 1.000000 0.659400 0.705649 0.735793 0.705649
0 0.789783 1.000000 0.736298 1.000000 0.736298 0.676875 0.789783 0.676875
0 0.839423 1.000000 0.784999 1.000000 0.784999 0.658726 0.839423 0.658726
0 0.961658 0.832548 0.923462 0.832548 0.923462 0.588077 0.961658 0.588077
0 0.992236 0.789567 0.964520 0.789567 0.964520 0.566106 0.992236 0.566106
0 0.956899 1.000000 0.915817 1.000000 0.915817 0.908942 0.956899 0.908942
0 0.927283 1.000000 0.884302 1.000000 0.884302 0.951899 0.927283 0.951899
