1 0.208437 0.460192 0.175216 0.460192 0.175216 0.200072 0.208437 0.200072
1 0.190096 0.459062 0.155721 0.459062 0.155721 0.212668 0.190096 0.212668
1 0.111034 0.471659 0.086971 0.471659 0.086971 0.247067 0.111034 0.247067
1 0.177500 0.453317 0.131659 0.453317 0.131659 0.213822 0.177500 0.213822
1 0.141971 0.463654 0.112188 0.463654 0.112188 0.232163 0.141971 0.232163
1 1.000000 1.000000 0.818077 1.000000 0.818077 0.769615 1.000000 0.769615
1 0.803197 1.000000 0.643894 1.000000 0.643894 0.727212 0.803197 0.727212
1 0.976226 0.680216 0.795168 0.680216 0.795168 0.000000 0.976226 0.000000
1 0.632452 1.000000 0.528149 1.000000 0.528149 0.689399 0.632452 0.689399
1 0.521274 1.000000 0.442212 1.000000 0.442212 0.664183 0.521274 0.664183
1 0.757356 0.585120 0.610673 0.585120 0.610673 0.000000 0.757356 0.000000
1 0.443365 0.998798 0.386058 0.998798 0.386058 0.637837 0.443365 0.637837
1 0.602644 0.548438 0.476587 0.548438 0.476587 0.051106 0.602644 0.051106
1 0.387212 0.944952 0.326466 0.944952 0.326466 0.606875 0.387212 0.606875
1 0.327620 0.891082 0.279495 0.891082 0.279495 0.595433 0.327620 0.595433
1 0.280625 0.862428 0.243966 0.862428 0.243966 0.595433 0.280625 0.595433
1 0.225625 0.792524 0.184375 0.792524 0.184375 0.547308 0.225625 0.547308
1 0.480024 0.526659 0.397524 0.526659 0.397524 0.074014 0.480024 0.074014
1 0.190096 0.754712 0.156875 0.754712 0.156875 0.533534 0.190096 0.533534
1 0.281779 0.480841 0.237091 0.480841 0.237091 0.165697 0.281779 0.165697
1 0.395240 0.518654 0.335649 0.518654 0.335649 0.118702 0.395240 0.118702
1 0.237091 0.475096 0.195841 0.475096 0.195841 0.188606 0.237091 0.188606
1 0.335649 0.483125 0.277188 0.483125 0.277188 0.141635 0.335649 0.141635
