1 0.790889 0.915241 0.576995 0.915241 0.576995 0.127308 0.790889 0.127308
1 0.573173 0.831202 0.431827 0.831202 0.431827 0.222787 0.573173 0.222787
1 0.407956 0.768173 0.307692 0.768173 0.307692 0.284880 0.407956 0.284880
1 0.329663 0.723294 0.243702 0.723294 0.243702 0.304928 0.329663 0.304928
1 0.261852 0.693678 0.190241 0.693678 0.190241 0.327838 0.261852 0.327838
1 0.210287 0.680313 0.156803 0.680313 0.156803 0.358389 0.210287 0.358389
1 0.170169 0.668845 0.124352 0.668845 0.124352 0.366995 0.170169 0.366995
1 0.129111 0.650720 0.083269 0.650720 0.083269 0.385144 0.129111 0.385144
1 0.128511 0.998798 0.099119 0.736763 0.142906 0.731851 0.172298 0.993886
1 0.165809 1.005180 0.128192 0.748423 0.174215 0.741681 0.211831 0.998438
1 0.191089 1.005783 0.150290 0.761985 0.194270 0.754625 0.235069 0.998423
1 0.252308 0.998438 0.198822 0.998438 0.198822 0.784303 0.252308 0.784303
1 0.287644 0.998438 0.241803 0.998438 0.241803 0.813919 0.287644 0.813919
1 0.383125 0.998437 0.299087 0.998437 0.299087 0.858798 0.383125 0.858798
1 0.464303 0.998437 0.373581 0.998437 0.373581 0.858798 0.464303 0.858798
