0 0.554668 0.674682 0.488273 0.674682 0.488273 0.294919 0.554668 0.294919
0 0.912525 0.673200 0.839956 0.673200 0.839956 0.301311 0.912525 0.301311
0 0.217281 0.677646 0.140973 0.677646 0.140973 0.298044 0.217281 0.298044
0 0.088060 0.698393 0.007208 0.698393 0.007208 0.302470 0.088060 0.302470
0 0.846215 0.670236 0.778617 0.670236 0.778618 0.297232 0.846215 0.297232
0 0.153875 0.680609 0.073091 0.680609 0.073091 0.299991 0.153875 0.299991
0 0.269252 0.675541 0.201301 0.675541 0.201301 0.297085 0.269252 0.297085
0 0.438517 0.683573 0.377800 0.683573 0.377800 0.300590 0.438517 0.300590
0 0.325249 0.677646 0.258725 0.677646 0.258725 0.298665 0.325249 0.298665
0 0.998234 0.693947 0.956909 0.693947 0.956909 0.310301 0.998234 0.310301
0 0.973193 0.686537 0.900473 0.686537 0.900473 0.307258 0.973193 0.307258
0 0.776224 0.667272 0.703857 0.667272 0.703857 0.297361 0.776224 0.297361
0 0.382255 0.677834 0.316183 0.677834 0.316183 0.299094 0.382255 0.299094
0 0.497464 0.674682 0.432335 0.674682 0.432335 0.299194 0.497464 0.299194
0 0.616217 0.677646 0.543748 0.677646 0.543748 0.293823 0.616217 0.293823
0 0.025062 0.697083 -0.001038 0.697083 -0.001038 0.304534 0.025062 0.304534
0 0.706856 0.672914 0.668532 0.670236 0.692199 0.331515 0.730523 0.334193
