1 0.912961 0.425890 0.412191 -0.074881 0.522761 -0.185451 1.023532 0.315320
1 0.746043 0.510165 0.311717 0.075839 0.438129 -0.050574 0.872456 0.383752
1 0.618016 0.552286 0.258241 0.192511 0.346562 0.104191 0.706336 0.463965
1 0.519157 0.574994 0.211243 0.267080 0.273641 0.204681 0.581556 0.512596
1 0.455960 0.599301 0.185305 0.328646 0.230688 0.283263 0.501343 0.553918
1 0.392456 0.615756 0.158889 0.382189 0.197814 0.343264 0.431381 0.576831
1 0.360109 0.634980 0.146702 0.421573 0.176720 0.391555 0.390127 0.604962
1 0.323989 0.667327 0.125591 0.468929 0.157955 0.436565 0.356353 0.634963
1 0.290249 0.672953 0.100281 0.482986 0.126526 0.456741 0.316493 0.646708
1 0.268661 0.685157 0.103545 0.520041 0.121835 0.501752 0.286951 0.666867
1 0.246615 0.696869 0.090898 0.541152 0.109664 0.522386 0.265381 0.678103
1 0.226472 0.723606 0.086683 0.583817 0.105432 0.565068 0.245221 0.704857
1 0.208642 0.732053 0.077759 0.601171 0.091357 0.587573 0.222240 0.718456
1 0.194211 0.737205 0.068291 0.611285 0.080173 0.599404 0.206092 0.725323
1 0.172896 0.745295 0.059061 0.631461 0.071130 0.619393 0.184964 0.733227
1 0.159331 0.750191 0.055101 0.645960 0.065844 0.635217 0.170074 0.739448
1 0.152175 0.761495 0.048897 0.658216 0.060201 0.646912 0.163479 0.750191
1 0.041480 0.688024 -0.025445 0.657384 -0.014498 0.633473 0.052427 0.664113
1 1.044932 0.661718 0.889402 0.506188 1.023906 0.371684 1.179435 0.527214
1 0.945257 0.761392 0.769466 0.585601 0.864279 0.490788 1.040070 0.666579
1 0.872337 0.834312 0.660086 0.622062 0.730575 0.551572 0.942826 0.763823
1 0.822091 0.884558 0.581471 0.643938 0.639807 0.585602 0.880427 0.826222
1 0.741981 0.900077 0.503672 0.661769 0.550671 0.614770 0.788979 0.853078
1 0.669587 0.895878 0.453512 0.679803 0.488969 0.644345 0.705045 0.860421
1 0.600934 0.889130 0.406802 0.694999 0.435512 0.666290 0.629643 0.860421
1 0.549158 0.881243 0.375288 0.707373 0.398371 0.684291 0.572241 0.858160
1 0.500782 0.881244 0.335343 0.715804 0.358409 0.692738 0.523849 0.858177
1 0.464203 0.875056 0.314521 0.725374 0.331400 0.708495 0.481082 0.858177
1 0.428542 0.872133 0.285897 0.729487 0.303864 0.711520 0.446509 0.854166
1 0.405085 0.878388 0.269103 0.742406 0.285133 0.726377 0.421114 0.862358
1 0.376937 0.873696 0.250729 0.747488 0.265194 0.733024 0.391402 0.859232
