0 0.107450 0.843621 -0.069969 0.778163 0.013137 0.552911 0.190556 0.618369
0 0.280055 0.674178 -0.016272 0.643671 0.000001 0.485608 0.296327 0.516116
0 0.624750 0.628915 0.594242 0.628915 0.594242 0.228047 0.624750 0.228047
0 0.534224 0.765767 0.490677 0.765767 0.490677 0.292610 0.534224 0.292610
0 0.568937 0.715164 0.530747 0.715164 0.530747 0.261212 0.568937 0.261212
0 0.653234 0.586573 0.625466 0.586573 0.625466 0.211184 0.653234 0.211184
0 0.597260 0.674622 0.564278 0.674622 0.564278 0.235962 0.597260 0.235962
0 0.491696 0.837410 0.438700 0.837410 0.438700 0.338496 0.491696 0.338496
0 0.446476 0.897224 0.389446 0.897224 0.389446 0.356368 0.446476 0.356368
0 0.363940 0.533984 0.084876 0.491616 0.102887 0.372977 0.381952 0.415345
0 0.678196 0.548345 0.651498 0.548345 0.651498 0.198453 0.678196 0.198453
0 0.697220 0.530905 0.674738 0.530905 0.674738 0.192394 0.697220 0.192394
0 0.000000 0.905862 -0.000195 0.754484 0.037743 0.754435 0.037938 0.905813
0 0.712815 0.501054 0.694406 0.500951 0.696177 0.183601 0.714585 0.183704
0 0.727790 0.477395 0.711121 0.477200 0.714706 0.170546 0.731375 0.170741
0 0.741976 0.458228 0.723819 0.457976 0.727909 0.163082 0.746065 0.163333
0 0.755498 0.432904 0.741815 0.432748 0.744974 0.155770 0.758657 0.155926
0 0.764536 0.428558 0.750766 0.428177 0.758528 0.148137 0.772298 0.148519
0 0.777165 0.409251 0.766357 0.409068 0.770934 0.139076 0.781742 0.139259
0 0.786194 0.394490 0.775074 0.394235 0.781115 0.131596 0.792235 0.131852
0 0.796471 0.370828 0.784160 0.370518 0.790417 0.122282 0.802728 0.122593
