0 0.717687 0.888314 0.412410 0.429132 0.590212 0.310924 0.895489 0.770106
0 0.452738 0.424038 0.183474 0.424038 0.183474 0.383187 0.452738 0.383187
0 0.467196 0.451113 0.186094 0.451113 0.186094 0.417646 0.467196 0.417646
0 0.445405 0.389758 0.180171 0.389758 0.180171 0.350645 0.445405 0.350645
0 0.438275 0.356569 0.177866 0.356569 0.177866 0.321845 0.438275 0.321845
0 0.999074 0.697073 0.517794 0.220225 0.764164 -0.028434 1.245443 0.448415
0 0.414594 0.579479 0.205409 0.579479 0.205409 0.544339 0.414594 0.544339
0 0.550419 0.941360 0.397781 0.533385 0.532418 0.483012 0.685056 0.890987
0 0.456243 0.975659 0.376219 0.612175 0.467213 0.592142 0.547237 0.955625
0 0.477569 0.487210 0.196468 0.487210 0.196468 0.453743 0.477569 0.453743
0 0.418357 0.608605 0.213617 0.602775 0.214301 0.578757 0.419041 0.584586
0 0.421320 0.635467 0.216581 0.629638 0.217265 0.605620 0.422004 0.611449
0 0.386358 0.656698 0.227380 0.655001 0.227638 0.630803 0.386617 0.632501
0 0.402659 0.682721 0.243681 0.681024 0.243939 0.656826 0.402917 0.658524
