0 0.294525 0.685056 0.223201 0.685056 0.223201 0.313974 0.294525 0.313974
0 0.120654 0.702839 0.036302 0.702839 0.036302 0.323528 0.120654 0.323528
0 0.181192 0.695429 0.102637 0.695429 0.102637 0.318369 0.181192 0.318369
0 0.237385 0.692465 0.164096 0.692465 0.164096 0.316591 0.237385 0.316591
0 0.827870 0.646168 0.758826 0.646168 0.758826 0.305366 0.827870 0.305366
0 0.053133 0.712131 0.000855 0.712131 0.000855 0.324044 0.053133 0.324044
0 0.461981 0.671718 0.392966 0.671718 0.392966 0.308337 0.461981 0.308337
0 0.937665 0.664350 0.865958 0.664350 0.865958 0.313906 0.937665 0.313906
0 0.407260 0.680609 0.336306 0.680609 0.336306 0.308026 0.407260 0.308026
0 0.878355 0.658024 0.809215 0.658024 0.809215 0.309717 0.878355 0.309717
0 0.348987 0.683573 0.280004 0.683573 0.280004 0.311552 0.348987 0.311552
0 0.515973 0.662452 0.451811 0.662452 0.451811 0.307033 0.515973 0.307033
0 0.664683 0.641723 0.602247 0.641723 0.602247 0.310200 0.664683 0.310200
0 0.565917 0.658006 0.503721 0.658006 0.503721 0.309322 0.565917 0.309322
0 0.615536 0.649132 0.553908 0.649132 0.553908 0.310800 0.615536 0.310800
0 0.720449 0.647651 0.652861 0.647651 0.652861 0.308986 0.720449 0.308986
0 0.998884 0.676605 0.925970 0.676605 0.925970 0.318429 0.998884 0.318429
