0 0.610299 0.265362 0.461392 0.116455 0.487635 0.090213 0.636541 0.239120
0 0.594490 0.287731 0.444937 0.138178 0.467146 0.115970 0.616699 0.265523
0 0.581387 0.310548 0.425391 0.154552 0.445126 0.134816 0.601123 0.290813
0 0.565508 0.330815 0.408099 0.173406 0.429092 0.152413 0.586501 0.309822
0 0.734596 0.875615 0.316002 0.457021 0.348908 0.424116 0.767502 0.842710
0 0.157693 0.755662 -0.058975 0.643973 -0.007691 0.544486 0.208977 0.656176
0 1.005848 0.471314 0.737499 0.454591 0.756303 0.152862 1.024652 0.169585
0 0.712076 0.513364 0.583143 0.464064 0.708887 0.135214 0.837819 0.184514
0 0.836446 0.864082 0.455081 0.442847 0.505914 0.396825 0.887279 0.818061
0 0.802642 0.900814 0.371554 0.466039 0.409104 0.428807 0.840192 0.863582
0 0.684870 0.865803 0.289927 0.474510 0.312209 0.452021 0.707152 0.843313
0 0.514623 0.307753 0.404094 0.190041 0.418207 0.176789 0.528736 0.294501
0 0.121060 0.563889 0.030348 0.476775 0.038693 0.468085 0.129405 0.555200
0 0.131234 0.555152 0.037871 0.472473 0.049239 0.459636 0.142603 0.542315
