0 0.787308 0.367930 0.317518 0.367930 0.317518 0.282189 0.787308 0.282189
0 0.791754 0.465707 0.319471 0.465707 0.319471 0.372598 0.791754 0.372598
0 0.790937 0.327538 0.317904 0.293541 0.324648 0.199698 0.797681 0.233695
0 0.851031 0.104336 0.341594 0.104336 0.341594 -0.000142 0.851031 -0.000142
0 0.793236 0.556180 0.320374 0.556180 0.320374 0.472661 0.793236 0.472661
0 0.796200 0.630404 0.316070 0.630404 0.316070 0.545412 0.796200 0.545412
0 0.830284 0.193764 0.330617 0.193764 0.330617 0.088165 0.830284 0.088165
0 0.861867 0.022581 0.339863 0.022581 0.339863 -0.001038 0.861867 -0.001038
0 0.341980 0.801280 0.339768 0.746601 0.796200 0.728133 0.798412 0.782812
0 0.207778 0.444398 0.207168 0.400797 0.334874 0.399011 0.335484 0.442611
