0 0.335794 0.673570 0.285950 0.673570 0.285950 0.377777 0.335794 0.377777
0 0.703580 0.634259 0.671050 0.634259 0.671050 0.389815 0.703580 0.389815
0 0.729287 0.632407 0.702006 0.632407 0.702006 0.387963 0.729287 0.387963
0 0.750798 0.624074 0.728762 0.624074 0.728762 0.383333 0.750798 0.383333
0 0.765488 0.618518 0.746077 0.618518 0.746077 0.377777 0.765488 0.377777
0 0.212394 0.648378 0.162550 0.648378 0.162550 0.379259 0.212394 0.379259
0 0.386161 0.680980 0.336317 0.680980 0.336317 0.385187 0.386161 0.385187
0 0.432331 0.682461 0.382487 0.682461 0.382487 0.386669 0.432331 0.386669
0 0.436235 0.681223 0.434533 0.385186 0.480261 0.384923 0.481963 0.680960
0 0.500542 0.677786 0.474827 0.386669 0.531861 0.381631 0.557576 0.672748
0 0.551638 0.673570 0.532749 0.394078 0.588996 0.390276 0.607885 0.669769
0 0.598647 0.667643 0.579759 0.388150 0.636006 0.384349 0.654894 0.663841
