1 0.740409 0.063221 0.111298 0.063221 0.111298 -0.001563 0.740409 -0.001563
1 0.715986 0.279326 -0.000000 0.279326 0.000000 0.059855 0.715986 0.059855
1 0.691226 0.419592 0.110385 0.419592 0.110385 0.267765 0.691226 0.267765
1 0.660553 0.545818 0.199880 0.545818 0.199880 0.423438 0.660553 0.423438
1 0.631659 0.631081 0.227380 0.631081 0.227380 0.556826 0.631659 0.556826
1 0.608293 0.702572 0.241130 0.702572 0.241130 0.635193 0.608293 0.635193
1 0.587668 0.754831 0.260385 0.754831 0.260385 0.691586 0.587668 0.691586
1 0.568413 0.800216 0.268630 0.800216 0.268630 0.752092 0.568413 0.752092
1 0.547788 0.834592 0.279639 0.834592 0.279639 0.805721 0.547788 0.805721
1 0.535673 0.863750 0.291971 0.863750 0.291971 0.828942 0.535673 0.828942
1 0.530144 0.896346 0.299712 0.896346 0.299712 0.854350 0.530144 0.854350
1 0.517452 0.927860 0.306346 0.927860 0.306346 0.890841 0.517452 0.890841
1 0.511370 0.947187 0.310745 0.947187 0.310745 0.917908 0.511370 0.917908
1 0.505841 0.972620 0.319591 0.972620 0.319591 0.939471 0.505841 0.939471
1 0.500312 0.992524 0.319038 0.992524 0.319038 0.961009 0.500312 0.961009
1 1.000000 0.283341 0.883437 0.283341 0.883437 0.102283 1.000000 0.102283
1 1.000000 0.427740 0.799784 0.427740 0.799784 0.284496 1.000000 0.284496
1 0.998029 0.551490 0.748197 0.551490 0.748197 0.435770 0.998029 0.435770
1 1.000000 0.629423 0.714976 0.629423 0.714976 0.527427 1.000000 0.527427
1 1.000000 0.694736 0.677163 0.694736 0.677163 0.605361 1.000000 0.605361
1 0.976250 0.744015 0.633606 0.744015 0.633606 0.679855 0.976250 0.679855
1 0.910937 0.773822 0.621010 0.773822 0.621010 0.734856 0.910937 0.734856
1 0.862812 0.818509 0.595793 0.818509 0.595793 0.779544 0.862812 0.779544
1 0.834159 0.849448 0.585481 0.849448 0.585481 0.809350 0.834159 0.809350
1 0.805505 0.875793 0.570577 0.875793 0.570577 0.847163 0.805505 0.847163
1 0.759663 0.907884 0.554543 0.907884 0.554543 0.881539 0.759663 0.881539
1 0.742476 0.936539 0.547668 0.936539 0.547668 0.904447 0.742476 0.904447
1 0.720697 0.951442 0.536202 0.951442 0.536202 0.927379 0.720697 0.927379
1 0.698942 0.965192 0.523606 0.965192 0.523606 0.943414 0.698942 0.943414
1 0.059375 0.500481 -0.000000 0.500481 0.000000 0.398630 0.059375 0.398630
1 0.097572 0.599158 -0.000000 0.599158 0.000000 0.491731 0.097572 0.491731
1 0.123053 0.677163 -0.000000 0.677163 0.000000 0.593606 0.123053 0.593606
1 0.150096 0.745601 -0.000000 0.745601 0.000000 0.673174 0.150096 0.673174
1 0.181947 0.791827 0.000240 0.791827 0.000240 0.731466 0.181947 0.731466
1 0.200529 0.824302 0.000000 0.824302 0.000000 0.779206 0.200529 0.779206
1 0.229687 0.862116 0.004231 0.862116 0.004231 0.820337 0.229687 0.820337
1 0.239639 0.899879 -0.000000 0.899879 0.000000 0.864111 0.239639 0.864111
1 0.247596 0.925770 0.019471 0.925770 0.019471 0.889976 0.247596 0.889976
1 0.256899 0.948991 0.040024 0.948991 0.040024 0.914495 0.256899 0.914495
1 0.262187 0.966226 0.059928 0.966226 0.059928 0.934399 0.262187 0.934399
1 0.278101 0.985456 0.082476 0.985456 0.082476 0.951635 0.278101 0.951635
1 0.274784 0.997404 0.096394 0.997404 0.096394 0.975505 0.274784 0.975505
