0 0.981370 0.632211 0.941707 0.632211 0.941707 0.548077 0.981370 0.548077
0 0.981971 0.671875 0.888221 0.671875 0.888221 0.561298 0.981971 0.561298
0 0.980168 0.679087 0.921274 0.679087 0.921274 0.554087 0.980168 0.554087
0 0.960938 0.693510 0.853966 0.693510 0.853966 0.570913 0.960938 0.570913
0 0.935096 0.707332 0.836538 0.707332 0.836538 0.573918 0.935096 0.573918
0 0.917067 0.722356 0.799279 0.722356 0.799279 0.585337 0.917067 0.585337
0 0.884615 0.737380 0.771635 0.737380 0.771635 0.603966 0.884615 0.603966
0 0.853966 0.785457 0.734976 0.785457 0.734976 0.623197 0.853966 0.623197
0 0.827524 0.804688 0.708534 0.804688 0.708534 0.628005 0.827524 0.628005
0 0.800481 0.832332 0.682692 0.832332 0.682692 0.643630 0.800481 0.643630
0 0.782452 0.844952 0.640625 0.844952 0.640625 0.662260 0.782452 0.662260
0 0.758413 0.880409 0.626202 0.880409 0.626202 0.662861 0.758413 0.662861
0 0.574519 0.917067 0.461538 0.917067 0.461538 0.669471 0.574519 0.669471
0 0.683293 0.955529 0.528245 0.955529 0.528245 0.655048 0.683293 0.655048
0 0.532452 0.941707 0.431490 0.941707 0.431490 0.678486 0.532452 0.678486
0 0.326322 0.992188 0.111178 0.992188 0.111178 0.666466 0.326322 0.666466
0 0.344351 0.990385 0.225361 0.990385 0.225361 0.682692 0.344351 0.682692
0 0.391226 0.997596 0.281851 0.997596 0.281851 0.679087 0.391226 0.679087
0 0.433293 0.997596 0.396034 0.997596 0.396034 0.690505 0.433293 0.690505
0 0.242788 0.997596 0.055288 0.997596 0.055288 0.669471 0.242788 0.669471
