0 0.825238 0.726664 0.805363 0.582805 0.998437 0.556131 1.018312 0.699990
0 0.661540 0.962283 0.612028 0.962283 0.612028 0.412651 0.661540 0.412651
0 0.956540 0.904330 0.895184 0.688019 0.998437 0.658732 1.059793 0.875043
0 0.748199 0.642522 0.728973 0.523528 0.984815 0.482190 1.004041 0.601185
0 0.544497 0.782468 0.514472 0.782468 0.514472 0.344969 0.544497 0.344969
0 0.578051 0.823210 0.540440 0.823210 0.540440 0.374803 0.578051 0.374803
0 0.468248 0.657360 0.441549 0.657360 0.441549 0.309966 0.468248 0.309966
0 0.493824 0.697602 0.467132 0.697602 0.467132 0.320518 0.493824 0.320518
0 0.517504 0.732133 0.490231 0.732133 0.490231 0.333611 0.517504 0.333611
0 0.617149 0.888361 0.575112 0.888361 0.575112 0.388311 0.617149 0.388311
0 0.716881 0.999074 0.659613 0.999074 0.659613 0.437818 0.716881 0.437818
0 0.441538 0.631366 0.418507 0.631366 0.418507 0.301604 0.441538 0.301604
0 0.398437 0.615535 0.396531 0.304337 0.418375 0.304204 0.420280 0.615401
0 0.388201 0.591982 0.380389 0.294815 0.394808 0.294436 0.402619 0.591603
0 0.373146 0.566860 0.364649 0.289259 0.378812 0.288826 0.387309 0.566427
0 0.360666 0.553666 0.348910 0.281852 0.366809 0.281078 0.378565 0.552892
0 0.347882 0.534390 0.336318 0.276296 0.351001 0.275638 0.362565 0.533732
0 0.336130 0.521052 0.324566 0.262959 0.339248 0.262301 0.350813 0.520394
0 0.326389 0.502843 0.315751 0.271227 0.328317 0.270650 0.338955 0.502266
0 0.319674 0.498398 0.309036 0.266781 0.321601 0.266203 0.332239 0.497821
