0 0.070605 0.630730 0.024346 0.630123 0.028541 0.310138 0.074801 0.310745
0 0.339140 0.609486 0.292970 0.609486 0.292970 0.323475 0.339140 0.323475
0 0.026863 0.630988 0.000061 0.630988 0.000061 0.295766 0.026863 0.295766
0 0.761363 0.708381 0.724294 0.705982 0.744596 0.392383 0.781664 0.394783
0 0.125169 0.638139 0.078910 0.637533 0.083106 0.317547 0.129365 0.318154
0 0.178894 0.638139 0.132635 0.637533 0.136831 0.317547 0.183090 0.318154
0 0.378585 0.607101 0.342497 0.606522 0.346862 0.334537 0.382949 0.335116
0 0.423076 0.604137 0.386988 0.603558 0.391353 0.331573 0.427440 0.332152
0 0.465888 0.601174 0.429801 0.600594 0.434007 0.338455 0.470095 0.339034
0 0.503663 0.602656 0.467576 0.602077 0.471783 0.339937 0.507870 0.340516
0 0.807533 0.720236 0.770464 0.717836 0.790766 0.404239 0.827834 0.406639
0 0.862937 0.736538 0.825868 0.734138 0.846170 0.420540 0.883238 0.422940
