0 0.174797 0.922835 0.100811 0.804735 0.290038 0.686189 0.364024 0.804289
0 0.247436 1.032877 0.163406 0.869408 0.258282 0.820637 0.342313 0.984106
0 0.653721 0.844066 0.297683 0.488028 0.337385 0.448326 0.693423 0.804364
0 0.646359 0.757730 0.318690 0.430060 0.352748 0.396002 0.680417 0.723671
0 0.676468 0.956142 0.270986 0.550661 0.317578 0.504070 0.723059 0.909551
0 0.617214 0.544722 0.374694 0.302203 0.396964 0.279933 0.639483 0.522452
0 0.642257 0.623554 0.354820 0.336117 0.379384 0.311554 0.666821 0.598990
0 0.634252 0.677174 0.339312 0.382234 0.368761 0.352785 0.663701 0.647725
0 0.602020 0.487025 0.387729 0.272733 0.407702 0.252760 0.621993 0.467052
0 0.604093 0.451773 0.397702 0.249139 0.416076 0.230425 0.622467 0.433059
0 0.605868 0.414371 0.410972 0.211406 0.425176 0.197767 0.620071 0.400732
0 0.599749 0.378573 0.422847 0.194369 0.435170 0.182534 0.612072 0.366739
0 0.593947 0.346653 0.430865 0.173073 0.441979 0.162631 0.605060 0.336212
0 0.594152 0.325490 0.438121 0.157922 0.448438 0.148315 0.604470 0.315883
0 0.583725 0.299891 0.441482 0.143787 0.452846 0.133432 0.595089 0.289536
0 0.193017 0.823662 0.106441 0.737085 0.275443 0.568083 0.362020 0.654659
