1 0.366431 0.812453 0.336361 0.632764 0.723929 0.567907 0.753999 0.747596
1 0.399412 0.606181 0.369342 0.426492 0.756934 0.361631 0.787004 0.541320
1 0.343306 0.386710 0.313236 0.207021 0.700828 0.142160 0.730898 0.321849
1 0.298763 0.157333 0.272434 -0.000000 0.660002 -0.064857 0.686331 0.092476
1 1.000000 0.163846 0.772909 0.163846 0.772909 0.005433 1.000000 0.005433
1 1.000000 0.398173 0.802620 0.398173 0.802620 0.208389 1.000000 0.208389
1 1.000000 0.644038 0.829014 0.644038 0.829014 0.439423 1.000000 0.439423
1 1.000000 0.886923 0.868293 0.886923 0.868293 0.669087 1.000000 0.669087
1 0.292067 0.878990 -0.000000 0.878990 0.000000 0.675024 0.292067 0.675024
1 0.248486 0.593846 -0.000000 0.593846 0.000000 0.425529 0.248486 0.425529
1 0.234639 0.397813 0.000000 0.397813 0.000000 0.229495 0.234639 0.229495
1 0.224736 0.144327 -0.000000 0.144327 0.000000 0.000000 0.224736 0.000000
