0 0.668818 0.642826 0.609828 0.642826 0.609828 0.341308 0.668818 0.341308
0 0.894062 0.683141 0.840778 0.678925 0.867522 0.340948 0.920806 0.345164
0 0.184305 0.706549 0.118135 0.706549 0.118135 0.344383 0.184305 0.344383
0 0.714901 0.639862 0.654641 0.639862 0.654641 0.343092 0.714901 0.343092
0 0.124552 0.715441 0.055134 0.715441 0.055134 0.347450 0.124552 0.347450
0 0.051626 0.730259 -0.012467 0.728115 0.000163 0.350559 0.064257 0.352703
0 0.489926 0.653200 0.431334 0.653200 0.431334 0.333049 0.489926 0.333049
0 0.956207 0.694545 0.901654 0.690094 0.930048 0.342116 0.984600 0.346568
0 0.761960 0.644308 0.701152 0.644308 0.701152 0.341950 0.761960 0.341950
0 0.335362 0.682838 0.274644 0.680323 0.288706 0.340868 0.349424 0.343383
0 0.582814 0.645790 0.524110 0.645790 0.524110 0.337864 0.582814 0.337864
0 0.840714 0.659128 0.785628 0.654532 0.811810 0.340717 0.866896 0.345313
0 0.234545 0.701396 0.176708 0.700424 0.182683 0.344839 0.240520 0.345811
0 0.789507 0.654682 0.734319 0.650321 0.758937 0.338764 0.814124 0.343125
0 0.294674 0.690372 0.242183 0.690244 0.243032 0.342474 0.295523 0.342602
0 0.623972 0.644308 0.566382 0.644308 0.566382 0.341195 0.623972 0.341195
0 0.398601 0.670982 0.334207 0.670982 0.334207 0.341851 0.398601 0.341851
0 0.538166 0.651718 0.480562 0.651718 0.480562 0.335950 0.538166 0.335950
0 0.999475 0.700002 0.965151 0.700002 0.965151 0.344783 0.999475 0.344783
0 0.433578 0.662525 0.395020 0.662525 0.395020 0.332843 0.433578 0.332843
