0 0.998437 0.718268 0.880914 0.718268 0.880914 0.520217 0.998437 0.520217
0 0.802209 0.613058 0.785216 0.471658 0.998438 0.446034 1.015430 0.587434
0 0.592487 0.762575 0.547068 0.762575 0.547068 0.303641 0.592487 0.303641
0 0.642955 0.823684 0.590124 0.823684 0.590124 0.335014 0.642955 0.335014
0 0.550217 0.710588 0.509697 0.710588 0.509697 0.285038 0.550217 0.285038
0 0.696220 0.899087 0.634550 0.899087 0.634550 0.356751 0.696220 0.356751
0 0.477902 0.618444 0.445759 0.618444 0.445759 0.251901 0.477902 0.251901
0 0.513277 0.671646 0.477487 0.671646 0.477487 0.258014 0.513277 0.258014
0 0.713594 0.514749 0.701481 0.414650 0.955963 0.383855 0.968076 0.483954
0 0.446517 0.579567 0.418045 0.579567 0.418045 0.238991 0.446517 0.238991
0 0.396469 0.530824 0.391932 0.231239 0.412736 0.230924 0.417273 0.530509
0 0.373788 0.498280 0.368847 0.222593 0.388360 0.222243 0.393301 0.497931
0 0.350902 0.471381 0.349959 0.213333 0.369163 0.213263 0.370106 0.471311
0 0.336899 0.446346 0.333170 0.205926 0.350609 0.205655 0.354338 0.446076
0 0.318323 0.418196 0.315332 0.196667 0.332697 0.196432 0.335688 0.417961
0 0.307625 0.402055 0.301690 0.194815 0.315483 0.194420 0.321418 0.401660
