0 0.228332 0.895489 0.110124 0.717687 0.569305 0.412410 0.687513 0.590212
0 0.615250 0.452738 0.574400 0.452738 0.574400 0.183474 0.615250 0.183474
0 0.580791 0.467196 0.547324 0.467196 0.547324 0.186094 0.580791 0.186094
0 0.647792 0.445405 0.608680 0.445405 0.608680 0.180171 0.647792 0.180171
0 0.676593 0.438275 0.641869 0.438275 0.641869 0.177866 0.676593 0.177866
0 0.550023 1.245444 0.301364 0.999074 0.778212 0.517794 1.026871 0.764164
0 0.454098 0.414594 0.418958 0.414594 0.418958 0.205409 0.454098 0.205409
0 0.107450 0.685056 0.057078 0.550419 0.465053 0.397781 0.515425 0.532418
0 0.042812 0.547237 0.022779 0.456243 0.386263 0.376219 0.406296 0.467213
0 0.544695 0.477569 0.511228 0.477569 0.511228 0.196468 0.544695 0.196468
0 0.413851 0.419041 0.389833 0.418357 0.395662 0.213617 0.419681 0.214301
0 0.386988 0.422004 0.362970 0.421320 0.368800 0.216581 0.392818 0.217265
0 0.365937 0.386617 0.341740 0.386358 0.343437 0.227380 0.367634 0.227638
0 0.339914 0.402917 0.315717 0.402659 0.317414 0.243681 0.341611 0.243939
