0 0.464063 0.497222 0.412500 0.497222 0.412500 0.413889 0.464063 0.413889
0 0.607813 0.500000 0.562500 0.500000 0.562500 0.386111 0.607813 0.386111
0 0.910937 0.444444 0.851562 0.444444 0.851562 0.366667 0.910937 0.366667
0 0.704687 0.497222 0.651563 0.497222 0.651563 0.383333 0.704687 0.383333
0 0.715723 0.495381 0.704167 0.495369 0.704277 0.387177 0.715833 0.387189
0 0.723223 0.493898 0.711667 0.493886 0.711777 0.385697 0.723333 0.385708
0 0.733223 0.492417 0.721667 0.492406 0.721777 0.384213 0.733333 0.384225
0 0.741556 0.490934 0.730000 0.490922 0.730111 0.382732 0.741667 0.382744
0 0.750723 0.489453 0.739167 0.489442 0.739277 0.381249 0.750833 0.381261
0 0.759056 0.485009 0.747500 0.484997 0.747612 0.376805 0.759167 0.376817
0 0.768223 0.485009 0.756667 0.484997 0.756777 0.376805 0.768333 0.376817
0 0.776556 0.485009 0.765000 0.484997 0.765112 0.376805 0.776667 0.376817
0 0.783223 0.485009 0.771667 0.484997 0.771777 0.376805 0.783333 0.376817
0 0.789890 0.485009 0.778333 0.484997 0.778443 0.376805 0.790000 0.376817
0 0.799056 0.485009 0.787500 0.484997 0.787612 0.376805 0.799167 0.376817
0 0.805723 0.480562 0.794167 0.480550 0.794277 0.372358 0.805833 0.372369
0 0.813223 0.477598 0.801667 0.477586 0.801777 0.369394 0.813333 0.369406
