0 0.663381 1.033502 0.488388 0.997020 0.522043 0.835583 0.697036 0.872065
0 0.535197 1.004536 0.408081 0.977673 0.462767 0.718899 0.589882 0.745762
0 0.632991 0.458138 0.281099 0.458138 0.281099 0.426303 0.632991 0.426303
0 0.670961 0.496613 0.302389 0.496613 0.302389 0.459265 0.670961 0.459265
0 0.806457 0.593305 0.343215 0.593305 0.343215 0.538499 0.806457 0.538499
0 0.726534 0.537551 0.320754 0.537551 0.320754 0.495624 0.726534 0.495624
0 0.883696 0.649464 0.367122 0.649464 0.367122 0.589974 0.883696 0.589974
0 0.408338 0.723245 0.407778 0.656360 0.960442 0.651730 0.961002 0.718615
0 0.587268 0.423092 0.270592 0.421210 0.270741 0.396129 0.587417 0.398011
0 0.547256 0.398647 0.259557 0.397717 0.259630 0.375143 0.547330 0.376073
0 0.519100 0.373464 0.244752 0.372522 0.244815 0.354156 0.519163 0.355098
0 0.487966 0.355961 0.229725 0.352236 0.230000 0.333170 0.488241 0.336895
0 0.464269 0.336528 0.225978 0.332327 0.226296 0.314282 0.464587 0.318483
0 0.445004 0.320578 0.216651 0.314779 0.217037 0.299592 0.445389 0.305391
0 0.416821 0.302824 0.209134 0.295110 0.209630 0.281753 0.417317 0.289467
