0 0.948497 0.315902 0.519863 0.263334 0.558734 -0.053606 0.987368 -0.001038
0 0.758880 0.583313 0.393757 0.349525 0.546667 0.110715 0.911790 0.344503
0 0.581381 0.703796 0.341127 0.380187 0.489259 0.270211 0.729513 0.593821
0 0.483105 0.780860 0.343804 0.474459 0.452394 0.425090 0.591694 0.731491
0 0.413871 0.875239 0.316065 0.564640 0.402008 0.537577 0.499815 0.848175
0 0.377191 0.929952 0.316432 0.639501 0.378297 0.626559 0.439057 0.917011
0 0.453763 0.178214 0.213180 0.150549 0.217037 0.117010 0.457620 0.144676
0 0.443462 0.214480 0.203570 0.191549 0.206804 0.157724 0.446695 0.180655
0 0.443462 0.253935 0.203570 0.231004 0.206804 0.197178 0.446695 0.220110
0 0.431606 0.365582 0.191715 0.342651 0.194948 0.308826 0.434840 0.331757
0 0.430124 0.397482 0.190233 0.374550 0.193467 0.340725 0.433357 0.363656
0 0.427160 0.428541 0.187269 0.405610 0.190503 0.371785 0.430393 0.394716
0 0.432056 0.459088 0.197867 0.442080 0.199990 0.412854 0.434179 0.429861
0 0.427610 0.489308 0.193422 0.472301 0.195544 0.443074 0.429733 0.460082
0 0.430574 0.521208 0.196385 0.504200 0.198508 0.474973 0.432697 0.491981
0 0.432056 0.554786 0.197867 0.537778 0.199990 0.508551 0.434179 0.525559
0 0.439466 0.580809 0.198266 0.571532 0.199394 0.542194 0.440594 0.551472
0 0.436502 0.609350 0.195302 0.600073 0.196430 0.570736 0.437630 0.580013
0 0.310321 0.705933 0.209761 0.704848 0.209979 0.684655 0.310539 0.685741
0 0.316341 0.678243 0.202358 0.677346 0.202499 0.659481 0.316481 0.660378
