0 0.932875 0.696911 0.869747 0.696911 0.869747 0.375761 0.932875 0.375761
0 0.876009 0.692465 0.817221 0.692465 0.817221 0.374611 0.876009 0.374611
0 0.075390 0.846582 -0.001038 0.846582 -0.001038 0.454811 0.075390 0.454811
0 0.826214 0.685054 0.767911 0.685054 0.767911 0.378646 0.826214 0.378646
0 0.988963 0.701356 0.921835 0.701356 0.921835 0.376441 0.988963 0.376441
0 0.777218 0.677644 0.718300 0.677644 0.718300 0.381420 0.777218 0.381420
0 0.237896 0.760631 0.169102 0.760631 0.169102 0.440160 0.237896 0.440160
0 0.135468 0.821390 0.034719 0.821390 0.034719 0.446983 0.135468 0.446983
0 0.727473 0.665788 0.674314 0.665788 0.674314 0.381139 0.727473 0.381139
0 0.188694 0.781379 0.114168 0.781379 0.114168 0.444421 0.188694 0.444421
0 0.998438 0.707284 0.974805 0.707284 0.974805 0.377667 0.998438 0.377667
