0 0.072115 0.504207 -0.000000 0.504207 0.000000 0.272236 0.072115 0.272236
0 0.154934 0.487370 0.144231 0.280950 0.184609 0.278856 0.195312 0.485276
0 0.756010 0.617188 0.722356 0.617188 0.722356 0.310697 0.756010 0.310697
0 0.735577 0.637620 0.692308 0.637620 0.692308 0.321514 0.735577 0.321514
0 0.709736 0.671875 0.667668 0.671875 0.667668 0.323317 0.709736 0.323317
0 0.679688 0.695312 0.628005 0.695312 0.628005 0.328726 0.679688 0.328726
0 0.126409 0.508015 0.102163 0.307993 0.141019 0.303283 0.165264 0.503305
0 0.657151 0.726863 0.605469 0.726863 0.605469 0.360276 0.657151 0.360276
0 0.602761 0.869377 0.289964 0.800781 0.395588 0.319137 0.708385 0.387733
0 0.749409 0.589209 0.744601 0.304053 0.778245 0.303486 0.783053 0.588642
0 0.798077 0.579627 0.764423 0.579627 0.764423 0.294471 0.798077 0.294471
0 0.813101 0.558594 0.779447 0.558594 0.779447 0.294471 0.813101 0.294471
0 0.818784 0.533394 0.798978 0.533053 0.803533 0.268874 0.823338 0.269216
