0 0.331747 0.913274 -0.000000 0.854868 0.122258 0.160444 0.454005 0.218850
0 0.575421 0.978065 0.228101 0.914916 0.359399 0.192776 0.706719 0.255926
0 0.960848 0.982320 0.510216 0.975962 0.520497 0.247331 0.971128 0.253689
0 0.993089 0.320012 0.720415 0.261311 0.731434 0.210129 1.004107 0.268830
0 0.997596 0.274940 0.800821 0.248107 0.807257 0.200908 1.004032 0.227741
0 0.997596 0.244892 0.869618 0.233763 0.873508 0.189029 1.001486 0.200158
0 0.746695 0.279447 0.474021 0.220747 0.485039 0.169564 0.757713 0.228265
0 0.805289 0.256911 0.563230 0.221574 0.570841 0.169443 0.812899 0.204780
0 0.878906 0.241887 0.636848 0.206550 0.644459 0.154419 0.886517 0.189756
0 0.928268 0.215632 0.682606 0.174112 0.688834 0.137266 0.934495 0.178786
0 0.548897 0.237160 0.320012 0.193810 0.328507 0.148958 0.557392 0.192308
0 0.625774 0.215700 0.417454 0.177674 0.424192 0.140759 0.632512 0.178786
0 0.690377 0.196169 0.482057 0.158143 0.488796 0.121228 0.697115 0.159255
0 0.314776 0.209691 0.106456 0.171664 0.113195 0.134750 0.321514 0.172776
0 0.398911 0.191662 0.190591 0.153635 0.197329 0.116721 0.405649 0.154748
0 0.481543 0.181145 0.273223 0.143119 0.279962 0.106204 0.488281 0.144231
0 0.206603 0.167623 -0.001717 0.129597 0.005022 0.092683 0.213341 0.130709
