1 0.681707 0.379711 0.266418 0.379711 0.266418 0.178942 0.681707 0.178942
1 0.718846 0.587355 0.307692 0.587355 0.307692 0.385192 0.718846 0.385192
1 0.685841 0.799110 0.288438 0.799110 0.288438 0.588725 0.685841 0.588725
1 0.658341 0.998438 0.260937 0.998438 0.260937 0.848629 0.658341 0.848629
1 1.000000 0.237860 0.774038 0.237860 0.774038 -0.001563 1.000000 -0.001563
1 1.000000 0.467717 0.756923 0.467717 0.756923 0.246731 1.000000 0.246731
1 1.000000 0.695841 0.768822 0.695841 0.768822 0.470096 1.000000 0.470096
1 1.000000 0.893077 0.747428 0.893077 0.747428 0.700601 1.000000 0.700601
1 1.000000 0.998438 0.761683 0.998438 0.761683 0.897812 1.000000 0.897812
1 0.253173 0.988124 0.006034 0.988124 0.006034 0.888317 0.253173 0.888317
1 0.222284 0.840793 -0.000000 0.840793 0.000000 0.648318 0.222284 0.648318
1 0.203269 0.648318 -0.000000 0.648318 0.000000 0.432092 0.203269 0.432092
1 0.189014 0.389302 -0.000000 0.389302 0.000000 0.161178 0.189014 0.161178
