0 0.799136 1.054112 0.578523 0.997317 0.625779 0.813758 0.846392 0.870552
0 0.638616 1.013852 0.476105 0.997598 0.505743 0.701271 0.668254 0.717525
0 0.630618 0.407599 0.233142 0.407599 0.233142 0.378894 0.630618 0.378894
0 0.773736 0.512932 0.294625 0.512932 0.294625 0.468705 0.773736 0.468705
0 0.717575 0.472685 0.282316 0.472685 0.282316 0.433606 0.717575 0.433606
0 0.594908 0.378504 0.213791 0.378504 0.213791 0.350859 0.594908 0.350859
0 0.559463 0.351854 0.205846 0.351854 0.205846 0.326659 0.559463 0.326659
0 0.840788 0.564324 0.331290 0.564324 0.331290 0.510965 0.840788 0.510965
0 0.670813 0.436985 0.252267 0.436985 0.252267 0.405847 0.670813 0.405847
0 0.908284 0.614081 0.357023 0.614081 0.357023 0.556326 0.908284 0.556326
0 0.534722 0.327885 0.194172 0.327885 0.194172 0.305833 0.534722 0.305833
0 0.506696 0.898480 0.390747 0.891312 0.407595 0.618794 0.523543 0.625962
0 0.510357 0.313183 0.186833 0.303934 0.187407 0.283852 0.510931 0.293101
0 0.485166 0.296161 0.177630 0.286211 0.178148 0.270211 0.485683 0.280161
0 0.464663 0.276432 0.168666 0.272209 0.168889 0.256570 0.464886 0.260793
0 0.442429 0.263856 0.159311 0.257783 0.159630 0.242929 0.442747 0.249002
0 0.421497 0.254830 0.147936 0.245706 0.148519 0.228238 0.422080 0.237362
0 0.403767 0.242292 0.136718 0.231197 0.137407 0.214597 0.404457 0.225692
0 0.389093 0.227080 0.138958 0.220021 0.139259 0.209350 0.389395 0.216409
0 0.377091 0.220827 0.133221 0.211549 0.133704 0.198857 0.377574 0.208135
0 0.359438 0.208957 0.123903 0.198699 0.124444 0.186265 0.359979 0.196523
