0 0.749213 0.838251 0.706716 0.838251 0.706716 0.602141 0.749213 0.602141
0 0.711962 0.835474 0.669466 0.835474 0.669466 0.599363 0.711962 0.599363
0 0.608079 0.830845 0.565583 0.830845 0.565583 0.594735 0.608079 0.594735
0 0.887722 0.833623 0.845226 0.833623 0.845226 0.597513 0.887722 0.597513
0 0.929696 0.837325 0.887199 0.837325 0.887199 0.601215 0.929696 0.601215
0 0.443337 0.802140 0.400840 0.802140 0.400840 0.566029 0.443337 0.566029
0 0.409759 0.803067 0.367262 0.803067 0.367262 0.566957 0.409759 0.566957
0 0.379328 0.804920 0.344176 0.804920 0.344176 0.545661 0.379328 0.545661
0 0.349423 0.793808 0.314271 0.793808 0.314271 0.520660 0.349423 0.520660
0 0.656867 0.519195 0.522938 0.101438 0.830220 0.002926 0.964149 0.420683
0 0.540638 0.601967 0.328256 0.283354 0.528856 0.149638 0.741238 0.468250
0 0.484916 0.634266 0.193075 0.389709 0.294937 0.268151 0.586779 0.512709
0 0.403472 0.637015 0.069675 0.457877 0.122866 0.358764 0.456663 0.537901
0 0.314625 0.647493 0.012422 0.524494 0.046170 0.441576 0.348374 0.564576
0 0.306401 0.786956 0.284530 0.786592 0.287068 0.634198 0.308938 0.634562
0 0.277859 0.783992 0.255989 0.783628 0.258526 0.631234 0.280397 0.631598
0 0.250157 0.775100 0.228299 0.774843 0.229978 0.632486 0.251836 0.632744
0 0.226653 0.767691 0.204750 0.766971 0.208947 0.639433 0.230850 0.640154
0 0.203148 0.758800 0.181245 0.758079 0.185443 0.630542 0.207345 0.631262
