0 0.462056 0.741368 0.382662 0.741368 0.382662 0.315777 0.462056 0.315777
0 0.674864 0.741739 0.600418 0.741739 0.600418 0.313947 0.674864 0.313947
0 0.747399 0.749148 0.672255 0.749148 0.672255 0.315557 0.747399 0.315557
0 0.304078 0.778417 0.222606 0.778417 0.222606 0.329606 0.304078 0.329606
0 0.609530 0.740256 0.536887 0.740256 0.536887 0.313492 0.609530 0.313492
0 0.822821 0.761004 0.741975 0.761004 0.741975 0.322128 0.822821 0.322128
0 0.898987 0.774341 0.808605 0.774341 0.808605 0.321825 0.898987 0.321825
0 0.213714 0.803609 0.121879 0.803609 0.121879 0.338460 0.213714 0.338460
0 0.392290 0.751742 0.313412 0.751742 0.313412 0.319564 0.392290 0.319564
0 0.543695 0.739887 0.466914 0.739887 0.466914 0.308683 0.543695 0.308683
0 0.985225 0.796569 0.888251 0.796569 0.888251 0.331678 0.985225 0.331678
0 0.138729 0.813982 0.044739 0.813982 0.044739 0.344592 0.138729 0.344592
0 0.999475 0.805248 0.968908 0.805248 0.968908 0.343484 0.999475 0.343484
0 0.075551 0.341249 0.070458 0.246854 0.161175 0.241960 0.166268 0.336355
