1 1.000000 0.980913 0.773630 0.980913 0.773630 0.270889 1.000000 0.270889
1 0.778293 0.960216 0.594038 0.960216 0.594038 0.320793 0.778293 0.320793
1 0.589904 0.943726 0.449639 0.943726 0.449639 0.407428 0.589904 0.407428
1 0.449639 0.895601 0.356130 0.895601 0.356130 0.433558 0.449639 0.433558
1 0.339615 0.868101 0.247500 0.868101 0.247500 0.448678 0.339615 0.448678
1 0.257115 0.844712 0.186995 0.844712 0.186995 0.470673 0.257115 0.470673
1 0.177356 0.819952 0.125096 0.819952 0.125096 0.474808 0.177356 0.474808
1 0.129231 0.799327 0.064591 0.799327 0.064591 0.485793 0.129231 0.485793
1 0.064591 0.782837 0.032981 0.782837 0.032981 0.499543 0.064591 0.499543
1 0.031587 0.778702 0.000000 0.778702 0.000000 0.503678 0.031587 0.503678
1 0.796178 0.228654 0.606394 0.228654 0.606394 0.000000 0.796178 0.000000
1 0.599519 0.271274 0.468894 0.271274 0.468894 0.001755 0.599519 0.001755
1 0.457885 0.294663 0.356130 0.294663 0.356130 0.000000 0.457885 0.000000
1 0.353389 0.326298 0.259880 0.326298 0.259880 0.000000 0.353389 0.000000
1 0.270865 0.335913 0.195240 0.335913 0.195240 0.000000 0.270865 0.000000
1 0.206250 0.373053 0.141611 0.373053 0.141611 0.034760 0.206250 0.034760
1 0.156731 0.395048 0.086611 0.395048 0.086611 0.081514 0.156731 0.081514
1 0.087981 0.397788 0.045337 0.397788 0.045337 0.113149 0.087981 0.113149
1 0.053606 0.426683 0.009591 0.426683 0.009591 0.144760 0.053606 0.144760
