0 0.151875 0.619477 0.083091 0.619477 0.083091 0.299806 0.151875 0.299806
0 0.208504 0.616513 0.143986 0.616513 0.143986 0.301780 0.208504 0.301780
0 0.094886 0.628743 0.023766 0.628743 0.023766 0.296318 0.094886 0.296318
0 0.259984 0.607987 0.199030 0.607987 0.199030 0.307596 0.259984 0.307596
0 0.390519 0.591679 0.339825 0.591679 0.339825 0.315918 0.390519 0.315918
0 0.304433 0.597611 0.247443 0.597611 0.247443 0.312639 0.304433 0.312639
0 0.334313 0.596125 0.277711 0.593329 0.291629 0.311614 0.348231 0.314410
0 0.434834 0.586587 0.387626 0.586587 0.387626 0.317509 0.434834 0.317509
0 0.726338 0.690968 0.681903 0.687407 0.707030 0.373836 0.751465 0.377397
0 0.772508 0.705787 0.728073 0.702226 0.753200 0.388656 0.797635 0.392216
0 0.825393 0.742835 0.781052 0.739893 0.803568 0.400511 0.847909 0.403453
0 0.884155 0.776920 0.837471 0.773572 0.863383 0.412201 0.910067 0.415549
0 0.950472 0.788775 0.903788 0.785428 0.929700 0.424056 0.976384 0.427404
