0 0.111647 0.675422 -0.000000 0.675422 0.000000 0.493436 0.111647 0.493436
0 0.213376 0.605541 -0.022930 0.550385 0.009444 0.411686 0.245750 0.466843
0 0.453937 0.817249 0.397613 0.817249 0.397613 0.351171 0.453937 0.351171
0 0.397808 0.910223 0.332892 0.910223 0.332892 0.372333 0.397808 0.372333
0 0.497393 0.735701 0.452257 0.735701 0.452257 0.323120 0.497393 0.323120
0 0.534242 0.678634 0.496382 0.678634 0.496382 0.307540 0.534242 0.307540
0 0.562960 0.625525 0.532506 0.625525 0.532506 0.288991 0.562960 0.288991
0 0.273122 0.999526 0.242836 0.421430 0.309339 0.417946 0.339625 0.996042
0 0.566212 0.598741 0.561755 0.278493 0.586569 0.278148 0.591026 0.598395
0 0.591437 0.554302 0.590500 0.257855 0.614900 0.257778 0.615838 0.554225
0 0.639244 0.526127 0.615740 0.526127 0.615740 0.252222 0.639244 0.252222
0 0.658489 0.496524 0.638792 0.496487 0.639275 0.235519 0.658972 0.235556
0 0.673984 0.471675 0.653908 0.471269 0.658832 0.227742 0.678909 0.228148
0 0.689239 0.446319 0.672187 0.446069 0.675499 0.220490 0.692550 0.220741
0 0.699808 0.425684 0.686215 0.425279 0.692598 0.211076 0.706191 0.211481
