0 0.071753 0.689745 0.008366 0.689745 0.008366 0.363975 0.071753 0.363975
0 0.171657 0.680547 0.112371 0.680547 0.112371 0.367922 0.171657 0.367922
0 0.783728 0.759743 0.734071 0.755237 0.762225 0.444984 0.811881 0.449490
0 0.121180 0.686346 0.058671 0.686346 0.058671 0.365838 0.121180 0.365838
0 0.224736 0.680691 0.160305 0.680691 0.160305 0.369149 0.224736 0.369149
0 0.268390 0.676531 0.213565 0.676531 0.213565 0.370989 0.268390 0.370989
0 0.999475 0.857861 0.974076 0.857861 0.974076 0.453046 0.999475 0.453046
0 0.830850 0.787308 0.781187 0.782909 0.810073 0.456839 0.859737 0.461239
0 0.882057 0.815465 0.832535 0.810586 0.866947 0.461285 0.916468 0.466164
0 0.942497 0.824356 0.892976 0.819478 0.927387 0.470177 0.976909 0.475056
