0 0.670197 0.661712 0.616563 0.661712 0.616563 0.388972 0.670197 0.388972
0 0.184719 0.699875 0.121935 0.699875 0.121935 0.355410 0.184719 0.355410
0 0.131656 0.708726 0.065280 0.708726 0.065280 0.353522 0.131656 0.353522
0 0.712061 0.669160 0.659147 0.669160 0.659147 0.395638 0.712061 0.395638
0 0.239619 0.692465 0.179435 0.692465 0.179435 0.362263 0.239619 0.362263
0 0.336102 0.667640 0.277978 0.667640 0.277978 0.363051 0.336102 0.363051
0 0.468687 0.657267 0.413765 0.657267 0.413765 0.372254 0.468687 0.372254
0 0.963539 0.754173 0.890581 0.754173 0.890581 0.443285 0.963539 0.443285
0 0.913997 0.733478 0.838670 0.733478 0.838670 0.426403 0.913997 0.426403
0 0.584121 0.653568 0.536749 0.653568 0.536749 0.377806 0.584121 0.377806
0 0.287498 0.682459 0.228683 0.682459 0.228683 0.362001 0.287498 0.362001
0 0.074228 0.710248 0.002126 0.710248 0.002126 0.352593 0.074228 0.352593
0 0.379813 0.667640 0.325307 0.667640 0.325307 0.367935 0.379813 0.367935
0 0.626870 0.660231 0.575572 0.660231 0.575572 0.378316 0.626870 0.378316
0 0.425206 0.663194 0.369808 0.663194 0.369808 0.369560 0.425206 0.369560
0 0.541702 0.652821 0.492929 0.652821 0.492929 0.375916 0.541702 0.375916
0 0.859735 0.712098 0.788295 0.712098 0.788295 0.419285 0.859735 0.419285
0 0.753064 0.672470 0.697672 0.672470 0.697672 0.399231 0.753064 0.399231
0 0.500107 0.654746 0.453793 0.654746 0.453793 0.374444 0.500107 0.374444
0 0.999419 0.767018 0.940888 0.767018 0.940888 0.448802 0.999419 0.448802
