0 0.623798 0.908293 0.128606 0.908293 0.128606 0.884255 0.623798 0.884255
0 0.635817 0.879447 0.118990 0.879447 0.118990 0.853005 0.635817 0.853005
0 0.657452 0.862620 0.111779 0.862620 0.111779 0.831370 0.657452 0.831370
0 0.675481 0.838582 0.103365 0.838582 0.103365 0.812139 0.675481 0.812139
0 0.694111 0.821154 0.103966 0.821154 0.103966 0.793510 0.694111 0.793510
0 0.719952 0.800120 0.092548 0.800120 0.092548 0.764063 0.719952 0.764063
0 0.743990 0.771274 0.085337 0.771274 0.085337 0.742428 0.743990 0.742428
0 0.761418 0.752043 0.079928 0.752043 0.079928 0.713582 0.761418 0.713582
0 0.997596 0.512861 -0.000000 0.512861 0.000000 0.036899 0.997596 0.036899
0 0.938402 0.583804 0.002705 0.553155 0.004507 0.498137 0.940204 0.528786
0 0.896563 0.628773 0.011647 0.594218 0.013522 0.546214 0.898437 0.580769
0 0.883255 0.664675 0.031392 0.633125 0.033053 0.588281 0.884916 0.619832
0 0.833561 0.705220 0.037286 0.673669 0.039062 0.628846 0.835337 0.660397
0 0.800387 0.738251 0.055195 0.706700 0.057091 0.661899 0.802284 0.693450
