0 0.272417 0.864618 -0.081137 0.511065 0.072991 0.356938 0.426544 0.710491
0 0.836752 0.392601 0.436057 -0.008094 0.565325 -0.137361 0.966020 0.263334
0 0.586564 1.039554 0.009092 0.462083 0.294145 0.177030 0.871617 0.754501
0 0.709325 0.472887 0.330238 0.093799 0.439066 -0.015029 0.818153 0.364059
0 0.442933 0.635178 0.111967 0.304212 0.219691 0.196489 0.550656 0.527454
0 0.194464 0.899360 -0.114895 0.590001 -0.080092 0.555198 0.229267 0.864557
0 0.553970 0.541818 0.244611 0.232458 0.329685 0.147384 0.639045 0.456744
0 0.369029 0.654082 0.085205 0.370257 0.116141 0.339321 0.399965 0.623146
0 0.379710 0.613940 0.097850 0.332080 0.128234 0.301696 0.410095 0.583556
0 0.217542 0.860567 -0.092799 0.550227 -0.054129 0.511556 0.256212 0.821897
