1 0.345817 1.000000 0.290817 1.000000 0.290817 0.810192 0.345817 0.810192
1 0.753654 0.852404 0.575096 0.852404 0.575096 0.166755 0.753654 0.166755
1 0.572212 0.797019 0.452861 0.797019 0.452861 0.227861 0.572212 0.227861
1 0.447115 0.755000 0.357356 0.755000 0.357356 0.272740 0.447115 0.272740
1 0.356394 0.718702 0.283822 0.718702 0.283822 0.286106 0.356394 0.286106
1 0.294327 0.697692 0.237019 0.697692 0.237019 0.327188 0.294327 0.327188
1 0.240841 0.659495 0.195024 0.659495 0.195024 0.348197 0.240841 0.348197
1 0.205505 0.642308 0.162548 0.642308 0.162548 0.350096 0.205505 0.350096
1 0.165409 0.628942 0.131995 0.628942 0.131995 0.353918 0.165409 0.353918
1 0.143486 0.616490 0.114014 0.616490 0.114014 0.380192 0.143486 0.380192
1 0.117692 0.606827 0.092380 0.606827 0.092380 0.381130 0.117692 0.381130
1 0.101587 0.599447 0.080385 0.599447 0.080385 0.393101 0.101587 0.393101
1 0.087308 0.599928 0.066587 0.599928 0.066587 0.405986 0.087308 0.405986
1 0.078558 0.598990 0.048630 0.598990 0.048630 0.417043 0.078558 0.417043
1 0.570601 1.000000 0.441875 1.000000 0.441875 0.875865 0.570601 0.875865
1 0.437957 0.995841 0.349952 0.995841 0.349952 0.851442 0.437957 0.851442
1 0.275673 1.000000 0.235793 1.000000 0.235793 0.773077 0.275673 0.773077
1 0.206923 0.994471 0.172548 0.994471 0.172548 0.708437 0.206923 0.708437
1 0.242668 1.000000 0.198678 1.000000 0.198678 0.720817 0.242668 0.720817
1 0.179928 0.952188 0.144591 0.952188 0.144591 0.694351 0.179928 0.694351
1 0.142692 0.873894 0.104471 0.873894 0.104471 0.673341 0.142692 0.673341
1 0.067236 0.779351 0.047188 0.779351 0.047188 0.616058 0.067236 0.616058
1 0.080601 0.797500 0.060553 0.797500 0.060553 0.620817 0.080601 0.620817
1 0.092067 0.815649 0.072019 0.815649 0.072019 0.626562 0.092067 0.626562
1 0.112115 0.842380 0.085385 0.842380 0.085385 0.641827 0.112115 0.641827
