0 0.991389 0.591517 0.406802 0.006930 0.560971 -0.147240 1.145559 0.437347
0 0.804703 0.698857 0.319298 0.213452 0.451149 0.081601 0.936554 0.567006
0 0.677525 0.774701 0.273795 0.370971 0.379963 0.264803 0.783693 0.668533
0 0.571340 0.810889 0.232949 0.472498 0.312294 0.393153 0.650685 0.731544
0 0.493151 0.858722 0.187446 0.553017 0.260961 0.479502 0.566666 0.785207
0 0.434814 0.891392 0.161779 0.618356 0.214285 0.565850 0.487321 0.838885
0 0.386982 0.901896 0.152448 0.667361 0.192121 0.627688 0.426655 0.862223
0 0.346477 0.936724 0.129704 0.719951 0.164142 0.685514 0.380914 0.902287
0 0.319451 0.954265 0.114186 0.749001 0.136470 0.726717 0.341734 0.931982
0 0.292458 0.970482 0.100673 0.778696 0.127682 0.751686 0.319468 0.943472
0 0.282548 0.984199 0.098599 0.800249 0.106706 0.792141 0.290656 0.976091
0 0.194211 0.323785 0.081431 0.211005 0.202166 0.090270 0.314946 0.203050
0 0.152906 0.408876 0.018233 0.274203 0.084677 0.207759 0.219350 0.342432
0 0.116429 0.497196 -0.044166 0.336601 0.010941 0.281494 0.171536 0.442089
0 0.080785 0.570134 -0.098457 0.390892 -0.054687 0.347123 0.124554 0.526365
0 0.054030 0.613070 -0.133302 0.425738 -0.093578 0.386014 0.093754 0.573346
0 0.035401 0.651145 -0.159886 0.455858 -0.120996 0.416967 0.074292 0.612254
0 0.029724 0.685990 -0.181916 0.474351 -0.151115 0.443551 0.060524 0.655190
0 0.004618 0.707866 -0.187423 0.515826 -0.154209 0.482612 0.037831 0.674653
