0 0.805876 0.717592 0.738720 0.717592 0.738720 0.474073 0.805876 0.474073
0 0.717528 0.715332 0.682861 0.711973 0.705142 0.482032 0.739808 0.485391
0 0.671564 0.692465 0.644949 0.691289 0.654183 0.482338 0.680798 0.483514
0 0.512067 0.643518 0.483735 0.643518 0.483735 0.448148 0.512067 0.448148
0 0.370933 0.595370 0.350996 0.595370 0.350996 0.424074 0.370933 0.424074
0 0.233998 0.535184 0.216684 0.535184 0.216684 0.403703 0.233998 0.403703
0 0.218783 0.542593 0.206191 0.542593 0.206191 0.406481 0.218783 0.406481
0 0.208814 0.537037 0.196222 0.537037 0.196222 0.400926 0.208814 0.400926
0 0.198321 0.535186 0.185729 0.535186 0.185729 0.399074 0.198321 0.399074
0 0.486044 0.639072 0.457712 0.639072 0.457712 0.443702 0.486044 0.443702
0 0.904092 0.653935 0.821868 0.647466 0.834801 0.483090 0.917025 0.489559
