0 0.774087 1.041222 0.555227 0.997481 0.596140 0.792771 0.815000 0.836512
0 0.630505 1.004921 0.469543 0.995742 0.486478 0.698752 0.647440 0.707931
0 0.650177 0.428825 0.238917 0.428825 0.238917 0.396466 0.650177 0.396466
0 0.580123 0.369744 0.199771 0.369744 0.199771 0.340145 0.580123 0.340145
0 0.697349 0.462836 0.255956 0.462836 0.255956 0.427485 0.697349 0.427485
0 0.480935 0.880761 0.370381 0.868387 0.399045 0.612289 0.509598 0.624662
0 0.615565 0.398114 0.216743 0.398114 0.216743 0.367858 0.615565 0.367858
0 0.542466 0.341004 0.189758 0.341004 0.189758 0.315844 0.542466 0.315844
0 0.747976 0.506108 0.277477 0.506108 0.277477 0.460035 0.747976 0.460035
0 0.874719 0.603556 0.345673 0.603556 0.345673 0.548962 0.874719 0.548962
0 0.812999 0.555106 0.323873 0.555106 0.323873 0.504076 0.812999 0.504076
0 0.512331 0.318124 0.179434 0.318124 0.179434 0.293318 0.512331 0.293318
0 0.492748 0.301280 0.168532 0.295894 0.168889 0.274408 0.493105 0.279795
0 0.468985 0.283421 0.162971 0.277551 0.163333 0.258668 0.469347 0.264539
0 0.448319 0.266257 0.155580 0.259021 0.155926 0.245027 0.448665 0.252264
0 0.426118 0.251743 0.150073 0.246192 0.150370 0.231386 0.426415 0.236937
0 0.409686 0.239891 0.138795 0.231271 0.139259 0.216696 0.410150 0.225315
0 0.392033 0.229917 0.129477 0.219887 0.130000 0.206202 0.392556 0.216232
0 0.378635 0.217577 0.124107 0.209546 0.124444 0.198857 0.378973 0.206889
0 0.360890 0.205442 0.118557 0.197659 0.118889 0.187315 0.361222 0.195098
0 0.348843 0.199003 0.112733 0.189226 0.113333 0.174723 0.349443 0.184499
