0 0.042188 0.318056 0.004688 0.318056 0.004688 0.001389 0.042188 0.001389
0 0.074220 0.295833 0.039845 0.295833 0.039845 0.001389 0.074220 0.001389
0 0.106249 0.286111 0.071094 0.286111 0.071094 0.001389 0.106249 0.001389
0 0.129687 0.283333 0.100781 0.283333 0.100781 0.001389 0.129687 0.001389
0 0.152345 0.266667 0.126563 0.266667 0.126563 0.001389 0.152345 0.001389
0 0.174219 0.261111 0.146094 0.261111 0.146094 0.001389 0.174219 0.001389
0 0.195312 0.236111 0.172656 0.236111 0.172656 0.001389 0.195312 0.001389
0 0.216406 0.236111 0.193751 0.236111 0.193751 0.001389 0.216406 0.001389
0 0.235156 0.215276 0.213280 0.215276 0.213280 0.001388 0.235156 0.001388
0 0.250001 0.204167 0.229687 0.204167 0.229687 0.001389 0.250001 0.001389
0 0.267970 0.204167 0.247656 0.204167 0.247656 0.001389 0.267970 0.001389
0 0.282813 0.204167 0.262499 0.204167 0.262499 0.001389 0.282813 0.001389
0 0.297656 0.179167 0.277344 0.179167 0.277344 0.001389 0.297656 0.001389
0 0.310156 0.172224 0.289062 0.172224 0.289062 0.001389 0.310156 0.001389
0 0.321094 0.166667 0.299999 0.166667 0.299999 0.001389 0.321094 0.001389
0 0.332031 0.155556 0.314062 0.155556 0.314062 0.001388 0.332031 0.001388
0 0.742970 0.894444 0.312501 0.894444 0.312501 0.080556 0.742970 0.080556
0 0.337642 0.145894 0.324330 0.145728 0.326154 -0.000163 0.339465 0.000004
0 0.348356 0.145894 0.335045 0.145728 0.336868 -0.000163 0.350179 0.000004
0 0.357285 0.145894 0.343973 0.145728 0.345796 -0.000163 0.359107 0.000004
0 0.365320 0.145894 0.352009 0.145728 0.353832 -0.000163 0.367143 0.000004
0 0.374249 0.145894 0.360937 0.145728 0.362761 -0.000163 0.376072 0.000004
0 0.438616 0.145728 0.369644 0.145728 0.369644 0.000000 0.438616 0.000000
