1 0.530192 0.937620 0.439471 0.937620 0.439471 0.394904 0.530192 0.394904
1 0.441058 0.875553 0.361466 0.875553 0.361466 0.428317 0.441058 0.428317
1 0.353510 0.854856 0.305769 0.854856 0.305769 0.456971 0.353510 0.456971
1 0.306563 0.830192 0.260409 0.830192 0.260409 0.486418 0.306563 0.486418
1 0.262332 0.803149 0.225505 0.803149 0.225505 0.506106 0.262332 0.506106
1 0.232404 0.795313 0.197404 0.795313 0.197404 0.518990 0.232404 0.518990
1 0.203389 0.783798 0.175745 0.783798 0.175745 0.525889 0.203389 0.525889
1 0.177596 0.767212 0.156418 0.767212 0.156418 0.536490 0.177596 0.536490
1 0.163317 0.760769 0.139832 0.760769 0.139832 0.545649 0.163317 0.545649
1 0.149976 0.752933 0.129255 0.752933 0.129255 0.558101 0.149976 0.558101
1 0.129255 0.741418 0.108053 0.741418 0.108053 0.561827 0.129255 0.561827
1 0.112668 0.743269 0.096538 0.743269 0.096538 0.573750 0.112668 0.573750
1 0.105745 0.741418 0.086875 0.741418 0.086875 0.579279 0.105745 0.579279
1 0.217716 1.000000 0.183630 1.000000 0.183630 0.885433 0.217716 0.885433
1 0.184087 1.000000 0.157837 1.000000 0.157837 0.873462 0.184087 0.873462
1 0.162452 0.996466 0.136659 0.996466 0.136659 0.849976 0.162452 0.849976
1 0.145865 0.998317 0.118245 0.998317 0.118245 0.821418 0.145865 0.821418
1 0.364519 0.408365 0.301899 0.408365 0.301899 0.049567 0.364519 0.049567
1 0.318005 0.433245 0.265505 0.433245 0.265505 0.103918 0.318005 0.103918
1 0.270793 0.451010 0.234327 0.451010 0.234327 0.162548 0.270793 0.162548
1 0.239856 0.472019 0.206154 0.472019 0.206154 0.208966 0.239856 0.208966
1 0.214976 0.482524 0.184038 0.482524 0.184038 0.242115 0.214976 0.242115
1 0.191226 0.496875 0.168005 0.496875 0.168005 0.275288 0.191226 0.275288
1 0.174639 0.511250 0.150337 0.511250 0.150337 0.305120 0.174639 0.305120
1 0.158606 0.520096 0.137067 0.520096 0.137067 0.334399 0.158606 0.334399
1 0.138173 0.528942 0.120481 0.528942 0.120481 0.354303 0.138173 0.354303
1 0.123798 0.546635 0.104447 0.546635 0.104447 0.374207 0.123798 0.374207
1 0.107764 0.553245 0.095072 0.553245 0.095072 0.395745 0.107764 0.395745
1 0.098942 0.557115 0.085120 0.557115 0.085120 0.419519 0.098942 0.419519
1 0.090649 0.567067 0.076827 0.567067 0.076827 0.436659 0.090649 0.436659
1 0.056731 0.836779 0.035409 0.836779 0.035409 0.770144 0.056731 0.770144
