0 0.182132 0.637707 -0.020967 0.610240 0.000889 0.448637 0.203987 0.476105
0 0.416709 0.887358 0.357467 0.887358 0.357467 0.356906 0.416709 0.356906
0 0.355054 0.974876 0.292240 0.974876 0.292240 0.390564 0.355054 0.390564
0 0.226447 0.555842 0.028541 0.456839 0.089188 0.335608 0.287093 0.434610
0 0.465020 0.804689 0.415332 0.804689 0.415332 0.336319 0.465020 0.336319
0 0.580791 0.626468 0.548559 0.626468 0.548559 0.278940 0.580791 0.278940
0 0.508612 0.730541 0.467748 0.730541 0.467748 0.313936 0.508612 0.313936
0 0.547182 0.681655 0.512286 0.681655 0.512286 0.293763 0.547182 0.293763
0 0.057083 0.677646 -0.000000 0.677646 0.000000 0.549204 0.057083 0.549204
0 0.584260 0.590212 0.580545 0.269165 0.604407 0.268889 0.608122 0.589936
0 0.634181 0.557949 0.606925 0.557610 0.610730 0.251883 0.637985 0.252222
0 0.651704 0.525307 0.631584 0.524936 0.636752 0.244444 0.656873 0.244815
0 0.671910 0.497346 0.650577 0.496851 0.656527 0.240616 0.677859 0.241111
0 0.686484 0.475322 0.666147 0.474465 0.676410 0.230995 0.696747 0.231852
0 0.696074 0.461899 0.681671 0.461101 0.694936 0.221794 0.709339 0.222593
0 0.714112 0.429485 0.696512 0.428584 0.707479 0.214285 0.725079 0.215185
