0 0.847914 0.645718 0.821087 0.319260 0.874502 0.314871 0.901328 0.641329
0 0.687334 0.660138 0.666311 0.354289 0.721679 0.350483 0.742703 0.656332
0 0.158957 0.657083 0.086649 0.657083 0.086649 0.300419 0.158957 0.300419
0 0.515818 0.660296 0.458594 0.660296 0.458594 0.344876 0.515818 0.344876
0 0.903967 0.643636 0.869761 0.306952 0.926555 0.301182 0.960762 0.637866
0 0.741378 0.658781 0.729542 0.336021 0.781414 0.334119 0.793250 0.656878
0 0.099075 0.655901 0.025231 0.655901 0.025231 0.288563 0.099075 0.288563
0 0.696327 0.655568 0.636515 0.655568 0.636515 0.355623 0.696327 0.355623
0 0.607316 0.658623 0.548589 0.658623 0.548589 0.352659 0.607316 0.352659
0 0.218318 0.658572 0.147250 0.658572 0.147250 0.304865 0.218318 0.304865
0 0.792189 0.658058 0.765656 0.331801 0.817249 0.327605 0.843782 0.653862
0 0.650326 0.657498 0.591878 0.657498 0.591878 0.358587 0.650326 0.358587
0 0.367471 0.660526 0.355460 0.337933 0.407765 0.335986 0.419776 0.658579
0 0.471257 0.659585 0.413068 0.659585 0.413068 0.338949 0.471257 0.338949
0 0.038902 0.658524 0.000118 0.658524 0.000118 0.282636 0.038902 0.282636
0 0.502479 0.659711 0.496338 0.351523 0.546383 0.350526 0.552524 0.658713
0 0.271784 0.659755 0.205186 0.659755 0.205186 0.313756 0.271784 0.313756
0 0.322701 0.656787 0.259207 0.656787 0.259207 0.322648 0.322701 0.322648
0 0.367471 0.656081 0.317104 0.656081 0.317104 0.330058 0.367471 0.330058
0 0.999281 0.632613 0.942492 0.632613 0.942492 0.294082 0.999281 0.294082
