1 0.487716 0.137477 0.392211 0.137477 0.392211 0.032428 0.487716 0.032428
1 0.091898 0.064736 -0.000000 0.064736 0.000000 0.007428 0.091898 0.007428
1 0.111367 0.158430 0.042838 0.109368 0.131613 -0.014632 0.200142 0.034430
1 0.241430 0.152459 0.159947 0.115153 0.215445 -0.006065 0.296928 0.031241
1 0.386634 0.132692 0.295120 0.132692 0.295120 0.022884 0.386634 0.022884
1 0.524759 0.158448 0.489190 0.042833 0.565241 0.019436 0.600810 0.135051
1 0.662642 0.193775 0.591067 0.070303 0.662670 0.028795 0.734245 0.152268
1 0.762435 0.194691 0.661711 0.076341 0.732830 0.015814 0.833554 0.134165
1 0.890059 0.187900 0.747108 0.081347 0.789244 0.024817 0.932195 0.131370
1 0.964347 0.191300 0.826952 0.079264 0.864808 0.032841 1.002202 0.144876
1 0.002375 0.000330 0.002175 0.000180 0.002242 0.000090 0.002442 0.000241
1 0.198529 0.951345 0.089063 0.318502 0.232721 0.293652 0.342187 0.926495
1 0.348381 0.934272 0.290625 0.340383 0.447241 0.325152 0.504997 0.919041
1 0.453469 0.961883 0.449423 0.345914 0.602204 0.344911 0.606250 0.960880
1 0.753997 0.975179 0.602901 0.962839 0.653591 0.342110 0.804688 0.354448
1 0.830985 0.965489 0.691825 0.929650 0.846778 0.327987 0.985938 0.363827
1 0.002386 0.000959 0.002036 0.000565 0.002209 0.000411 0.002559 0.000805
1 0.092073 0.942650 -0.109490 0.292456 0.003125 0.257545 0.204688 0.907739
