1 0.620120 0.155841 0.559880 0.155841 0.559880 0.109977 0.620120 0.109977
1 0.551034 0.153655 0.493005 0.153655 0.493005 0.113294 0.551034 0.113294
1 0.492452 0.155841 0.426706 0.155841 0.426706 0.108317 0.492452 0.108317
1 0.358173 0.161370 0.294062 0.161370 0.294062 0.105553 0.358173 0.105553
1 0.432788 0.154736 0.359831 0.154736 0.359831 0.109423 0.432788 0.109423
1 0.886364 0.637784 0.799263 0.627364 0.854660 0.164296 0.941761 0.174716
1 0.795455 0.634944 0.708354 0.624524 0.763750 0.161455 0.850852 0.171875
1 0.629261 0.619319 0.544305 0.613564 0.574135 0.173221 0.659091 0.178977
1 0.549716 0.605114 0.464978 0.600834 0.486684 0.171059 0.571423 0.175339
1 0.474431 0.606534 0.398777 0.603713 0.414773 0.174716 0.490428 0.177537
1 0.401989 0.592330 0.304113 0.588680 0.319738 0.169646 0.417614 0.173295
1 0.312500 0.593750 0.214489 0.593750 0.214489 0.174716 0.312500 0.174716
