0 0.524303 1.000000 0.456923 1.000000 0.456923 0.660865 0.524303 0.660865
0 1.000000 0.743365 0.851995 0.743365 0.851995 0.044808 1.000000 0.044808
0 0.843750 0.677356 0.677356 0.677356 0.677356 0.080553 0.843750 0.080553
0 0.675553 0.606418 0.553317 0.606418 0.553317 0.107837 0.675553 0.107837
0 0.562861 0.567260 0.466418 0.567260 0.466418 0.139327 0.562861 0.139327
0 0.468317 0.538606 0.402428 0.538606 0.402428 0.161298 0.468317 0.161298
0 0.400529 0.512813 0.348942 0.512813 0.348942 0.187091 0.400529 0.187091
0 0.350889 0.503798 0.307764 0.503798 0.307764 0.200745 0.350889 0.200745
0 0.313077 0.496514 0.270649 0.496514 0.270649 0.223942 0.313077 0.223942
0 0.270649 0.469327 0.238798 0.469327 0.238798 0.219976 0.270649 0.219976
0 0.242115 0.463365 0.212933 0.463365 0.212933 0.231250 0.242115 0.231250
0 0.216923 0.458053 0.194375 0.458053 0.194375 0.247837 0.216923 0.247837
0 0.177476 0.466034 0.158678 0.466034 0.158678 0.269495 0.177476 0.269495
0 0.156370 0.455673 0.141010 0.455673 0.141010 0.274495 0.156370 0.274495
0 0.144856 0.452981 0.126827 0.452981 0.126827 0.281779 0.144856 0.281779
0 0.131034 0.445697 0.115697 0.445697 0.115697 0.283702 0.131034 0.283702
0 0.117212 0.443774 0.103413 0.443774 0.103413 0.286394 0.117212 0.286394
0 0.107236 0.441466 0.092284 0.441466 0.092284 0.290601 0.107236 0.290601
0 0.096875 0.434183 0.081923 0.434183 0.081923 0.292909 0.096875 0.292909
0 0.082308 0.433029 0.072716 0.433029 0.072716 0.303269 0.082308 0.303269
0 0.960529 0.997332 0.775721 0.997332 0.775721 0.771082 0.960529 0.771082
0 0.763582 1.000000 0.630192 1.000000 0.630192 0.763990 0.763582 0.763990
0 0.634327 0.999135 0.532548 0.999135 0.532548 0.711731 0.634327 0.711731
0 0.459615 0.958101 0.395144 0.958101 0.395144 0.624591 0.459615 0.624591
0 0.393558 0.901611 0.346611 0.901611 0.346611 0.595144 0.393558 0.595144
0 0.344231 0.849880 0.302043 0.849880 0.302043 0.576827 0.344231 0.576827
0 0.303630 0.811683 0.268630 0.811683 0.268630 0.559327 0.303630 0.559327
0 0.273389 0.774279 0.239976 0.774279 0.239976 0.544207 0.273389 0.544207
0 0.241562 0.742452 0.217692 0.742452 0.217692 0.528293 0.241562 0.528293
0 0.220072 0.716178 0.190625 0.716178 0.190625 0.517957 0.220072 0.517957
0 0.189832 0.697885 0.177909 0.697885 0.177909 0.515553 0.189832 0.515553
0 0.177115 0.679567 0.160385 0.679567 0.160385 0.503630 0.177115 0.503630
0 0.052588 0.287102 0.034392 0.226832 0.052917 0.221239 0.071113 0.281509
