1 0.458678 0.328691 0.389540 0.316997 0.443797 -0.003784 0.512934 0.007909
1 0.063317 0.065889 0.043053 0.065889 0.043053 0.000456 0.063317 0.000456
1 0.085866 0.120697 0.061923 0.120697 0.061923 0.000456 0.085866 0.000456
1 0.101125 0.181294 0.079983 0.180655 0.085464 -0.000639 0.106606 -0.000000
1 0.127255 0.229339 0.100608 0.228548 0.106952 0.014795 0.133598 0.015586
1 0.150442 0.293763 0.123795 0.292972 0.130303 0.073690 0.156950 0.074481
1 0.175497 0.348906 0.148850 0.348116 0.155055 0.139075 0.181702 0.139866
1 0.522906 0.417291 0.433523 0.392839 0.542453 -0.005344 0.631836 0.019108
1 0.001964 0.001959 0.001514 0.001734 0.002152 0.000459 0.002602 0.000684
1 0.210834 0.418037 0.174647 0.416963 0.181330 0.191820 0.217517 0.192894
1 0.182597 0.577548 0.159567 0.577548 0.159567 0.390048 0.182597 0.390048
1 0.223759 0.692203 0.189249 0.688697 0.208524 0.498951 0.243034 0.502456
1 0.288809 0.852915 0.248201 0.847352 0.276070 0.643912 0.316678 0.649475
1 0.273456 0.551709 0.222055 0.545671 0.250414 0.304277 0.301816 0.310315
1 0.361224 0.596128 0.330434 0.592239 0.364809 0.320122 0.395599 0.324011
1 0.441911 0.821694 0.379911 0.813421 0.423089 0.489820 0.485089 0.498093
1 0.265386 0.087352 0.220680 0.084305 0.226633 -0.003047 0.271339 -0.000000
1 0.310330 0.150191 0.265620 0.147222 0.275536 -0.002066 0.320245 0.000903
1 0.677517 0.616350 0.529934 0.563798 0.716690 0.039323 0.864272 0.091874
1 0.385009 0.222154 0.315067 0.217508 0.329655 -0.002081 0.399597 0.002566
1 0.787082 0.818433 0.641063 0.765883 0.852419 0.178597 0.998438 0.231147
