0 0.694286 0.047947 0.470370 -0.175970 0.496886 -0.202486 0.720803 0.021430
0 0.655923 0.054883 0.447720 -0.153320 0.472027 -0.177627 0.680230 0.030577
0 0.626400 0.070658 0.425071 -0.130671 0.449930 -0.155530 0.651259 0.045798
0 0.607862 0.085266 0.408498 -0.114098 0.428938 -0.134538 0.628302 0.064827
0 0.580057 0.089503 0.392477 -0.098077 0.410707 -0.116307 0.598287 0.071273
0 0.560661 0.101041 0.377010 -0.082610 0.396897 -0.102497 0.580548 0.081154
0 0.528068 0.098279 0.362094 -0.067694 0.378114 -0.083714 0.544088 0.082259
0 0.513152 0.113195 0.347178 -0.052779 0.363199 -0.068799 0.529172 0.097175
0 0.485162 0.111721 0.333919 -0.039521 0.349388 -0.054990 0.500630 0.096253
0 0.466810 0.114362 0.323424 -0.029024 0.337788 -0.043388 0.481174 0.099998
0 0.454104 0.127068 0.310718 -0.016318 0.325081 -0.030681 0.468467 0.112704
0 0.443607 0.137564 0.300222 -0.005822 0.314586 -0.020186 0.457971 0.123200
0 0.415434 0.130382 0.289726 0.004674 0.304089 -0.009690 0.429797 0.116019
0 0.401685 0.134311 0.280887 0.013513 0.295803 -0.001403 0.416601 0.119395
0 0.390023 0.138116 0.273154 0.021246 0.288069 0.006331 0.404938 0.123200
0 0.374432 0.137993 0.265419 0.028980 0.278125 0.016273 0.387138 0.125287
0 0.606327 0.951043 0.030821 0.375537 0.335209 0.071149 0.910715 0.646655
