1 0.136924 0.352452 -0.001563 0.352452 -0.001563 0.245192 0.136924 0.245192
1 0.267363 0.946028 0.050842 0.919826 0.124391 0.312049 0.340913 0.338251
1 0.449287 0.992903 0.232765 0.966701 0.306314 0.358924 0.522835 0.385126
1 0.625844 1.007752 0.445597 0.985940 0.516729 0.398137 0.696976 0.419949
1 0.998437 1.000000 0.887740 1.000000 0.887740 0.496010 0.998437 0.496010
1 0.270746 0.131971 0.090889 0.131971 0.090889 0.000000 0.270746 0.000000
1 0.477019 0.153438 0.267451 0.153438 0.267451 0.000000 0.477019 0.000000
1 0.754255 0.211178 0.635433 0.211178 0.635433 0.000000 0.754255 0.000000
1 0.929159 0.267284 0.785601 0.267284 0.785600 0.000000 0.929159 0.000000
1 0.995169 0.305240 0.944015 0.305240 0.944015 0.000000 0.995169 0.000000
