0 0.329293 0.702839 0.257201 0.702839 0.257201 0.344982 0.329293 0.344982
0 0.097169 0.742850 0.017609 0.742850 0.017609 0.355087 0.097169 0.355087
0 0.153005 0.735441 0.082087 0.735441 0.082087 0.349519 0.153005 0.349519
0 0.215864 0.728032 0.143484 0.728032 0.143484 0.347826 0.215864 0.347826
0 0.867351 0.677646 0.800079 0.677646 0.800079 0.344622 0.867351 0.344622
0 0.812944 0.667272 0.749446 0.667272 0.749446 0.341559 0.812944 0.341559
0 0.384070 0.701357 0.314152 0.701357 0.314152 0.342388 0.384070 0.342388
0 0.927158 0.683573 0.854456 0.683573 0.854456 0.352438 0.927158 0.352438
0 0.665582 0.656899 0.607048 0.656899 0.607048 0.340655 0.665582 0.340655
0 0.434745 0.689501 0.367351 0.689501 0.367351 0.341658 0.434745 0.341658
0 0.763410 0.661344 0.698304 0.661344 0.698304 0.341450 0.763410 0.341450
0 0.575440 0.664308 0.512584 0.664308 0.512584 0.341675 0.575440 0.341675
0 0.713707 0.658381 0.649297 0.658381 0.649297 0.342655 0.713707 0.342655
0 0.269597 0.714694 0.202699 0.714694 0.202699 0.349159 0.269597 0.349159
0 0.986483 0.705803 0.911119 0.705803 0.911119 0.356946 0.986483 0.356946
0 0.999475 0.710446 0.966043 0.710446 0.966043 0.352363 0.999475 0.352363
0 0.620723 0.664308 0.562059 0.664308 0.562059 0.341903 0.620723 0.341903
0 0.484195 0.677646 0.417675 0.677646 0.417675 0.340437 0.484195 0.340437
0 0.528671 0.665791 0.466543 0.665791 0.466543 0.339070 0.528671 0.339070
0 0.032142 0.750260 0.000139 0.750260 0.000139 0.355063 0.032142 0.355063
