0 0.943862 0.977778 0.587953 0.953426 0.621247 0.466814 0.977156 0.491166
0 0.660545 0.380556 0.621720 0.380556 0.621720 0.156482 0.660545 0.156482
0 0.521512 0.389815 0.482686 0.389815 0.482686 0.165741 0.521512 0.165741
0 0.487932 0.392593 0.449107 0.392593 0.449107 0.168519 0.487932 0.168519
0 0.455405 0.392593 0.416579 0.392593 0.416579 0.168519 0.455405 0.168519
0 0.422876 0.401852 0.384051 0.401852 0.384051 0.177778 0.422876 0.177778
0 0.389298 0.406888 0.350473 0.406888 0.350473 0.182407 0.389298 0.182407
0 0.358342 0.417593 0.322141 0.417593 0.322141 0.186111 0.358342 0.186111
0 0.323190 0.433563 0.286989 0.433563 0.286989 0.192593 0.323190 0.192593
0 0.288563 0.442593 0.258657 0.442593 0.258657 0.194445 0.288563 0.194445
0 0.588457 0.894006 0.303767 0.793288 0.448993 0.382795 0.733683 0.483514
0 0.289468 0.808390 0.125079 0.673200 0.394687 0.345360 0.559077 0.480550
0 0.097296 0.712622 0.000000 0.591694 0.321592 0.332948 0.418888 0.453875
0 -0.000000 0.587248 -0.043457 0.515173 0.229366 0.350679 0.272823 0.422755
0 -0.000000 0.507225 -0.029622 0.446528 0.151700 0.358037 0.181322 0.418734
0 -0.000000 0.436518 -0.024112 0.378343 0.072425 0.338331 0.096537 0.396506
0 0.813431 0.360948 0.791079 0.359411 0.805560 0.148833 0.827912 0.150370
0 0.777335 0.372804 0.755741 0.371319 0.770619 0.154961 0.792213 0.156446
0 0.102247 0.362547 0.093977 0.231352 0.115425 0.230000 0.123696 0.361195
0 0.070892 0.363783 0.062917 0.237280 0.084365 0.235928 0.092340 0.362431
