0 0.305477 0.296141 0.247084 0.291750 0.268705 0.004196 0.327098 0.008586
0 0.395841 0.257909 0.306322 0.257909 0.306322 0.000000 0.395841 0.000000
0 0.470120 0.165721 0.362692 0.165721 0.362692 0.000000 0.470120 0.000000
0 0.592813 0.100745 0.455529 0.100745 0.455529 0.000000 0.592813 0.000000
0 0.067089 0.740934 0.033286 0.734057 0.083512 0.487191 0.117315 0.494068
0 0.096772 0.739079 0.062664 0.733921 0.102050 0.473493 0.136158 0.478651
0 0.131511 0.733764 0.088586 0.727272 0.131085 0.446260 0.174010 0.452752
0 0.165760 0.725322 0.122835 0.718830 0.169913 0.407538 0.212838 0.414030
0 0.228937 0.728476 0.167164 0.719134 0.218779 0.377846 0.280552 0.387188
0 0.348034 0.704270 0.261371 0.698210 0.290860 0.276499 0.377523 0.282559
0 0.441775 0.676794 0.355112 0.670734 0.388706 0.190321 0.475369 0.196381
0 0.604065 0.676871 0.462375 0.674645 0.471295 0.106879 0.612985 0.109105
0 0.839501 0.680193 0.629046 0.676887 0.639633 0.002932 0.850088 0.006238
0 0.040260 0.739692 0.012460 0.733478 0.061254 0.515187 0.089054 0.521401
0 0.011627 0.743508 -0.030308 0.732272 0.025491 0.524017 0.067426 0.535253
0 0.178843 0.400649 0.149052 0.395450 0.194089 0.137404 0.223880 0.142603
0 0.140834 0.443092 0.111043 0.437893 0.149069 0.220009 0.178860 0.225208
0 0.117402 0.473421 0.087612 0.468222 0.124713 0.255642 0.154503 0.260841
0 0.082919 0.486026 0.053129 0.480827 0.086696 0.288493 0.116486 0.293692
0 0.060347 0.510449 0.030557 0.505250 0.064124 0.312917 0.093914 0.318116
0 0.238911 0.355528 0.196631 0.349962 0.232435 0.078006 0.274715 0.083572
0 0.205979 0.170521 0.147589 0.166096 0.160511 -0.004425 0.218901 0.000000
