1 1.000000 0.987764 0.791923 0.987764 0.791923 0.251130 1.000000 0.251130
1 0.783990 0.940240 0.593894 0.940240 0.593894 0.326370 0.783990 0.326370
1 0.615673 0.932308 0.449351 0.932308 0.449351 0.399639 0.615673 0.399639
1 0.459231 0.912500 0.340433 0.912500 0.340433 0.429351 0.459231 0.429351
1 0.348317 0.870913 0.259087 0.870913 0.259087 0.449038 0.348317 0.449038
1 0.259207 0.851322 0.178990 0.851322 0.178990 0.461683 0.259207 0.461683
1 0.181274 0.828389 0.117115 0.828389 0.117115 0.476587 0.181274 0.476587
1 0.127428 0.805481 0.067837 0.805481 0.067837 0.491490 0.127428 0.491490
1 0.065529 0.777981 0.030024 0.777981 0.030024 0.496082 0.065529 0.496082
1 0.034591 0.787139 -0.000000 0.787139 0.000000 0.494928 0.034591 0.494928
1 0.795505 0.234784 0.609856 0.234784 0.609856 0.000000 0.795505 0.000000
1 0.605288 0.270313 0.465481 0.270313 0.465481 0.000000 0.605288 0.000000
1 0.467764 0.292091 0.355457 0.292091 0.355457 0.000000 0.467764 0.000000
1 0.356611 0.325337 0.262644 0.325337 0.262644 0.000000 0.356611 0.000000
1 0.272957 0.352837 0.190457 0.352837 0.190457 0.000000 0.272957 0.000000
1 0.205337 0.371154 0.143462 0.371154 0.143462 0.041130 0.205337 0.041130
1 0.156058 0.395216 0.086178 0.395216 0.086178 0.081250 0.156058 0.081250
1 0.083870 0.398678 0.038029 0.398678 0.038029 0.115625 0.083870 0.115625
1 0.038029 0.425024 0.011683 0.425024 0.011683 0.150000 0.038029 0.150000
