0 0.152781 0.658381 -0.038253 0.594983 0.010435 0.448272 0.201469 0.511670
0 0.101574 0.786316 -0.000000 0.786316 0.000000 0.574466 0.101574 0.574466
0 0.432203 0.823696 0.389837 0.823696 0.389837 0.337560 0.432203 0.337560
0 0.268853 0.555067 0.003975 0.492822 0.029141 0.385729 0.294019 0.447974
0 0.389934 0.900446 0.339562 0.900446 0.339562 0.365776 0.389934 0.365776
0 0.582866 0.609119 0.555084 0.609119 0.555084 0.259910 0.582866 0.259910
0 0.519993 0.678611 0.491429 0.678611 0.491429 0.282571 0.519993 0.282571
0 0.494372 0.722035 0.463220 0.722035 0.463220 0.299817 0.494372 0.299817
0 0.466241 0.765080 0.429379 0.765080 0.429379 0.323055 0.466241 0.323055
0 0.346805 0.958609 0.293569 0.958609 0.293569 0.387979 0.346805 0.387979
0 0.554863 0.640490 0.522643 0.640490 0.522643 0.263978 0.554863 0.263978
0 0.607132 0.578452 0.581460 0.578452 0.581460 0.253362 0.607132 0.253362
0 0.622839 0.551184 0.604617 0.550588 0.614517 0.247922 0.632739 0.248519
0 0.640480 0.527397 0.621923 0.526665 0.633069 0.244083 0.651626 0.244815
0 0.660866 0.506701 0.643232 0.506131 0.651831 0.240540 0.669465 0.241111
0 0.675191 0.477225 0.658605 0.476465 0.669669 0.234796 0.686254 0.235556
0 0.686485 0.460844 0.672246 0.459959 0.686705 0.227263 0.700944 0.228148
