0 0.766792 0.915727 0.246680 0.915727 0.246680 0.001816 0.766792 0.001816
0 0.972342 0.993159 0.938872 0.993159 0.938872 0.721638 0.972342 0.721638
0 0.943236 0.994433 0.913742 0.994433 0.913742 0.739352 0.943236 0.739352
0 0.999648 0.995032 0.968310 0.995032 0.968310 0.709290 0.999648 0.709290
0 0.870940 0.994956 0.844742 0.994956 0.844742 0.778010 0.870940 0.778010
0 0.918897 0.994263 0.890347 0.994263 0.890347 0.748055 0.918897 0.748055
0 0.894379 0.995396 0.867375 0.995396 0.867375 0.765254 0.894379 0.765254
0 0.849099 0.997347 0.827359 0.997347 0.827359 0.786596 0.849099 0.786596
0 0.830222 0.997878 0.807660 0.997878 0.807660 0.796703 0.830222 0.796703
0 0.779070 0.996939 0.758352 0.996939 0.758352 0.826286 0.779070 0.826286
