1 0.762821 0.834092 0.320589 0.391861 0.395261 0.317190 0.837492 0.759421
1 0.239463 0.892578 0.111769 0.790641 0.125672 0.773225 0.253366 0.875162
1 0.249568 0.885829 0.114191 0.777758 0.128094 0.760343 0.263470 0.868414
1 0.261964 0.883577 0.116856 0.767739 0.130759 0.750323 0.275866 0.866161
1 0.273778 0.872872 0.108322 0.740792 0.122225 0.723376 0.287680 0.855456
1 0.287840 0.859943 0.100463 0.710360 0.114366 0.692945 0.301743 0.842527
1 0.305298 0.854079 0.117920 0.704496 0.131823 0.687081 0.319200 0.836663
1 0.319315 0.851272 0.112776 0.686394 0.126677 0.668980 0.333217 0.833857
1 0.900587 0.803852 0.394087 0.297353 0.523611 0.167830 1.030110 0.674329
1 0.350199 0.872694 0.141364 0.663859 0.162186 0.643037 0.371021 0.851872
1 0.357509 0.849611 0.150934 0.643037 0.178505 0.615466 0.385080 0.822041
1 0.400836 0.837797 0.173440 0.610401 0.190880 0.592961 0.418276 0.820357
1 0.454856 0.845684 0.204954 0.595783 0.231402 0.569335 0.481304 0.819236
1 0.544619 0.863277 0.233067 0.551725 0.282072 0.502720 0.593624 0.814272
1 0.612287 0.821275 0.263409 0.472396 0.318260 0.417545 0.667139 0.766423
1 -0.155488 0.520105 -0.186615 0.477651 0.040470 0.311159 0.071596 0.353614
1 -0.138451 0.554869 -0.165057 0.519932 0.043792 0.360886 0.070398 0.395823
1 -0.123074 0.569402 -0.145180 0.536248 0.054849 0.402878 0.076954 0.436032
1 -0.093674 0.604343 -0.117807 0.573257 0.060560 0.434783 0.084694 0.465869
1 -0.069829 0.630696 -0.094299 0.600654 0.072538 0.464762 0.097008 0.494804
1 -0.062774 0.646626 -0.081035 0.624967 0.088011 0.482444 0.106272 0.504103
1 -0.031261 0.676731 -0.044564 0.661438 0.092399 0.542295 0.105703 0.557588
