0 0.543892 1.013588 0.412419 0.998438 0.442020 0.741565 0.573493 0.756715
0 0.661799 1.043621 0.492559 0.998348 0.530935 0.854891 0.700175 0.900164
0 0.912072 0.672259 0.361160 0.672259 0.361160 0.613017 0.912072 0.613017
0 0.646921 0.471229 0.281353 0.471229 0.281353 0.438547 0.646921 0.438547
0 0.990810 0.742713 0.393244 0.742713 0.393244 0.672787 0.990810 0.672787
0 0.830299 0.610460 0.340909 0.610460 0.340909 0.557424 0.830299 0.557424
0 0.592651 0.437756 0.260602 0.437756 0.260602 0.407663 0.592651 0.407663
0 0.765834 0.557554 0.318124 0.557554 0.318124 0.515254 0.765834 0.515254
0 0.695223 0.509124 0.300478 0.509124 0.300478 0.474698 0.695223 0.474698
0 0.258220 0.409523 0.257778 0.384587 0.563902 0.379163 0.564344 0.404100
0 0.533203 0.379441 0.242718 0.376221 0.242963 0.354156 0.533447 0.357376
0 0.500605 0.357152 0.237118 0.353601 0.237407 0.332121 0.500894 0.335672
0 0.470741 0.342191 0.225597 0.333061 0.226296 0.314282 0.471440 0.323412
0 0.456148 0.323516 0.221935 0.314404 0.222593 0.297493 0.456806 0.306605
0 0.441329 0.307567 0.212849 0.299231 0.213333 0.285951 0.441813 0.294287
0 0.425028 0.295814 0.207243 0.287674 0.207778 0.273359 0.425563 0.281500
