0 0.785971 0.926423 0.248172 0.926423 0.248172 -0.000174 0.785971 -0.000174
0 0.999219 0.990758 0.975928 0.990758 0.975928 0.709000 0.999219 0.709000
0 0.980175 0.994368 0.947669 0.994368 0.947669 0.720661 0.980175 0.720661
0 0.952474 0.994269 0.921140 0.994269 0.921140 0.740314 0.952474 0.740314
0 0.924640 0.991857 0.895176 0.991857 0.895176 0.755129 0.924640 0.755129
0 0.899462 0.993513 0.872618 0.993513 0.872618 0.768032 0.899462 0.768032
0 0.855723 0.996329 0.832073 0.996329 0.832073 0.787182 0.855723 0.787182
0 0.818045 0.998046 0.797195 0.998046 0.797195 0.810029 0.818045 0.810029
0 0.801098 0.997218 0.780636 0.997218 0.780636 0.818803 0.801098 0.818803
0 0.835759 0.997889 0.814373 0.997889 0.814373 0.794261 0.835759 0.794261
0 0.878454 0.994200 0.853148 0.994200 0.853148 0.778261 0.878454 0.778261
0 0.785027 0.998437 0.764565 0.998437 0.764565 0.820021 0.785027 0.820021
0 0.758937 0.998761 0.755160 0.840338 0.768750 0.840014 0.772527 0.998437
0 0.745544 0.998761 0.741767 0.840338 0.755357 0.840014 0.759134 0.998438
0 0.733937 0.998761 0.730160 0.840338 0.743750 0.840014 0.747527 0.998437
0 0.723242 0.999059 0.716787 0.858101 0.730357 0.857479 0.736812 0.998438
0 0.712528 0.999059 0.706073 0.858101 0.719643 0.857479 0.726098 0.998438
0 0.703600 0.999059 0.697144 0.858101 0.710714 0.857479 0.717170 0.998438
0 0.691328 0.998438 0.628572 0.998438 0.628572 0.866610 0.691328 0.866610
