0 0.493240 0.688111 0.284812 0.479683 0.313573 0.450922 0.522001 0.659350
0 0.638513 0.504332 0.470951 0.320913 0.494478 0.299420 0.662040 0.482839
0 1.030352 0.397626 0.745517 0.112791 0.782889 0.075419 1.067724 0.360254
0 0.855276 0.448215 0.624811 0.217750 0.681491 0.161070 0.911956 0.391535
0 0.664071 0.470842 0.497231 0.293296 0.518360 0.273441 0.685200 0.450987
0 0.611737 0.530666 0.442159 0.350274 0.466579 0.327318 0.636158 0.507710
0 0.592640 0.560243 0.423061 0.379850 0.447482 0.356894 0.617061 0.537286
0 0.461047 0.722399 0.252619 0.513971 0.281380 0.485210 0.489808 0.693638
0 0.431822 0.753720 0.223394 0.545292 0.252155 0.516531 0.460583 0.724959
0 0.399036 0.788602 0.190608 0.580174 0.219369 0.551413 0.427797 0.759841
0 0.362234 0.825404 0.153805 0.616976 0.182566 0.588215 0.390995 0.796643
0 0.332651 0.870504 0.118821 0.660344 0.147303 0.631364 0.361134 0.841523
0 0.293475 0.909680 0.079644 0.699521 0.108127 0.670541 0.321958 0.880700
0 0.257127 0.948123 0.043296 0.737964 0.071778 0.708984 0.285609 0.919143
