1 0.691650 0.719985 0.290997 0.319332 0.395669 0.214659 0.796323 0.615313
1 0.146396 0.408790 0.015021 0.277415 0.072405 0.220030 0.203781 0.351406
1 0.139631 0.460565 -0.014249 0.306685 0.029078 0.263358 0.182959 0.417238
1 0.134005 0.534829 -0.054194 0.346630 -0.019876 0.312311 0.168324 0.500511
1 0.608939 0.728416 0.270735 0.390212 0.335445 0.325502 0.673650 0.663706
1 0.535220 0.751483 0.251612 0.467875 0.302810 0.416677 0.586417 0.700285
1 0.505388 0.786923 0.247669 0.529203 0.283109 0.493763 0.540829 0.751483
1 0.466566 0.799875 0.246547 0.579856 0.289874 0.536528 0.509894 0.756548
1 0.433352 0.813949 0.226847 0.607444 0.252173 0.582117 0.458679 0.788623
1 0.408043 0.830250 0.221798 0.644006 0.245426 0.620379 0.431670 0.806623
1 0.381595 0.830828 0.207707 0.656940 0.229090 0.635557 0.402978 0.809445
1 0.356268 0.833649 0.205464 0.682845 0.225724 0.662584 0.376528 0.813388
1 0.345457 0.837865 0.204444 0.696852 0.218773 0.682523 0.359786 0.823536
1 0.328850 0.838834 0.199888 0.709871 0.210954 0.698806 0.339916 0.827768
1 0.316153 0.844358 0.189163 0.717368 0.204138 0.702393 0.331128 0.829383
1 0.308980 0.856086 0.187191 0.734298 0.199566 0.721923 0.321354 0.843712
1 0.136401 0.573431 -0.041735 0.395295 -0.016340 0.369900 0.161796 0.548036
1 0.140617 0.604367 -0.020250 0.443500 0.000929 0.422321 0.161796 0.583188
1 0.150067 0.635948 -0.002334 0.483547 0.015582 0.465631 0.167983 0.618033
1 0.152668 0.661360 0.016227 0.524919 0.034143 0.507003 0.170584 0.643444
1 0.155609 0.680584 0.029248 0.554223 0.043254 0.540217 0.169615 0.666578
1 0.159519 0.700099 0.034143 0.574723 0.048472 0.560393 0.173848 0.685769
1 0.166998 0.754491 0.072898 0.660392 0.084949 0.648340 0.179049 0.742440
1 0.168952 0.744718 0.063447 0.639212 0.074512 0.628147 0.180018 0.733652
1 0.169275 0.731374 0.056597 0.618696 0.066371 0.608922 0.179049 0.721600
1 0.165706 0.719985 0.049441 0.603721 0.061816 0.591346 0.178080 0.707611
1 0.305138 0.904667 0.268967 0.868496 0.288940 0.848523 0.325111 0.884694
