0 0.696094 0.926389 0.247657 0.926389 0.247657 0.066667 0.696094 0.066667
0 0.929688 0.262499 0.899218 0.262499 0.899218 0.004167 0.929688 0.004167
0 0.957032 0.276389 0.924218 0.276389 0.924218 0.002778 0.957032 0.002778
0 0.857812 0.223611 0.832032 0.223611 0.832032 0.005556 0.857812 0.005556
0 0.989062 0.293056 0.954688 0.293056 0.954688 0.002778 0.989062 0.002778
0 0.817969 0.208333 0.795313 0.208333 0.795313 0.001389 0.817969 0.001389
0 0.879687 0.234722 0.853907 0.234722 0.853907 0.002778 0.879687 0.002778
0 0.904687 0.252776 0.875781 0.252776 0.875781 0.004167 0.904687 0.004167
0 0.999219 0.313889 0.982812 0.313889 0.982812 0.011111 0.999219 0.011111
0 0.835937 0.213889 0.813281 0.213889 0.813281 0.001389 0.835937 0.001389
0 0.800000 0.193056 0.777344 0.193056 0.777344 0.001389 0.800000 0.001389
0 0.780469 0.181944 0.760155 0.181944 0.760155 0.001389 0.780469 0.001389
0 0.753126 0.165278 0.735156 0.165278 0.735156 0.001388 0.753126 0.001388
0 0.767969 0.170833 0.749999 0.170833 0.749999 0.005556 0.767969 0.005556
0 0.737948 0.163890 0.719977 0.163890 0.719977 0.000000 0.737948 0.000000
0 0.725893 0.143737 0.707928 0.143458 0.710161 -0.000279 0.728126 0.000000
0 0.716519 0.143737 0.698548 0.143737 0.698548 0.000000 0.716519 0.000000
0 0.707590 0.143737 0.689620 0.143737 0.689620 0.000000 0.707590 0.000000
0 0.694643 0.143737 0.676678 0.143458 0.678911 -0.000279 0.696876 0.000000
0 0.685706 0.123413 0.673214 0.123096 0.676349 -0.000317 0.688841 0.000000
0 0.678563 0.123413 0.666071 0.123096 0.669206 -0.000317 0.681698 0.000000
0 0.668742 0.123413 0.656250 0.123096 0.659384 -0.000317 0.671876 0.000000
0 0.671094 0.132622 0.598214 0.132622 0.598214 0.000000 0.671094 0.000000
