0 0.689062 0.888889 0.545313 0.888889 0.545313 0.608333 0.689062 0.608333
0 0.740000 0.853994 0.702500 0.853994 0.702500 0.602067 0.740000 0.602067
0 0.764167 0.849550 0.726667 0.849550 0.726667 0.597622 0.764167 0.597622
0 0.793333 0.840658 0.755833 0.840658 0.755833 0.588731 0.793333 0.588731
0 0.828333 0.831767 0.790833 0.831767 0.790833 0.579839 0.828333 0.579839
0 0.853333 0.824356 0.815833 0.824356 0.815833 0.572430 0.853333 0.572430
0 0.852500 0.818428 0.846645 0.581983 0.873333 0.581322 0.879188 0.817767
0 0.875000 0.812500 0.869145 0.576055 0.895833 0.575394 0.901688 0.811839
0 0.896667 0.806572 0.890814 0.570127 0.917500 0.569467 0.923353 0.805912
0 0.916667 0.799164 0.910814 0.562716 0.937500 0.562056 0.943353 0.798503
0 0.937500 0.793236 0.931645 0.556789 0.958333 0.556128 0.964188 0.792575
0 0.957500 0.787308 0.951645 0.550861 0.978333 0.550200 0.984187 0.786647
0 0.998438 0.784344 0.977500 0.784344 0.977500 0.557611 0.998438 0.557611
