0 0.236625 0.970135 0.137321 0.842580 0.347834 0.678691 0.447138 0.806246
0 0.336959 1.115558 0.216543 0.921802 0.352997 0.836998 0.473413 1.030754
0 0.196378 0.845705 0.125434 0.750320 0.345792 0.586424 0.416737 0.681810
0 0.616362 0.584837 0.369530 0.338005 0.391418 0.316117 0.638250 0.562949
0 0.643453 0.802615 0.323290 0.482452 0.358904 0.446838 0.679067 0.767001
0 0.634152 0.717634 0.344107 0.427590 0.374900 0.396797 0.664944 0.686842
0 0.626097 0.640574 0.361587 0.376064 0.386072 0.351579 0.650582 0.616089
0 0.639089 0.872451 0.318927 0.552288 0.354542 0.516673 0.674705 0.836835
0 0.610274 0.537251 0.381333 0.306983 0.398554 0.289862 0.627495 0.520130
0 0.603189 0.491962 0.390420 0.276851 0.408111 0.259353 0.620880 0.474464
0 0.600558 0.452689 0.396505 0.247266 0.414876 0.229018 0.618929 0.434441
0 0.596536 0.418988 0.405638 0.227751 0.422252 0.211167 0.613150 0.402404
0 0.587728 0.381689 0.415429 0.198805 0.430151 0.184935 0.602450 0.367819
0 0.583424 0.352335 0.423257 0.183227 0.437352 0.169877 0.597519 0.338984
0 0.584051 0.324589 0.429727 0.163895 0.442677 0.151458 0.597001 0.312152
