0 0.729688 0.998611 0.149999 0.998611 0.149999 0.080556 0.729688 0.080556
0 0.105469 0.230556 0.078124 0.230556 0.078124 0.004167 0.105469 0.004167
0 0.082031 0.243056 0.053126 0.243056 0.053126 0.004167 0.082031 0.004167
0 0.057813 0.255556 0.027344 0.255556 0.027344 0.004167 0.057813 0.004167
0 0.128906 0.219444 0.101562 0.219444 0.101562 0.001389 0.128906 0.001389
0 0.031251 0.277778 -0.000781 0.277778 -0.000781 0.004167 0.031251 0.004167
0 0.150781 0.206944 0.125781 0.206944 0.125781 0.002778 0.150781 0.002778
0 0.178126 0.191667 0.156251 0.191667 0.156251 0.002778 0.178126 0.002778
0 0.161720 0.193056 0.139845 0.193056 0.139845 0.004167 0.161720 0.004167
0 0.199554 0.163193 0.177679 0.163193 0.177679 0.000000 0.199554 0.000000
0 0.212947 0.163193 0.191072 0.163193 0.191072 0.000000 0.212947 0.000000
0 0.227233 0.156843 0.205358 0.156843 0.205358 0.000000 0.227233 0.000000
0 0.237054 0.150492 0.219866 0.150492 0.219866 0.000000 0.237054 0.000000
0 0.248428 0.142938 0.233259 0.142550 0.236912 -0.000346 0.252081 0.000042
0 0.268301 0.128462 0.253795 0.128260 0.255583 -0.000202 0.270090 0.000000
0 0.266358 0.132153 0.265178 -0.000000 0.345472 -0.000717 0.346652 0.131436
