0 0.188884 0.720693 -0.031788 0.681043 0.001573 0.495370 0.222246 0.535020
0 0.048568 0.857918 -0.055839 0.830653 0.000524 0.614815 0.104932 0.642080
0 0.299709 0.577193 0.013874 0.559791 0.022036 0.425739 0.307870 0.443141
0 0.547219 0.672223 0.514690 0.672223 0.514690 0.287038 0.547219 0.287038
0 0.576075 0.601852 0.548269 0.601852 0.548269 0.274074 0.576075 0.274074
0 0.468521 0.762963 0.419728 0.762963 0.419728 0.337963 0.468521 0.337963
0 0.514691 0.694445 0.470620 0.694445 0.470620 0.307408 0.514691 0.307408
0 0.423399 0.835185 0.369885 0.835185 0.369885 0.362037 0.423399 0.362037
0 0.359391 0.894445 0.306401 0.894445 0.306401 0.405555 0.359391 0.405555
0 0.574187 0.570597 0.573249 0.259711 0.600210 0.259630 0.601147 0.570516
0 0.601889 0.532068 0.600110 0.243112 0.624635 0.242961 0.626414 0.531917
0 0.647198 0.503929 0.626017 0.503911 0.626249 0.233686 0.647429 0.233704
0 0.667960 0.473004 0.647219 0.472791 0.649774 0.224231 0.670514 0.224444
0 0.681036 0.449487 0.663109 0.449011 0.669376 0.212858 0.687303 0.213333
0 0.701679 0.419574 0.680797 0.419441 0.682162 0.205793 0.703043 0.205926
0 0.712028 0.403517 0.696747 0.402844 0.705600 0.201550 0.720881 0.202222
