0 0.543547 0.770660 0.522561 0.770660 0.522561 0.577140 0.543547 0.577140
0 0.502624 0.764178 0.482687 0.764178 0.482687 0.566030 0.502624 0.566030
0 0.980063 0.235104 0.735556 0.214970 0.754969 -0.020771 0.999475 -0.000637
0 0.860575 0.449093 0.606506 0.233252 0.728092 0.090131 0.982162 0.305973
0 0.746979 0.486671 0.508919 0.327697 0.582087 0.218130 0.820147 0.377105
0 0.663056 0.522870 0.442812 0.385104 0.494131 0.303061 0.714376 0.440827
0 0.600894 0.537544 0.393831 0.434686 0.424207 0.373537 0.631270 0.476394
0 0.392120 0.503237 0.356768 0.501771 0.377659 -0.002102 0.413012 -0.000637
0 0.352948 0.534057 0.327387 0.533252 0.343799 0.011747 0.369360 0.012551
0 0.315542 0.558448 0.291710 0.557326 0.314469 0.073671 0.338300 0.074792
0 0.289735 0.580542 0.268625 0.579549 0.289489 0.136040 0.310598 0.137033
0 0.268754 0.595342 0.252760 0.594286 0.279494 0.189327 0.295488 0.190383
0 0.254873 0.611769 0.243288 0.611020 0.267953 0.229645 0.279538 0.230394
0 0.480168 0.743139 0.459719 0.742380 0.466737 0.553453 0.487186 0.554213
0 0.562434 0.757326 0.547324 0.757326 0.547324 0.581610 0.562434 0.581610
