0 0.773738 0.077464 0.103666 0.077464 0.103666 0.000841 0.773738 0.000841
0 0.091426 0.987529 0.069964 0.652597 0.932993 0.597296 0.954455 0.932228
0 0.099365 0.176671 0.099159 0.081971 0.787260 0.080469 0.787466 0.175169
0 0.111385 0.269820 0.111178 0.175120 0.812600 0.173589 0.812807 0.268289
0 0.115853 0.391908 0.114183 0.278786 0.835373 0.268136 0.837043 0.381257
0 0.128562 0.503518 0.124699 0.394471 0.870537 0.368056 0.874399 0.477103
0 0.138009 0.632920 0.132212 0.517668 0.900152 0.479039 0.905950 0.594291
0 0.519832 0.998437 0.000000 0.998437 0.000000 0.909796 0.519832 0.909796
0 0.001883 0.954685 -0.007389 0.859433 0.509315 0.809135 0.518587 0.904386
0 0.005295 0.879494 -0.017333 0.764468 0.103574 0.740682 0.126202 0.855709
0 0.002585 0.768698 -0.010936 0.654516 0.091647 0.642368 0.105168 0.756550
0 0.000244 0.673573 -0.002761 0.566902 0.091647 0.564243 0.094651 0.670914
0 0.000088 0.597105 -0.002917 0.500951 0.087139 0.498137 0.090144 0.594291
