0 0.123400 0.756188 -0.045068 0.692640 0.013904 0.536303 0.182371 0.599851
0 0.249155 0.648352 -0.011286 0.623159 0.000000 0.506489 0.260441 0.531682
0 0.455569 0.826310 0.417884 0.826310 0.417884 0.370192 0.455569 0.370192
0 0.506740 0.734154 0.480058 0.734154 0.480058 0.333878 0.506740 0.333878
0 0.380758 0.972416 0.329546 0.972416 0.329546 0.409960 0.380758 0.409960
0 0.483742 0.774557 0.452582 0.774557 0.452582 0.349817 0.483742 0.349817
0 0.556348 0.657219 0.529174 0.657219 0.529174 0.294958 0.556348 0.294958
0 0.418764 0.906815 0.375498 0.906815 0.375498 0.390467 0.418764 0.390467
0 0.579085 0.628174 0.554955 0.628174 0.554955 0.297131 0.579085 0.297131
0 0.531388 0.694910 0.503616 0.694910 0.503616 0.322938 0.531388 0.322938
0 0.034278 0.908044 -0.047149 0.888779 -0.000000 0.689501 0.081427 0.708767
0 0.333712 0.999074 0.276962 0.999074 0.276962 0.436790 0.333712 0.436790
0 0.599530 0.605881 0.580284 0.605773 0.582014 0.298410 0.601259 0.298519
0 0.611749 0.583831 0.594324 0.583453 0.600623 0.292586 0.618048 0.292963
0 0.627900 0.563095 0.609953 0.562722 0.615841 0.279627 0.633788 0.280000
0 0.637082 0.540947 0.622426 0.540432 0.631723 0.275781 0.646380 0.276296
0 0.652085 0.524601 0.637364 0.524141 0.645300 0.270281 0.660021 0.270741
0 0.663012 0.509837 0.648856 0.509277 0.658457 0.266477 0.672613 0.267037
0 0.674930 0.493474 0.662539 0.493152 0.668616 0.259308 0.681007 0.259630
