0 0.026891 0.764686 0.011567 0.445876 0.205829 0.436539 0.221154 0.755349
0 0.239465 0.755328 0.210619 0.444030 0.291466 0.436538 0.320312 0.747837
0 0.355872 0.755938 0.337542 0.446142 0.423678 0.441046 0.442007 0.750841
0 0.477566 0.758942 0.459237 0.449147 0.545373 0.444050 0.563702 0.753846
0 0.567711 0.761947 0.549381 0.452152 0.635517 0.447055 0.653846 0.756851
0 0.650343 0.751430 0.632014 0.441635 0.718149 0.436539 0.736478 0.746334
0 0.782020 0.744809 0.748667 0.472573 0.809796 0.465084 0.843149 0.737320
0 0.837609 0.741804 0.804256 0.469569 0.865384 0.462079 0.898738 0.734315
0 0.918739 0.738799 0.885386 0.466564 0.946514 0.459074 0.979868 0.731310
0 0.938871 0.738799 0.905518 0.466564 0.966647 0.459074 1.000000 0.731310
