0 0.134296 0.681876 0.063434 0.681876 0.063434 0.351498 0.134296 0.351498
0 0.188042 0.673200 0.116445 0.673200 0.116445 0.347669 0.188042 0.347669
0 0.941002 0.696911 0.864454 0.696911 0.864454 0.334627 0.941002 0.334627
0 0.516589 0.649489 0.456094 0.649489 0.456094 0.331496 0.516589 0.331496
0 0.384842 0.640598 0.320673 0.640598 0.320673 0.334798 0.384842 0.334798
0 0.998053 0.701356 0.923836 0.701356 0.923836 0.337487 0.998053 0.337487
0 0.238944 0.656899 0.173069 0.656899 0.173069 0.341624 0.238944 0.341624
0 0.612325 0.662827 0.545697 0.662827 0.545697 0.332914 0.612325 0.332914
0 0.288039 0.653935 0.223446 0.653935 0.223446 0.340384 0.288039 0.340384
0 0.427419 0.637634 0.367262 0.637634 0.367262 0.334506 0.427419 0.334506
0 0.879803 0.698393 0.804315 0.698393 0.804315 0.334124 0.879803 0.334124
0 0.335805 0.648007 0.273707 0.648007 0.273707 0.338906 0.335805 0.338906
0 0.662757 0.664308 0.597730 0.664308 0.597730 0.336197 0.662757 0.336197
0 0.080717 0.696911 -0.000963 0.696911 -0.000963 0.359387 0.080717 0.359387
0 0.470124 0.642080 0.411687 0.642080 0.411687 0.334388 0.470124 0.334388
0 0.715965 0.671718 0.647945 0.671718 0.647945 0.334491 0.715965 0.334491
0 0.560411 0.656899 0.502264 0.656899 0.502264 0.333866 0.560411 0.333866
0 0.767517 0.674682 0.697005 0.674682 0.697005 0.329562 0.767517 0.329562
0 0.821337 0.683573 0.749379 0.683573 0.749379 0.330545 0.821337 0.330545
