0 0.268630 0.698317 0.137620 0.698317 0.137620 0.429087 0.268630 0.429087
0 0.292899 0.702529 0.222910 0.697174 0.244012 0.421328 0.314002 0.426683
0 0.328957 0.702529 0.258967 0.697174 0.280070 0.421328 0.350060 0.426683
0 0.363512 0.701026 0.293523 0.695672 0.314626 0.419826 0.384615 0.425180
0 0.398068 0.702529 0.328078 0.697174 0.349181 0.421328 0.419171 0.426683
0 0.447716 0.707632 0.375269 0.705705 0.382781 0.423253 0.455228 0.425180
0 0.482262 0.714266 0.409309 0.713143 0.413826 0.419551 0.486779 0.420673
0 0.516817 0.712763 0.443864 0.711641 0.448381 0.418048 0.521334 0.419171
0 0.548368 0.712763 0.475415 0.711641 0.479931 0.418048 0.552885 0.419171
0 0.582923 0.712763 0.509970 0.711641 0.514487 0.418048 0.587440 0.419171
0 0.614474 0.711261 0.541520 0.710138 0.546037 0.416546 0.618990 0.417668
0 0.656541 0.715768 0.583588 0.714646 0.588104 0.421053 0.661058 0.422175
