0 0.281217 0.627778 0.252361 0.627778 0.252361 0.389815 0.281217 0.389815
0 0.729276 0.678383 0.682582 0.678383 0.682582 0.387963 0.729276 0.387963
0 0.255509 0.623149 0.237671 0.623149 0.237671 0.387964 0.255509 0.387964
0 0.682267 0.687275 0.635572 0.687275 0.635572 0.396855 0.682267 0.396855
0 0.629381 0.696167 0.582687 0.696167 0.582687 0.405746 0.629381 0.405746
0 0.579853 0.694685 0.533159 0.694685 0.533159 0.404264 0.579853 0.404264
0 0.527807 0.690609 0.481113 0.690609 0.481113 0.402782 0.527807 0.402782
0 0.477440 0.680235 0.430746 0.680235 0.430746 0.404264 0.477440 0.404264
0 0.433788 0.678754 0.387094 0.678754 0.387094 0.402782 0.433788 0.402782
0 0.385100 0.660970 0.338406 0.660970 0.338406 0.398337 0.385100 0.398337
