0 0.333571 0.634670 0.258351 0.634670 0.258351 0.262345 0.333571 0.262345
0 0.603490 0.624296 0.530446 0.624296 0.530446 0.251335 0.603490 0.251335
0 0.882896 0.665791 0.792308 0.655623 0.837782 0.250470 0.928371 0.260638
0 0.160272 0.640598 0.084086 0.640598 0.084086 0.268688 0.160272 0.268688
0 0.841153 0.635382 0.763331 0.635382 0.763331 0.255632 0.841153 0.255632
0 0.385730 0.631706 0.311586 0.631706 0.311586 0.256428 0.385730 0.256428
0 0.715225 0.625779 0.643105 0.625779 0.643105 0.252359 0.715225 0.252359
0 0.098936 0.655417 0.022528 0.655417 0.022528 0.277473 0.098936 0.277473
0 0.776092 0.631227 0.702032 0.631227 0.702032 0.253389 0.776092 0.253389
0 0.218309 0.640598 0.141717 0.640598 0.141717 0.268058 0.218309 0.268058
0 0.658085 0.616887 0.583117 0.616887 0.583117 0.249224 0.658085 0.249224
0 0.545946 0.616887 0.472119 0.616887 0.472119 0.250215 0.545946 0.250215
0 0.438851 0.633188 0.364145 0.633188 0.364145 0.253825 0.438851 0.253825
0 0.276859 0.637634 0.200200 0.637634 0.200200 0.265510 0.276859 0.265510
0 0.493223 0.621332 0.418393 0.621332 0.418393 0.253001 0.493223 0.253001
0 0.034937 0.664308 0.000103 0.664308 0.000103 0.280625 0.034937 0.280625
0 0.999475 0.678559 0.906033 0.678559 0.906033 0.262965 0.999475 0.262965
