0 0.173188 0.904949 0.086084 0.791066 0.248965 0.666485 0.336069 0.780368
0 0.296936 1.004125 0.143589 0.849591 0.214006 0.779715 0.367353 0.934249
0 0.597916 0.724909 0.261442 0.388434 0.290603 0.359272 0.627078 0.695747
0 0.644718 0.954631 0.221518 0.531431 0.262228 0.490722 0.685427 0.913921
0 0.587115 0.656964 0.282716 0.352565 0.310023 0.325258 0.614422 0.629657
0 0.609078 0.794212 0.252862 0.437996 0.284151 0.406707 0.640367 0.762923
0 0.584465 0.602844 0.297238 0.315617 0.319825 0.293031 0.607051 0.580258
0 0.578753 0.555336 0.309180 0.285763 0.328574 0.266368 0.598148 0.535941
0 0.632196 0.872149 0.241953 0.481907 0.274392 0.449468 0.664635 0.839710
0 0.119863 0.818671 0.050591 0.728694 0.268922 0.560603 0.338195 0.650580
0 0.566899 0.507999 0.316876 0.257976 0.334445 0.240408 0.584467 0.490430
0 0.568097 0.479057 0.332413 0.243372 0.348664 0.227121 0.584348 0.462806
0 0.566612 0.450369 0.345932 0.217901 0.358545 0.205928 0.579226 0.438396
0 0.567526 0.422283 0.351661 0.197459 0.364026 0.185587 0.579891 0.410411
0 0.564369 0.385708 0.358812 0.177566 0.370092 0.166426 0.575649 0.374568
0 0.548499 0.336176 0.372797 0.144524 0.383185 0.135001 0.558887 0.326652
0 0.555151 0.355098 0.368785 0.164937 0.377686 0.156213 0.564052 0.346374
