0 0.846898 0.838893 0.801166 0.610959 0.997591 0.571549 1.043323 0.799483
0 0.709780 0.659684 0.694555 0.495369 0.998438 0.467213 1.013662 0.631527
0 0.401514 0.631077 0.370327 0.631077 0.370327 0.227786 0.401514 0.227786
0 0.429795 0.664528 0.399081 0.664528 0.399081 0.250867 0.429795 0.250867
0 0.506519 0.767015 0.461199 0.767015 0.461199 0.291224 0.506519 0.291224
0 0.464642 0.715243 0.428070 0.715243 0.428070 0.262620 0.464642 0.262620
0 0.370844 0.590191 0.341928 0.590191 0.341928 0.205421 0.370844 0.205421
0 0.625261 0.524282 0.613128 0.403490 0.875804 0.377105 0.887937 0.497897
0 0.343794 0.554289 0.317762 0.554289 0.317762 0.200143 0.343794 0.200143
0 0.556539 0.832764 0.505539 0.832764 0.505539 0.334245 0.556539 0.334245
0 0.604355 0.895128 0.550399 0.895128 0.550399 0.353797 0.604355 0.353797
0 0.297892 0.527848 0.294345 0.191111 0.315125 0.190892 0.318672 0.527629
0 0.281933 0.501278 0.276507 0.178148 0.296613 0.177811 0.302039 0.500941
0 0.268521 0.479103 0.260767 0.176296 0.278229 0.175849 0.285983 0.478656
0 0.251695 0.459656 0.248175 0.165185 0.263124 0.165007 0.266643 0.459478
0 0.239996 0.434533 0.235583 0.155926 0.251318 0.155677 0.255730 0.434284
0 0.229460 0.421285 0.218794 0.148518 0.235220 0.147876 0.245886 0.420643
0 0.218501 0.407948 0.210400 0.139259 0.222619 0.138891 0.230721 0.407580
0 0.207313 0.384261 0.199907 0.131852 0.212227 0.131490 0.219634 0.383899
0 0.198383 0.368030 0.188364 0.128148 0.200084 0.127659 0.210103 0.367540
0 0.188994 0.351724 0.176822 0.124444 0.189971 0.123740 0.202143 0.351020
0 0.179385 0.348975 0.163180 0.117037 0.175500 0.116176 0.191704 0.348115
