0 0.195017 0.939202 0.112012 0.818014 0.271952 0.708467 0.354957 0.829655
0 0.615218 0.614819 0.326959 0.326560 0.351815 0.301703 0.640074 0.589963
0 0.621559 0.671964 0.307271 0.357675 0.333576 0.331370 0.647865 0.645658
0 0.624322 0.741013 0.286035 0.402726 0.318832 0.369929 0.657119 0.708216
0 0.126652 0.854955 0.063262 0.766297 0.283738 0.608659 0.347128 0.697318
0 0.633062 0.822193 0.264508 0.453639 0.301000 0.417147 0.669555 0.785701
0 0.658504 0.917621 0.248820 0.507936 0.286062 0.470694 0.695747 0.880379
0 0.664614 0.992926 0.244653 0.572965 0.284289 0.533329 0.704250 0.953290
0 0.314316 1.019995 0.185081 0.890760 0.234781 0.841061 0.364016 0.970296
0 0.618037 0.568386 0.332659 0.283009 0.353430 0.262238 0.638807 0.547616
0 0.605621 0.515980 0.350671 0.261029 0.370508 0.241192 0.625458 0.496142
0 0.612107 0.480445 0.372578 0.237032 0.387465 0.222383 0.626994 0.465795
0 0.606677 0.443969 0.378843 0.214841 0.394267 0.199505 0.622100 0.428633
0 0.603114 0.413941 0.388906 0.191601 0.403482 0.177558 0.617691 0.399898
