0 0.723585 0.709404 0.312620 0.709404 0.312620 0.633752 0.723585 0.633752
0 0.733959 0.795825 0.322848 0.795825 0.322848 0.718319 0.733959 0.718319
0 0.765092 0.064036 0.320194 0.064036 0.320194 -0.000997 0.765092 -0.000997
0 0.749969 0.867822 0.332827 0.867822 0.332827 0.791419 0.749969 0.791419
0 0.734822 0.205230 0.309829 0.205230 0.309829 0.120644 0.734822 0.120644
0 0.717657 0.272399 0.305512 0.272399 0.305512 0.194720 0.717657 0.194720
0 0.797681 0.963443 0.346397 0.963443 0.346397 0.881082 0.797681 0.881082
0 0.710248 0.337633 0.301171 0.337633 0.301171 0.261724 0.710248 0.261724
0 0.768044 0.134710 0.315780 0.134710 0.315780 0.041838 0.768044 0.041838
0 0.704320 0.402919 0.301800 0.402919 0.301800 0.326495 0.704320 0.326495
0 0.714694 0.584634 0.303494 0.584634 0.303494 0.507581 0.714694 0.507581
0 0.702839 0.523785 0.300963 0.523785 0.300963 0.450110 0.702839 0.450110
0 0.723585 0.646893 0.307522 0.646893 0.307522 0.572656 0.723585 0.572656
0 0.701357 0.461419 0.301967 0.461419 0.301967 0.387600 0.701357 0.387600
0 0.394768 0.474203 0.207991 0.474203 0.207991 0.428638 0.394768 0.428638
