0 0.101922 0.693440 -0.044734 0.656237 0.000248 0.478913 0.146905 0.516116
0 0.377528 0.917478 0.317920 0.917478 0.317920 0.323345 0.377528 0.323345
0 0.486086 0.769651 0.436856 0.769651 0.436856 0.284534 0.486086 0.284534
0 0.224066 0.565169 -0.016018 0.522193 0.006086 0.398709 0.246170 0.441685
0 0.436845 0.844332 0.378177 0.844332 0.378177 0.302850 0.436845 0.302850
0 0.559114 0.670135 0.521792 0.670135 0.521792 0.249372 0.559114 0.249372
0 0.524588 0.718735 0.483012 0.718735 0.483012 0.259329 0.524588 0.259329
0 0.318317 0.999074 0.249893 0.999074 0.249893 0.349966 0.318317 0.349966
0 0.275551 0.481697 0.035754 0.415615 0.065975 0.305953 0.305771 0.372035
0 0.591021 0.627982 0.559421 0.627982 0.559421 0.229200 0.591021 0.229200
0 0.618882 0.582846 0.591208 0.582846 0.591208 0.215574 0.618882 0.215574
