0 0.772236 0.851442 0.579183 0.851442 0.579183 0.143534 0.772236 0.143534
0 0.564327 0.800288 0.435601 0.800288 0.435601 0.219447 0.564327 0.219447
0 0.439351 0.758149 0.356851 0.758149 0.356851 0.283606 0.439351 0.283606
0 0.362572 0.720337 0.284639 0.720337 0.284639 0.312260 0.362572 0.312260
0 0.282356 0.687091 0.230793 0.687091 0.230793 0.323726 0.282356 0.323726
0 0.237668 0.660625 0.195481 0.660625 0.195481 0.345409 0.237668 0.345409
0 0.206635 0.654279 0.158894 0.654279 0.158894 0.366106 0.206635 0.366106
0 0.170817 0.631178 0.133413 0.631178 0.133413 0.369303 0.170817 0.369303
0 0.143774 0.617668 0.112716 0.617668 0.112716 0.383606 0.143774 0.383606
0 0.122284 0.608918 0.090457 0.608918 0.090457 0.389976 0.122284 0.389976
0 0.100793 0.597764 0.076923 0.597764 0.076923 0.397139 0.100793 0.397139
0 0.083293 0.592981 0.063389 0.592981 0.063389 0.406707 0.083293 0.406707
0 0.073726 0.596178 0.049856 0.596178 0.049856 0.415457 0.073726 0.415457
0 0.537596 1.000000 0.447668 1.000000 0.447668 0.892692 0.537596 0.892692
0 0.441322 1.000000 0.352187 1.000000 0.352187 0.854495 0.441322 0.854495
0 0.357764 1.000000 0.286130 1.000000 0.286130 0.806731 0.357764 0.806731
0 0.288510 1.000000 0.236803 1.000000 0.236803 0.762188 0.288510 0.762188
0 0.239183 1.000000 0.187452 1.000000 0.187452 0.718413 0.239183 0.718413
0 0.212909 1.000000 0.173125 1.000000 0.173125 0.713630 0.212909 0.713630
0 0.185072 0.954038 0.145264 0.954038 0.145264 0.694543 0.185072 0.694543
0 0.153245 0.906298 0.123005 0.906298 0.123005 0.675433 0.153245 0.675433
0 0.128558 0.877644 0.101514 0.877644 0.101514 0.657933 0.128558 0.657933
0 0.076034 0.776587 0.048197 0.776587 0.048197 0.615745 0.076034 0.615745
0 0.084784 0.799663 0.059327 0.799663 0.059327 0.620529 0.084784 0.620529
0 0.093558 0.817163 0.072067 0.817163 0.072067 0.625288 0.093558 0.625288
0 0.104687 0.843438 0.081611 0.843438 0.081611 0.642813 0.104687 0.642813
