0 0.195556 0.618934 -0.017752 0.589498 0.001592 0.449319 0.214900 0.478756
0 0.042658 0.754826 -0.057237 0.722224 0.000839 0.544273 0.100735 0.576875
0 0.412246 0.852710 0.357814 0.852710 0.357814 0.340539 0.412246 0.340539
0 0.523444 0.681603 0.489746 0.681603 0.489746 0.265080 0.523444 0.265080
0 0.491908 0.726862 0.449716 0.726862 0.449716 0.295111 0.491908 0.295111
0 0.452087 0.783483 0.408837 0.783483 0.408837 0.312079 0.452087 0.312079
0 0.362764 0.932027 0.300354 0.932027 0.300354 0.362283 0.362764 0.362283
0 0.558455 0.633065 0.525661 0.633065 0.525661 0.256819 0.558455 0.256819
0 0.282644 0.532934 0.036740 0.481864 0.058609 0.376568 0.304512 0.427639
0 0.585412 0.580178 0.558052 0.580178 0.558052 0.230826 0.585412 0.230826
0 0.586652 0.549522 0.585461 0.239352 0.609654 0.239259 0.610845 0.549430
0 0.631554 0.514027 0.612382 0.513947 0.613567 0.228069 0.632739 0.228148
0 0.653515 0.484309 0.630850 0.484309 0.630850 0.215185 0.653515 0.215185
0 0.673662 0.463562 0.645960 0.463562 0.645960 0.204074 0.673662 0.204074
0 0.683329 0.432705 0.667786 0.432442 0.671760 0.198255 0.687303 0.198519
0 0.699307 0.413438 0.683736 0.413177 0.687471 0.190849 0.703043 0.191111
