1 0.239831 0.468894 0.214495 0.468894 0.214495 0.242308 0.239831 0.242308
1 0.219111 0.453702 0.194687 0.453702 0.194687 0.248294 0.219111 0.248294
1 0.182716 0.465216 0.161995 0.465216 0.161995 0.278245 0.182716 0.278245
1 0.161995 0.462452 0.142669 0.462452 0.142669 0.280072 0.161995 0.280072
1 0.002472 0.001808 0.001991 0.001769 0.002127 0.000083 0.002608 0.000122
1 0.843413 0.676898 0.678389 0.676898 0.678389 0.084327 0.843413 0.084327
1 0.674952 0.631058 0.555769 0.631058 0.555769 0.130169 0.674952 0.130169
1 0.558077 0.570337 0.468678 0.570337 0.468678 0.126731 0.558077 0.126731
1 0.472116 0.539398 0.403366 0.539398 0.403366 0.171419 0.472116 0.171419
1 0.403366 0.519905 0.352933 0.519905 0.352933 0.186322 0.403366 0.186322
1 0.352933 0.502716 0.311683 0.502716 0.311683 0.200072 0.352933 0.200072
1 0.311683 0.493558 0.268148 0.493558 0.268148 0.225288 0.311683 0.225288
1 0.272067 0.471202 0.240745 0.471202 0.240745 0.215144 0.272067 0.215144
1 0.141731 0.451394 0.125625 0.451394 0.125625 0.281923 0.141731 0.281923
1 0.136202 0.450023 0.119639 0.450023 0.119639 0.286058 0.136202 0.286058
1 0.115481 0.442644 0.101683 0.442644 0.101683 0.289303 0.115481 0.289303
1 0.108581 0.440817 0.094303 0.440817 0.094303 0.299880 0.108581 0.299880
1 0.097067 0.437572 0.082787 0.437572 0.082787 0.297116 0.097067 0.297116
1 0.083245 0.437572 0.070817 0.437572 0.070817 0.302188 0.083245 0.302188
1 0.057368 0.287241 0.038102 0.230317 0.055180 0.224537 0.074446 0.281461
1 0.975313 0.998438 0.773630 0.998438 0.773630 0.789544 0.975313 0.789544
1 0.765602 0.998438 0.626947 0.998438 0.626947 0.765481 0.765602 0.765481
1 0.626947 0.998438 0.526106 0.998438 0.526106 0.710481 0.626947 0.710481
1 0.530673 0.998438 0.451611 0.998438 0.451611 0.666924 0.530673 0.666924
1 0.450456 0.958125 0.390866 0.958125 0.390866 0.632548 0.450456 0.632548
1 0.390866 0.899662 0.345048 0.899662 0.345048 0.608486 0.390866 0.608486
1 0.343462 0.854014 0.304327 0.854014 0.304327 0.574159 0.343462 0.574159
1 0.306322 0.809591 0.269183 0.809591 0.269183 0.556273 0.306322 0.556273
1 0.273148 0.773773 0.243991 0.773773 0.243991 0.543655 0.273148 0.543655
1 0.243991 0.737308 0.217452 0.737308 0.217452 0.530409 0.243991 0.530409
1 0.218773 0.712116 0.196227 0.712116 0.196227 0.519784 0.218773 0.519784
1 0.196227 0.698845 0.179662 0.698845 0.179662 0.509831 0.196227 0.509831
1 0.180312 0.680264 0.158438 0.680264 0.158438 0.506514 0.180312 0.506514
1 0.998438 0.747233 0.835938 0.747233 0.835938 0.041856 0.998438 0.041856
