0 0.240305 0.442592 0.197807 0.442592 0.197807 0.200926 0.240305 0.200926
0 0.278081 0.435186 0.235059 0.435186 0.235059 0.199075 0.278081 0.199075
0 0.311659 0.435186 0.275458 0.435186 0.275458 0.201852 0.311659 0.201852
0 0.346286 0.433333 0.310084 0.433333 0.310084 0.200000 0.346286 0.200000
0 0.383013 0.431482 0.346812 0.431482 0.346812 0.198149 0.383013 0.198149
0 0.416067 0.435186 0.379865 0.435186 0.379865 0.201852 0.416067 0.201852
0 0.449644 0.433333 0.413443 0.433333 0.413443 0.200000 0.449644 0.200000
0 0.479549 0.437963 0.443349 0.437963 0.443349 0.204630 0.479549 0.204630
0 0.513127 0.436111 0.476927 0.436111 0.476927 0.202778 0.513127 0.202778
0 0.538836 0.430556 0.505259 0.430556 0.505259 0.204630 0.538836 0.204630
0 0.576612 0.462036 0.537262 0.462036 0.537262 0.205555 0.576612 0.205555
0 -0.000513 0.996259 -0.031321 0.561777 0.298196 0.538412 0.329004 0.972894
0 0.352058 0.920681 0.098542 0.557610 0.333976 0.393219 0.587491 0.756290
0 0.595499 0.728032 0.269791 0.501297 0.370487 0.356645 0.696195 0.583380
0 0.733170 0.599104 0.429287 0.461285 0.481329 0.346537 0.785211 0.484355
0 0.846496 0.504261 0.540935 0.404972 0.569347 0.317534 0.874908 0.416822
0 0.896041 0.426650 0.624041 0.370888 0.635776 0.313644 0.907776 0.369406
