1 0.854087 0.417668 0.150337 0.417668 0.150337 0.237765 0.854087 0.237765
1 0.788750 0.549471 0.223678 0.549471 0.223678 0.437163 0.788750 0.437163
1 0.753221 0.638847 0.283269 0.638847 0.283269 0.556347 0.753221 0.556347
1 0.710817 0.711034 0.314207 0.711034 0.314207 0.641129 0.710817 0.641129
1 0.688413 0.760361 0.336659 0.760361 0.336659 0.704663 0.688413 0.704663
1 0.659760 0.800961 0.347019 0.800961 0.347019 0.753222 0.659760 0.753222
1 0.649423 0.833533 0.364519 0.833533 0.364519 0.797765 0.649423 0.797765
1 0.630457 0.864350 0.372043 0.864350 0.372043 0.831659 0.630457 0.831659
1 0.619856 0.882308 0.378486 0.882308 0.378486 0.852380 0.619856 0.852380
1 0.606514 0.904879 0.390937 0.904879 0.390937 0.879999 0.606514 0.879999
1 0.599135 0.917764 0.390481 0.917764 0.390481 0.896129 0.599135 0.896129
1 0.593149 0.934351 0.403822 0.934351 0.403822 0.908558 0.593149 0.908558
1 0.599135 0.945409 0.414880 0.945409 0.414880 0.914087 0.599135 0.914087
1 1.000000 0.549976 0.901490 0.549976 0.901490 0.457355 1.000000 0.457355
1 1.000000 0.647379 0.847067 0.647379 0.847067 0.559519 1.000000 0.559519
1 1.000000 0.710409 0.796442 0.710409 0.796442 0.639736 1.000000 0.639736
1 1.000000 0.762621 0.765625 0.762621 0.765625 0.705577 1.000000 0.705577
1 1.000000 0.803077 0.717212 0.803077 0.717212 0.767908 1.000000 0.767908
1 0.977837 0.822307 0.707933 0.822307 0.707933 0.793774 0.977837 0.793774
1 0.949327 0.847499 0.684712 0.847499 0.684712 0.814350 0.949327 0.814350
1 0.908870 0.872043 0.674760 0.872043 0.674760 0.846177 0.908870 0.846177
1 0.877043 0.895240 0.658197 0.895240 0.658197 0.866058 0.877043 0.866058
1 0.841899 0.910504 0.643606 0.910504 0.643606 0.883317 0.841899 0.883317
1 0.820000 0.923775 0.626370 0.923775 0.626370 0.899879 0.820000 0.899879
1 0.794808 0.934376 0.617067 0.934376 0.617067 0.920457 0.794808 0.920457
1 0.783534 0.949615 0.617067 0.949615 0.617067 0.934375 0.783534 0.934375
