0 0.918751 0.913888 0.878126 0.913888 0.878126 0.830556 0.918751 0.830556
0 0.756250 0.888889 0.729688 0.888889 0.729688 0.819445 0.756250 0.819445
0 0.726562 1.000000 0.690625 1.000000 0.690625 0.902778 0.726562 0.902778
0 0.285938 0.997222 0.243750 0.997222 0.243750 0.902778 0.285938 0.902778
0 0.589062 0.883333 0.564062 0.883333 0.564062 0.819444 0.589062 0.819444
0 0.382812 0.844445 0.357812 0.844445 0.357812 0.780555 0.382812 0.780555
0 0.310937 0.875000 0.276562 0.875000 0.276562 0.800000 0.310937 0.800000
0 0.542187 0.811111 0.515625 0.811111 0.515625 0.744444 0.542187 0.744444
0 0.501563 0.816667 0.478125 0.816667 0.478125 0.763889 0.501563 0.763889
0 0.346876 0.836112 0.325001 0.836112 0.325001 0.772222 0.346876 0.772222
