0 0.145986 0.460409 0.117332 0.460409 0.117332 0.238389 0.145986 0.238389
0 0.989399 0.668317 0.798029 0.668317 0.798029 0.000000 0.989399 0.000000
0 0.757933 0.597260 0.610096 0.597260 0.610096 0.000000 0.757933 0.000000
0 0.604375 0.544543 0.477163 0.544543 0.477163 0.051779 0.604375 0.051779
0 0.469135 0.519327 0.394663 0.519327 0.394663 0.085024 0.469135 0.085024
0 0.410697 0.522764 0.332764 0.522764 0.332764 0.106803 0.410697 0.106803
0 0.332764 0.484952 0.273197 0.484952 0.273197 0.144615 0.332764 0.144615
0 0.278101 0.475529 0.235120 0.475529 0.235120 0.168365 0.278101 0.168365
0 0.239904 0.464399 0.200913 0.464399 0.200913 0.185072 0.239904 0.185072
0 0.207260 0.453245 0.171466 0.453245 0.171466 0.193822 0.207260 0.193822
0 0.105409 0.452452 0.083125 0.452452 0.083125 0.246346 0.105409 0.246346
0 0.177812 0.463606 0.141226 0.463606 0.141226 0.224062 0.177812 0.224062
0 1.000000 1.000000 0.814880 1.000000 0.814880 0.798846 1.000000 0.798846
0 0.793101 1.000000 0.650529 1.000000 0.650529 0.735481 0.793101 0.735481
0 0.626779 1.000000 0.531707 1.000000 0.531707 0.697861 0.626779 0.697861
0 0.534952 1.000000 0.447500 1.000000 0.447500 0.659207 0.534952 0.659207
0 0.435937 1.000000 0.376538 1.000000 0.376538 0.624567 0.435937 0.624567
0 0.381466 0.945505 0.317308 0.945505 0.317308 0.617764 0.381466 0.617764
0 0.183221 0.749567 0.156875 0.749567 0.156875 0.542139 0.183221 0.542139
0 0.207284 0.795385 0.178654 0.795385 0.178654 0.553606 0.207284 0.553606
0 0.273750 0.864159 0.242813 0.864159 0.242813 0.609760 0.273750 0.609760
0 0.320745 0.898534 0.277188 0.898534 0.277188 0.608606 0.320745 0.608606
