0 0.375926 0.160558 0.130556 0.160558 0.130556 0.119110 0.375926 0.119110
0 0.999074 0.345342 0.493887 0.345342 0.493887 -0.001038 0.999074 -0.001038
0 0.391666 0.303789 0.146296 0.303789 0.146296 0.262340 0.391666 0.262340
0 0.382408 0.407147 0.149075 0.407147 0.149075 0.366749 0.382408 0.366749
0 0.383333 0.443347 0.150001 0.443347 0.150001 0.402948 0.383333 0.402948
0 0.385186 0.479025 0.151853 0.479025 0.151853 0.438626 0.385186 0.438626
0 0.387962 0.512080 0.154629 0.512080 0.154629 0.471680 0.387962 0.471680
0 0.391666 0.544608 0.158333 0.544608 0.158333 0.504209 0.391666 0.504209
0 0.398147 0.577136 0.164815 0.577136 0.164815 0.536738 0.398147 0.536738
0 0.402778 0.609141 0.169445 0.609141 0.169445 0.568741 0.402778 0.568741
0 0.410185 0.639046 0.176852 0.639046 0.176852 0.598647 0.410185 0.598647
0 0.428704 0.670000 0.179630 0.670000 0.179630 0.630126 0.428704 0.630126
0 0.367593 0.122781 0.133333 0.122781 0.133333 0.088155 0.367593 0.088155
0 0.790208 0.601855 0.395829 0.435433 0.504074 0.178920 0.898453 0.345342
0 0.649489 0.757514 0.346860 0.509509 0.473141 0.355415 0.775769 0.603420
0 0.567661 0.889347 0.336482 0.592180 0.450912 0.503159 0.682092 0.800326
0 0.503509 1.022058 0.336051 0.685436 0.425719 0.640830 0.593176 0.977451
0 0.442734 1.023430 0.337517 0.758162 0.400526 0.733170 0.505743 0.998438
0 0.232952 0.872832 0.231852 0.851533 0.329394 0.846496 0.330493 0.867795
0 0.221214 0.843978 0.219953 0.825354 0.366442 0.815437 0.367703 0.834061
