0 0.754823 0.917014 0.245055 0.917014 0.245055 0.012123 0.754823 0.012123
0 0.967714 0.994878 0.935240 0.994878 0.935240 0.725175 0.967714 0.725175
0 0.998798 0.990993 0.963066 0.990993 0.963066 0.707142 0.998798 0.707142
0 0.940457 0.993477 0.910285 0.993477 0.910285 0.741924 0.940457 0.741924
0 0.868549 0.994611 0.843633 0.994611 0.843633 0.775358 0.868549 0.775358
0 0.891619 0.995181 0.865805 0.995181 0.865805 0.766836 0.891619 0.766836
0 0.913794 0.994102 0.885278 0.994102 0.885278 0.750253 0.913794 0.750253
0 0.829537 0.997155 0.806967 0.997155 0.806967 0.796941 0.829537 0.796941
0 0.848181 0.996502 0.824405 0.996502 0.824405 0.786440 0.848181 0.786440
0 0.777241 0.996934 0.756943 0.996934 0.756943 0.826728 0.777241 0.826728
