0 0.224289 0.693947 0.145828 0.693947 0.145828 0.311566 0.224289 0.311566
0 0.943097 0.666160 0.867640 0.666160 0.867640 0.304735 0.943097 0.304735
0 0.883901 0.658751 0.807157 0.658751 0.807157 0.301586 0.883901 0.301586
0 0.282639 0.695429 0.210121 0.695429 0.210121 0.308115 0.282639 0.308115
0 0.744596 0.656899 0.678646 0.652649 0.701649 0.295726 0.767599 0.299976
0 0.663137 0.662827 0.599125 0.662827 0.599125 0.304689 0.663137 0.304689
0 0.335938 0.692465 0.265779 0.692465 0.265779 0.308642 0.335938 0.308642
0 0.713054 0.661344 0.647408 0.661344 0.647408 0.301154 0.713054 0.301154
0 0.164701 0.701356 0.086989 0.701356 0.086989 0.311329 0.164701 0.311329
0 0.558630 0.667272 0.495170 0.667272 0.495170 0.306246 0.558630 0.306246
0 0.098745 0.701356 0.010265 0.701356 0.010265 0.317450 0.098745 0.317450
0 0.826443 0.661732 0.758069 0.661732 0.758069 0.298434 0.826443 0.298434
0 0.505270 0.676164 0.433990 0.676164 0.433990 0.302919 0.505270 0.302919
0 0.611217 0.667272 0.544806 0.667272 0.544806 0.306763 0.611217 0.306763
0 0.391621 0.686537 0.325427 0.686537 0.325427 0.306175 0.391621 0.306175
0 0.999019 0.677294 0.925192 0.677294 0.925192 0.305302 0.999019 0.305302
