0 0.128691 0.696911 0.065563 0.696911 0.065563 0.375761 0.128691 0.375761
0 0.181216 0.692465 0.122428 0.692465 0.122428 0.374611 0.181216 0.374611
0 0.999475 0.846582 0.923048 0.846582 0.923048 0.454811 0.999475 0.454811
0 0.230527 0.685054 0.172223 0.685054 0.172223 0.378646 0.230527 0.378646
0 0.076603 0.701356 0.009475 0.701356 0.009475 0.376441 0.076603 0.376441
0 0.280138 0.677644 0.221220 0.677644 0.221220 0.381420 0.280138 0.381420
0 0.829336 0.760631 0.760542 0.760631 0.760542 0.440160 0.829336 0.440160
0 0.963719 0.821390 0.862969 0.821390 0.862969 0.446983 0.963719 0.446983
0 0.324124 0.665788 0.270965 0.665788 0.270965 0.381139 0.324124 0.381139
0 0.884269 0.781379 0.809744 0.781379 0.809744 0.444421 0.884269 0.444421
0 0.023632 0.707284 -0.000000 0.707284 0.000000 0.377667 0.023632 0.377667
