0 0.112927 0.748742 -0.028941 0.723549 0.000000 0.560574 0.141868 0.585767
0 0.215532 0.644082 -0.012800 0.622726 -0.000000 0.485869 0.228332 0.507225
0 0.543603 0.626441 0.517045 0.626441 0.517045 0.269014 0.543603 0.269014
0 0.567434 0.599062 0.542260 0.599062 0.542260 0.263854 0.567434 0.263854
0 0.360233 0.939086 0.306359 0.939086 0.306359 0.380602 0.360233 0.380602
0 0.439233 0.802460 0.398343 0.802460 0.398343 0.342244 0.439233 0.342244
0 0.399660 0.862316 0.353473 0.862316 0.353473 0.359386 0.399660 0.359386
0 0.518457 0.664545 0.488965 0.664545 0.488965 0.281342 0.518457 0.281342
0 0.468765 0.747447 0.435835 0.747447 0.435835 0.308978 0.468765 0.308978
0 0.283645 0.550663 0.036097 0.487978 0.064729 0.374907 0.312277 0.437592
0 0.493616 0.701895 0.465640 0.701895 0.465640 0.299711 0.493616 0.299711
0 0.585803 0.572608 0.566565 0.572391 0.570059 0.262491 0.589297 0.262707
0 0.599746 0.555015 0.583178 0.554620 0.590358 0.253421 0.606925 0.253816
0 0.616885 0.535496 0.601410 0.535378 0.603623 0.246548 0.619098 0.246667
0 0.628635 0.507391 0.617176 0.507215 0.621281 0.240934 0.632739 0.241111
0 0.640883 0.488205 0.627433 0.487861 0.633979 0.231508 0.647429 0.231852
0 0.653585 0.479327 0.641343 0.479069 0.646730 0.224186 0.658972 0.224444
0 0.664563 0.460043 0.649990 0.459738 0.654892 0.225991 0.669465 0.226296
