0 0.510164 0.674682 0.443769 0.674682 0.443769 0.294919 0.510164 0.294919
0 0.158481 0.673200 0.085913 0.673200 0.085913 0.301311 0.158481 0.301311
0 0.857465 0.677646 0.781157 0.677646 0.781157 0.298044 0.857465 0.298044
0 0.991230 0.698393 0.910378 0.698393 0.910378 0.302470 0.991230 0.302470
0 0.219820 0.670236 0.152222 0.670236 0.152222 0.297232 0.219820 0.297232
0 0.925347 0.680609 0.844563 0.680609 0.844563 0.299991 0.925347 0.299991
0 0.797137 0.675541 0.729185 0.675541 0.729185 0.297085 0.797137 0.297085
0 0.620638 0.683573 0.559921 0.683573 0.559921 0.300590 0.620638 0.300590
0 0.739713 0.677646 0.673189 0.677646 0.673189 0.298665 0.739713 0.298665
0 0.041529 0.693947 0.000203 0.693947 0.000203 0.310301 0.041529 0.310301
0 0.097965 0.686537 0.025245 0.686537 0.025245 0.307258 0.097965 0.307258
0 0.294581 0.667272 0.222213 0.667272 0.222213 0.297361 0.294581 0.297361
0 0.682255 0.677834 0.616182 0.677834 0.616182 0.299094 0.682255 0.299094
0 0.566103 0.674682 0.500974 0.674682 0.500974 0.299194 0.566103 0.299194
0 0.454690 0.677646 0.382221 0.677646 0.382221 0.293823 0.454690 0.293823
0 0.999475 0.697083 0.973375 0.697083 0.973375 0.304534 0.999475 0.304534
0 0.291581 0.672914 0.267914 0.334193 0.306238 0.331515 0.329906 0.670236
