0 0.742309 0.975626 0.250921 0.975626 0.250921 0.072335 0.742309 0.072335
0 0.991349 0.291590 0.956817 0.291590 0.956817 0.003226 0.991349 0.003226
0 0.959538 0.274900 0.927566 0.274900 0.927566 0.005258 0.959538 0.005258
0 0.883620 0.231743 0.857152 0.231743 0.857152 0.004835 0.883620 0.004835
0 0.931890 0.258032 0.903666 0.258032 0.903666 0.005801 0.931890 0.005801
0 0.906658 0.245644 0.879176 0.245644 0.879176 0.006439 0.906658 0.006439
0 0.821892 0.202400 0.800014 0.202400 0.800014 0.000324 0.821892 0.000324
0 0.861070 0.221608 0.836404 0.221608 0.836404 0.004124 0.861070 0.004124
0 0.999219 0.309397 0.982526 0.309397 0.982526 0.009756 0.999219 0.009756
0 0.841337 0.212771 0.817957 0.212771 0.817957 0.002858 0.841337 0.002858
0 0.804502 0.187944 0.783628 0.187944 0.783628 0.000406 0.804502 0.000406
0 0.789323 0.187539 0.768449 0.187539 0.768449 0.000000 0.789323 0.000000
0 0.772321 0.174308 0.751447 0.174197 0.752379 -0.000112 0.773252 -0.000000
0 0.759859 0.174308 0.738985 0.174308 0.738985 0.000000 0.759859 0.000000
0 0.745557 0.152249 0.727679 0.152037 0.729481 -0.000212 0.747359 0.000000
0 0.733950 0.152249 0.716072 0.152037 0.717874 -0.000212 0.735752 0.000000
0 0.723235 0.152249 0.705357 0.152037 0.707160 -0.000212 0.725037 0.000000
0 0.713414 0.152249 0.695536 0.152037 0.697338 -0.000212 0.715216 0.000000
0 0.702679 0.129850 0.684817 0.129476 0.687534 -0.000374 0.705395 -0.000000
0 0.682659 0.146896 0.611900 0.143968 0.617978 -0.002928 0.688738 0.000000
