0 0.159685 0.745031 -0.026390 0.712661 0.000284 0.559325 0.186359 0.591694
0 0.221826 0.643187 -0.025258 0.570613 0.009999 0.450578 0.257083 0.523152
0 0.453316 0.827938 0.416900 0.827938 0.416900 0.371767 0.453316 0.371767
0 0.381091 0.975923 0.331929 0.975923 0.331929 0.407321 0.381091 0.407321
0 0.481090 0.777341 0.451064 0.777341 0.451064 0.353826 0.481090 0.353826
0 0.332747 0.999074 0.277781 0.999074 0.277781 0.446406 0.332747 0.446406
0 0.008395 0.894007 -0.080544 0.856785 0.002562 0.658208 0.091501 0.695429
0 0.505081 0.740057 0.479433 0.740057 0.479433 0.339416 0.505081 0.339416
0 0.417609 0.903931 0.375531 0.903931 0.375531 0.390463 0.417609 0.390463
0 0.553855 0.661542 0.527201 0.661542 0.527201 0.309548 0.553855 0.309548
0 0.528953 0.699616 0.502607 0.699616 0.502607 0.327636 0.528953 0.327636
0 0.577148 0.631005 0.552176 0.631005 0.552176 0.297522 0.577148 0.297522
0 0.596325 0.610253 0.574531 0.610253 0.574531 0.295187 0.596325 0.295187
0 0.606086 0.586874 0.591233 0.586269 0.603195 0.292358 0.618048 0.292963
0 0.621923 0.569368 0.608800 0.569055 0.615418 0.290799 0.628541 0.291111
0 0.634445 0.544332 0.620881 0.543823 0.630717 0.281344 0.644281 0.281852
0 0.647811 0.530902 0.636196 0.530531 0.644208 0.279629 0.655824 0.280000
0 0.658892 0.522060 0.647173 0.521560 0.657746 0.273944 0.669465 0.274444
0 0.670525 0.499878 0.658109 0.499371 0.667543 0.268382 0.679958 0.268889
