0 0.107909 0.926178 -0.001563 0.926178 -0.001563 0.258846 0.107909 0.258846
0 0.319783 0.934087 0.044543 0.934087 0.044543 0.332115 0.319783 0.332115
0 0.488100 1.000000 0.272260 1.000000 0.272260 0.361779 0.488100 0.361779
0 0.694039 0.997452 0.482164 0.997452 0.482164 0.411322 0.694039 0.411322
0 0.892068 1.000000 0.699975 1.000000 0.699975 0.464784 0.892068 0.464784
0 0.998438 1.000000 0.905481 1.000000 0.905481 0.493582 0.998438 0.493582
0 0.270096 0.116971 0.078677 0.116971 0.078677 0.000000 0.270096 0.000000
0 0.445000 0.169760 0.271731 0.169760 0.271731 0.000000 0.445000 0.000000
0 0.768438 0.211034 0.623222 0.211034 0.623222 0.000000 0.768438 0.000000
0 0.911996 0.278678 0.796490 0.278678 0.796490 0.000000 0.911996 0.000000
0 0.998438 0.286923 0.928510 0.286923 0.928510 0.000000 0.998438 0.000000
