0 0.797643 0.430778 0.785051 0.174406 0.821826 0.172600 0.834418 0.428972
0 0.441238 0.516955 0.416054 0.516955 0.416054 0.320660 0.441238 0.320660
0 0.423924 0.516030 0.397691 0.516030 0.397691 0.323437 0.423924 0.323437
0 0.407660 0.517882 0.380378 0.517882 0.380378 0.334550 0.407660 0.334550
0 0.109129 0.565104 0.101259 0.565104 0.101259 0.448437 0.109129 0.448437
0 0.172613 0.552141 0.164743 0.552141 0.164743 0.435474 0.172613 0.435474
0 0.163169 0.553993 0.155299 0.553993 0.155299 0.437326 0.163169 0.437326
0 0.152151 0.557698 0.144281 0.557698 0.144281 0.441030 0.152151 0.441030
0 0.139559 0.559549 0.131689 0.559549 0.131689 0.442883 0.139559 0.442883
0 0.130115 0.561401 0.122245 0.561401 0.122245 0.444734 0.130115 0.444734
0 0.120147 0.565104 0.112277 0.565104 0.112277 0.448437 0.120147 0.448437
0 0.096013 0.566957 0.088143 0.566957 0.088143 0.450289 0.096013 0.450289
0 0.086044 0.566029 0.078174 0.566029 0.078174 0.449363 0.086044 0.449363
0 0.748955 0.448561 0.736363 0.192188 0.773138 0.190382 0.785729 0.446755
0 0.689544 0.454123 0.671076 0.222943 0.707660 0.220021 0.726128 0.451200
0 0.651768 0.463015 0.633300 0.231835 0.669885 0.228913 0.688353 0.460092
0 0.622036 0.464538 0.599825 0.256428 0.635467 0.252624 0.657678 0.460735
0 0.590976 0.471948 0.576004 0.262059 0.604407 0.260033 0.619379 0.469922
0 0.559916 0.483803 0.544944 0.273914 0.573347 0.271888 0.588319 0.481777
0 0.532214 0.486767 0.517242 0.276878 0.545645 0.274852 0.560617 0.484741
