1 0.950272 0.825564 0.879261 0.825284 0.880694 0.461369 0.951705 0.461648
1 0.873567 0.825564 0.802556 0.825284 0.803989 0.461369 0.875000 0.461648
1 0.801124 0.826984 0.730114 0.826705 0.731547 0.462789 0.802556 0.463069
1 0.730102 0.828405 0.659091 0.828125 0.660523 0.464210 0.731534 0.464489
1 0.667602 0.826956 0.596624 0.826677 0.598057 0.462789 0.669034 0.463069
1 0.599419 0.826956 0.528443 0.826677 0.529876 0.462789 0.600852 0.463069
1 0.460227 0.826705 0.450253 0.464831 0.514205 0.463069 0.524178 0.824942
1 0.397727 0.829545 0.387753 0.467672 0.451705 0.465909 0.461678 0.827783
1 0.336648 0.829545 0.326675 0.467672 0.390625 0.465909 0.400599 0.827783
1 0.258416 0.836165 0.238531 0.476790 0.306819 0.473011 0.326705 0.832386
1 0.176032 0.837585 0.156145 0.478210 0.224431 0.474431 0.244319 0.833806
1 0.083702 0.837585 0.063815 0.478210 0.132102 0.474431 0.151989 0.833806
1 0.019782 0.834745 -0.000105 0.475370 0.068181 0.471591 0.088069 0.830966
