0 0.707696 1.054746 0.549131 0.981713 0.618369 0.831386 0.776934 0.904419
0 0.910613 0.641347 0.400921 0.641347 0.400921 0.596532 0.910613 0.596532
0 0.843503 0.599598 0.382904 0.599598 0.382904 0.558580 0.843503 0.558580
0 0.651639 1.013548 0.511670 0.998438 0.536863 0.765069 0.676832 0.780179
0 0.985614 0.692432 0.405528 0.692432 0.405528 0.637835 0.985614 0.637835
0 0.787038 0.561223 0.352284 0.561223 0.352284 0.529275 0.787038 0.529275
0 0.707681 0.506764 0.326025 0.506764 0.326025 0.482690 0.707681 0.482690
0 0.670335 0.486734 0.320539 0.486734 0.320539 0.463507 0.670335 0.463507
0 0.743374 0.530961 0.342387 0.530961 0.342387 0.503991 0.743374 0.503991
0 0.638344 0.464230 0.305578 0.464230 0.305578 0.442271 0.638344 0.442271
0 0.565356 0.986448 0.452629 0.973327 0.483514 0.707986 0.596241 0.721107
0 0.610949 0.444201 0.303816 0.439160 0.304074 0.423411 0.611207 0.428452
0 0.587033 0.432555 0.296097 0.423100 0.296667 0.405573 0.587602 0.415028
0 0.563400 0.417106 0.288706 0.407057 0.289259 0.391932 0.563953 0.401980
0 0.542687 0.404486 0.283321 0.397261 0.283704 0.383537 0.543069 0.390763
0 0.518650 0.393779 0.277718 0.385384 0.278148 0.373044 0.519080 0.381439
0 0.511240 0.383705 0.270309 0.375311 0.270739 0.362971 0.511670 0.371365
0 0.504003 0.375866 0.264221 0.364293 0.264811 0.352058 0.504594 0.363630
0 0.495112 0.367471 0.255329 0.355899 0.255919 0.343663 0.495702 0.355236
0 0.487701 0.359916 0.247919 0.348344 0.248509 0.336108 0.488292 0.347681
0 0.474364 0.349843 0.234582 0.338270 0.235172 0.326035 0.474955 0.337607
