1 0.364019 0.837234 0.315819 0.648137 0.712231 0.547093 0.760431 0.736190
1 0.399119 0.626588 0.350913 0.437467 0.747348 0.336417 0.795554 0.525538
1 0.339524 0.412285 0.291324 0.223188 0.687759 0.122138 0.735959 0.311235
1 0.309750 0.172775 0.267107 0.005480 0.663519 -0.095564 0.706162 0.071731
1 0.000000 0.635944 -0.024458 0.442338 0.227526 0.410505 0.251984 0.604111
1 0.007330 0.875506 -0.017128 0.681900 0.268319 0.645840 0.292777 0.839446
1 0.000000 0.416243 -0.024458 0.222637 0.208327 0.193229 0.232785 0.386835
1 0.000000 0.180827 -0.021370 0.011667 0.217173 -0.018469 0.238543 0.150692
1 1.000000 0.883341 0.842764 0.883341 0.842764 0.655625 1.000000 0.655625
1 1.000000 0.640577 0.829183 0.640577 0.829183 0.440913 1.000000 0.440913
1 1.000000 0.416154 0.801130 0.416154 0.801130 0.209880 1.000000 0.209880
1 1.000000 0.173582 0.748341 0.173582 0.748341 0.000000 1.000000 0.000000
