1 0.866808 0.880660 0.845225 0.704864 0.917616 0.695976 0.939199 0.871772
1 0.812836 0.895168 0.791248 0.719347 0.842308 0.713078 0.863895 0.888898
1 0.764278 0.905072 0.742694 0.729277 0.793775 0.723005 0.815359 0.898800
1 0.002397 0.002066 0.002220 0.001689 0.002359 0.001623 0.002536 0.002000
1 0.717368 0.909786 0.704709 0.741439 0.759675 0.737306 0.772333 0.905653
1 0.660534 0.916645 0.648322 0.754219 0.703287 0.750086 0.715500 0.912513
1 0.620795 0.918394 0.609505 0.768240 0.648506 0.765308 0.659797 0.915461
1 0.582453 0.924788 0.571166 0.774657 0.610142 0.771726 0.621430 0.921857
1 0.537131 0.926102 0.536619 0.778914 0.575730 0.778778 0.576242 0.925965
1 0.503153 0.930871 0.502664 0.790679 0.533866 0.790570 0.534355 0.930762
1 0.470774 0.935367 0.470283 0.795175 0.501509 0.795066 0.502000 0.935258
1 0.446398 0.938847 0.445908 0.798655 0.473577 0.798558 0.474067 0.938750
1 0.416711 0.938847 0.416222 0.798654 0.443914 0.798558 0.444403 0.938750
1 0.388802 0.940337 0.388312 0.800145 0.415981 0.800048 0.416470 0.940241
1 0.366831 0.941815 0.366341 0.801622 0.386581 0.801551 0.387072 0.941744
1 0.332947 0.940340 0.332484 0.808223 0.361692 0.808121 0.362155 0.940238
1 0.309544 0.942830 0.309108 0.817590 0.333195 0.817506 0.333631 0.942746
1 0.298091 0.944786 0.297678 0.826468 0.312391 0.826417 0.312803 0.944735
1 0.279581 0.948305 0.279167 0.829603 0.299937 0.829531 0.300352 0.948233
1 0.254341 0.948819 0.253928 0.830575 0.279986 0.830484 0.280398 0.948728
1 0.234856 0.943807 0.234470 0.832966 0.253605 0.832899 0.253991 0.943741
1 0.230142 0.937759 0.205994 0.936070 0.213392 0.830269 0.237541 0.831958
1 0.209397 0.935403 0.185248 0.933715 0.192645 0.827938 0.216794 0.829627
1 0.184469 0.935884 0.160320 0.934196 0.167717 0.828418 0.191866 0.830107
1 0.159555 0.937387 0.145358 0.936394 0.152753 0.830619 0.166950 0.831611
1 0.144597 0.934891 0.126851 0.933650 0.134248 0.827873 0.151994 0.829114
1 0.125658 0.934391 0.110502 0.933331 0.117898 0.827556 0.133055 0.828616
1 0.110688 0.933391 0.095580 0.932335 0.102341 0.835624 0.117448 0.836680
1 0.096739 0.937382 0.080217 0.936227 0.087034 0.838723 0.103556 0.839879
1 0.080798 0.941378 0.063150 0.940144 0.070547 0.834367 0.088195 0.835601
1 0.914103 0.551113 0.901098 0.378138 0.955705 0.374032 0.968709 0.547007
1 0.876752 0.586407 0.837348 0.425981 0.899330 0.410758 0.938733 0.571183
1 0.830537 0.617466 0.798408 0.449034 0.854536 0.438327 0.886666 0.606759
1 0.777352 0.648966 0.745969 0.484456 0.802095 0.473749 0.833478 0.638259
1 0.726014 0.679869 0.695958 0.522300 0.752062 0.511598 0.782119 0.669167
1 0.679348 0.696250 0.651520 0.550370 0.688992 0.543222 0.716820 0.689102
1 0.659405 0.695494 0.626736 0.695323 0.627494 0.550395 0.660163 0.550566
1 0.591692 0.710831 0.584508 0.568994 0.621864 0.567102 0.629048 0.708939
1 0.562267 0.717814 0.555082 0.575977 0.589102 0.574253 0.596287 0.716091
1 0.533897 0.727358 0.526711 0.585520 0.552208 0.584228 0.559394 0.726066
1 0.521067 0.725828 0.491189 0.725463 0.492803 0.593331 0.522681 0.593696
1 0.489937 0.727317 0.460083 0.726952 0.461697 0.594822 0.491552 0.595187
1 0.456537 0.731295 0.428773 0.730956 0.430363 0.600797 0.458127 0.601136
1 0.431617 0.736284 0.401762 0.735920 0.403334 0.607273 0.433189 0.607638
1 0.404216 0.740788 0.376838 0.740453 0.378403 0.612337 0.405781 0.612672
1 0.379719 0.744745 0.349841 0.744380 0.351363 0.619774 0.381241 0.620138
1 0.351877 0.750974 0.325628 0.750653 0.327114 0.628930 0.353363 0.629250
1 0.329025 0.753473 0.302873 0.753154 0.304341 0.633113 0.330492 0.633433
1 0.300377 0.757853 0.278403 0.756894 0.283445 0.641402 0.305419 0.642361
1 0.276839 0.763955 0.250719 0.762632 0.256478 0.648931 0.282598 0.650254
1 0.251148 0.765608 0.234203 0.765342 0.235991 0.651509 0.252936 0.651775
1 0.233720 0.771634 0.214659 0.771334 0.216447 0.657502 0.235508 0.657801
1 0.212612 0.772839 0.188555 0.771705 0.193637 0.663916 0.217695 0.665050
1 0.187809 0.771497 0.171745 0.770739 0.176830 0.662950 0.192894 0.663708
1 0.170527 0.770897 0.154462 0.770139 0.159545 0.662348 0.175609 0.663106
1 0.147609 0.769442 0.131598 0.767929 0.141500 0.663178 0.157511 0.664692
1 0.131536 0.765608 0.115525 0.764094 0.124930 0.664608 0.140941 0.666122
1 0.112263 0.764633 0.094623 0.762966 0.103770 0.666209 0.121409 0.667877
1 0.093289 0.759190 0.075627 0.757520 0.084258 0.666195 0.101920 0.667864
1 0.071152 0.757075 0.056573 0.754922 0.069978 0.664150 0.084556 0.666303
1 0.805816 0.389959 0.798097 0.232119 0.855337 0.229319 0.863056 0.387160
1 0.764705 0.408512 0.756984 0.250672 0.801258 0.248506 0.808978 0.406347
1 0.724012 0.426161 0.716666 0.275931 0.760916 0.273767 0.768262 0.423997
1 0.681547 0.445297 0.674275 0.296603 0.718525 0.294439 0.725797 0.443133
1 0.638669 0.462248 0.631719 0.320158 0.675994 0.317992 0.682944 0.460083
1 0.608205 0.482197 0.601209 0.339146 0.635569 0.337466 0.642564 0.480517
1 0.561031 0.505469 0.554202 0.365827 0.588559 0.364146 0.595389 0.503788
1 0.531077 0.519492 0.524247 0.379851 0.554067 0.378392 0.560897 0.518034
1 0.502709 0.528450 0.496219 0.395748 0.525511 0.394316 0.532002 0.527017
1 0.474080 0.548522 0.467589 0.415820 0.496881 0.414387 0.503372 0.547089
1 0.447664 0.551003 0.441553 0.426031 0.470845 0.424598 0.476956 0.549571
1 0.415270 0.560978 0.409140 0.435647 0.438432 0.434214 0.444563 0.559545
1 0.408667 0.564528 0.385742 0.563888 0.389120 0.442972 0.412045 0.443612
1 0.382586 0.571643 0.359686 0.571003 0.363063 0.450087 0.385963 0.450727
1 0.353992 0.571919 0.333194 0.570574 0.340839 0.452336 0.361638 0.453681
1 0.331009 0.570394 0.306253 0.568793 0.313606 0.455087 0.338363 0.456687
1 0.303762 0.578001 0.285508 0.576820 0.292559 0.467792 0.310814 0.468973
1 0.284336 0.591639 0.266048 0.591160 0.268908 0.481943 0.287195 0.482422
1 0.265898 0.594620 0.247611 0.594141 0.250472 0.484922 0.268759 0.485402
1 0.244483 0.600283 0.219708 0.599634 0.222464 0.494404 0.247239 0.495053
1 0.095306 0.508383 0.084856 0.508000 0.088227 0.416064 0.098677 0.416447
1 0.219023 0.608577 0.203380 0.608167 0.206241 0.498948 0.221884 0.499358
1 0.198728 0.609897 0.182839 0.608367 0.192955 0.503323 0.208844 0.504854
1 0.183763 0.614189 0.165475 0.613710 0.168088 0.513959 0.186375 0.514438
1 0.164316 0.617123 0.146028 0.616644 0.148641 0.516893 0.166928 0.517372
1 0.143939 0.620316 0.132530 0.619837 0.136709 0.520140 0.148119 0.520619
1 0.129875 0.621528 0.113375 0.620837 0.117553 0.521140 0.134053 0.521831
1 0.108536 0.628720 0.092036 0.628028 0.095863 0.536713 0.112363 0.537405
1 0.091262 0.630633 0.078677 0.630105 0.082487 0.539198 0.095073 0.539726
1 0.077200 0.630369 0.064616 0.629841 0.068425 0.538934 0.081009 0.539462
1 0.064156 0.633063 0.051570 0.632536 0.055170 0.546648 0.067756 0.547176
1 0.050716 0.635372 0.038155 0.634845 0.041569 0.553378 0.054130 0.553904
1 0.039195 0.643427 0.029828 0.643034 0.033544 0.554409 0.042911 0.554802
1 0.028067 0.643764 0.018677 0.643371 0.022391 0.554745 0.031781 0.555139
1 0.002240 0.000475 0.002152 0.000392 0.002396 0.000132 0.002484 0.000216
1 0.668564 0.258152 0.662731 0.118945 0.715066 0.116752 0.720899 0.255959
1 0.631049 0.271596 0.625717 0.144400 0.665538 0.142731 0.670869 0.269927
1 0.595228 0.300152 0.589563 0.164981 0.624844 0.163502 0.630510 0.298673
1 0.557353 0.322537 0.551666 0.186838 0.586059 0.185396 0.591747 0.321095
1 0.523291 0.338955 0.517603 0.203280 0.551997 0.201838 0.557684 0.337513
1 0.517259 0.350769 0.482861 0.350769 0.482861 0.230072 0.517259 0.230072
1 0.483245 0.362019 0.454808 0.362019 0.454808 0.241322 0.483245 0.241322
1 0.453330 0.368292 0.428141 0.367897 0.430036 0.247213 0.455225 0.247608
1 0.426286 0.379349 0.401097 0.378953 0.402992 0.258247 0.428181 0.258642
1 0.399766 0.388749 0.374577 0.388353 0.376388 0.273126 0.401577 0.273522
1 0.376594 0.399278 0.351403 0.398882 0.353214 0.283655 0.378405 0.284051
1 0.350608 0.405335 0.325419 0.404939 0.327230 0.289737 0.352419 0.290133
1 0.322942 0.416628 0.297766 0.415705 0.301769 0.306545 0.326945 0.307469
1 0.299775 0.420823 0.281902 0.420167 0.285658 0.317735 0.303531 0.318391
1 0.278762 0.432427 0.262427 0.431827 0.266430 0.322670 0.282766 0.323269
1 0.259434 0.437941 0.238630 0.437178 0.242633 0.328020 0.263438 0.328783
1 0.241192 0.446807 0.219403 0.446008 0.223352 0.338338 0.245141 0.339137
1 0.218545 0.453431 0.199927 0.452748 0.203786 0.347530 0.222405 0.348212
1 0.199741 0.460057 0.181652 0.459394 0.185427 0.356434 0.203516 0.357097
1 0.182070 0.466146 0.162420 0.465425 0.165959 0.368903 0.185609 0.369623
1 0.163812 0.475075 0.147523 0.474478 0.150898 0.382425 0.167187 0.383022
1 0.146952 0.482527 0.130687 0.481930 0.134177 0.386752 0.150441 0.387348
1 0.131367 0.491532 0.116977 0.491005 0.120242 0.401929 0.134633 0.402456
1 0.114895 0.501107 0.097431 0.500467 0.100802 0.408533 0.118266 0.409173
1 0.086305 0.510459 0.068841 0.509819 0.072084 0.421344 0.089548 0.421984
1 0.575048 0.152813 0.540361 0.152813 0.540361 0.031970 0.575048 0.031970
1 0.536755 0.167163 0.510456 0.167163 0.510456 0.043341 0.536755 0.043341
1 0.508655 0.182116 0.478148 0.182116 0.478148 0.057692 0.508655 0.057692
1 0.472764 0.197067 0.444639 0.197067 0.444639 0.079831 0.472764 0.079831
1 0.445241 0.215625 0.423702 0.215625 0.423702 0.101970 0.445241 0.101970
1 0.418341 0.226394 0.390216 0.226394 0.390216 0.117523 0.418341 0.117523
1 0.390648 0.245048 0.370697 0.245048 0.370697 0.136875 0.390648 0.136875
1 0.371202 0.263991 0.350264 0.263991 0.350264 0.145338 0.371202 0.145338
1 0.345769 0.267956 0.325337 0.267956 0.325337 0.159303 0.345769 0.159303
1 0.324831 0.275433 0.305889 0.275433 0.305889 0.169280 0.324831 0.169280
1 0.303894 0.287909 0.284375 0.287909 0.284375 0.177259 0.303894 0.177259
1 0.280530 0.297884 0.259134 0.297884 0.259134 0.195697 0.280530 0.195697
1 0.256563 0.305841 0.239111 0.305841 0.239111 0.203173 0.256563 0.203173
1 0.240602 0.312331 0.219663 0.312331 0.219663 0.211634 0.240602 0.211634
1 0.215192 0.328773 0.199736 0.328773 0.199736 0.227595 0.215192 0.227595
1 0.196731 0.330264 0.180794 0.330264 0.180794 0.232067 0.196731 0.232067
1 0.175794 0.344736 0.158845 0.344736 0.158845 0.249519 0.175794 0.249519
1 0.159352 0.355697 0.139423 0.355697 0.139423 0.258005 0.159352 0.258005
1 0.137428 0.362187 0.118966 0.362187 0.118966 0.268966 0.137428 0.268966
1 0.115481 0.374134 0.097044 0.374134 0.097044 0.280433 0.115481 0.280433
1 0.534688 0.026706 0.502284 0.026706 0.502284 0.000000 0.534688 0.000000
1 0.506780 0.043173 0.474880 0.043173 0.474880 0.000000 0.506780 0.000000
1 0.480866 0.060602 0.451442 0.060602 0.451442 0.000000 0.480866 0.000000
1 0.450962 0.084544 0.424544 0.084544 0.424544 0.000000 0.450962 0.000000
1 0.427019 0.092019 0.398125 0.092019 0.398125 0.000000 0.427019 0.000000
1 0.396611 0.112452 0.373197 0.112452 0.373197 0.000000 0.396611 0.000000
1 0.375192 0.120433 0.352764 0.120433 0.352764 0.013245 0.375192 0.013245
1 0.353245 0.130384 0.328341 0.130384 0.328341 0.025720 0.353245 0.025720
1 0.333317 0.143845 0.307884 0.143845 0.307884 0.033197 0.333317 0.033197
1 0.304398 0.154327 0.284470 0.154327 0.284470 0.052620 0.304398 0.052620
1 0.281466 0.170769 0.266034 0.170769 0.266034 0.069591 0.281466 0.069591
1 0.263534 0.179736 0.246081 0.179736 0.246081 0.080048 0.263534 0.080048
1 0.248966 0.190433 0.227837 0.190433 0.227837 0.095577 0.248966 0.095577
1 0.229231 0.199423 0.210530 0.199423 0.210530 0.106659 0.229231 0.106659
1 0.213655 0.211537 0.193581 0.211537 0.193581 0.114977 0.213655 0.114977
1 0.193919 0.222620 0.174183 0.222620 0.174183 0.126394 0.193919 0.126394
1 0.173845 0.235769 0.154808 0.235769 0.154808 0.145433 0.173845 0.145433
1 0.154808 0.249280 0.135072 0.249280 0.135072 0.161706 0.154808 0.161706
1 0.134375 0.269014 0.114662 0.269014 0.114662 0.183148 0.134375 0.183148
1 0.057259 0.998437 0.039255 0.998437 0.039255 0.936970 0.057259 0.936970
1 0.076634 0.998438 0.058655 0.998438 0.058655 0.947356 0.076634 0.947356
1 0.092572 0.998438 0.076634 0.998438 0.076634 0.953245 0.092572 0.953245
1 0.110216 0.998437 0.092909 0.998437 0.092909 0.958101 0.110216 0.958101
1 0.127523 0.998438 0.111611 0.998438 0.111611 0.958773 0.127523 0.958773
1 0.145530 0.998437 0.127523 0.998437 0.127523 0.965361 0.145530 0.965361
1 0.160072 0.998438 0.146227 0.998438 0.146227 0.979544 0.160072 0.979544
1 0.180144 0.998438 0.162838 0.998438 0.162838 0.978870 0.180144 0.978870
1 0.199519 0.998438 0.180841 0.998438 0.180841 0.977813 0.199519 0.977813
1 0.220986 0.998437 0.202981 0.998437 0.202981 0.980601 0.220986 0.980601
1 0.243845 0.998437 0.222716 0.998437 0.222716 0.986130 0.243845 0.986130
1 0.264255 0.998438 0.244880 0.998438 0.244880 0.985794 0.264255 0.985794
