1 0.706496 0.999352 0.637905 0.995037 0.654251 0.735215 0.722842 0.739530
1 0.988485 0.997596 0.944350 0.997596 0.944350 0.937380 0.988485 0.937380
1 0.982557 0.858508 0.981483 0.653408 0.998438 0.653319 0.999512 0.858419
1 0.961405 0.877691 0.960230 0.652934 0.978668 0.652837 0.979843 0.877594
1 0.937100 0.899821 0.935833 0.657997 0.959848 0.657871 0.961114 0.899695
1 0.904068 0.927460 0.902761 0.677896 0.934082 0.677732 0.935389 0.927296
1 0.890063 0.996517 0.853098 0.995032 0.864577 0.709228 0.901542 0.710713
1 0.853082 0.998653 0.816117 0.997168 0.827952 0.702525 0.864917 0.704010
1 0.813480 0.999522 0.765778 0.997596 0.777241 0.713619 0.824943 0.715544
1 0.763553 0.998657 0.710965 0.995348 0.727313 0.735502 0.779901 0.738810
1 0.599254 0.997596 0.496130 0.997596 0.496130 0.765216 0.599254 0.765216
1 0.490384 0.997596 0.350000 0.997596 0.350000 0.796731 0.490384 0.796731
1 0.320408 0.997596 0.095049 0.997596 0.095049 0.881731 0.320408 0.881731
1 0.964639 0.606654 0.940970 0.605993 0.947598 0.368706 0.971267 0.369367
1 0.941726 0.609655 0.916447 0.608949 0.923467 0.357629 0.948746 0.358335
1 0.913692 0.620587 0.883343 0.619739 0.890995 0.345783 0.921344 0.346631
1 0.882130 0.630038 0.842506 0.628931 0.850922 0.327606 0.890546 0.328713
1 0.806740 0.646309 0.763151 0.645091 0.773067 0.290085 0.816656 0.291303
1 0.760097 0.666942 0.692912 0.665065 0.704181 0.261616 0.771366 0.263493
1 0.688849 0.681257 0.608229 0.677737 0.627859 0.228142 0.708479 0.231662
1 0.592615 0.720211 0.495127 0.715102 0.523564 0.172505 0.621051 0.177614
1 0.481144 0.759028 0.340183 0.751641 0.373375 0.118303 0.514336 0.125690
1 0.306289 0.867048 0.074060 0.854878 0.116210 0.050596 0.348440 0.062766
