0 0.663351 1.015799 0.021063 0.373512 0.369093 0.025482 1.011381 0.667770
0 0.674767 0.026219 0.475402 -0.173146 0.499157 -0.196901 0.698522 0.002464
0 0.643525 0.035855 0.453981 -0.153689 0.477735 -0.177443 0.667279 0.012101
0 0.588650 0.049482 0.420713 -0.118456 0.441152 -0.138896 0.609090 0.029042
0 0.614615 0.041195 0.437838 -0.135582 0.458278 -0.156021 0.635054 0.020755
0 0.562809 0.055682 0.401745 -0.105382 0.421081 -0.124717 0.582144 0.036346
0 0.522421 0.070535 0.374125 -0.077761 0.390698 -0.094334 0.538994 0.053962
0 0.541571 0.063170 0.388365 -0.090036 0.405490 -0.107162 0.558696 0.046045
0 0.705765 0.020756 0.495597 -0.189412 0.506646 -0.200461 0.716814 0.009707
0 0.481971 0.077594 0.349388 -0.054988 0.364304 -0.069904 0.496886 0.062679
0 0.497623 0.067835 0.365040 -0.064748 0.379956 -0.079664 0.512538 0.052919
0 0.468993 0.088608 0.336410 -0.043975 0.351326 -0.058891 0.483909 0.073692
0 0.449866 0.086824 0.330255 -0.038303 0.341225 -0.048789 0.460835 0.076338
0 0.440396 0.096294 0.320785 -0.028833 0.331754 -0.039319 0.451365 0.085808
0 0.421449 0.094558 0.311947 -0.019995 0.322915 -0.030480 0.432418 0.084073
0 0.412610 0.103397 0.303108 -0.011156 0.314077 -0.021641 0.423579 0.092911
0 0.393317 0.100597 0.295439 -0.003683 0.306501 -0.014065 0.404378 0.090214
0 0.387003 0.106911 0.289126 0.002631 0.300188 -0.007752 0.398065 0.096528
0 0.380059 0.113855 0.282181 0.009575 0.293242 -0.000807 0.391120 0.103473
0 0.333784 0.164742 0.230739 0.061696 0.282036 0.010399 0.385081 0.113444
