0 0.993750 0.318056 0.956250 0.318056 0.956250 0.001389 0.993750 0.001389
0 0.958593 0.295833 0.924218 0.295833 0.924218 0.001389 0.958593 0.001389
0 0.927344 0.286111 0.892188 0.286111 0.892188 0.001389 0.927344 0.001389
0 0.897656 0.283333 0.868750 0.283333 0.868750 0.001389 0.897656 0.001389
0 0.871874 0.266667 0.846093 0.266667 0.846093 0.001389 0.871874 0.001389
0 0.852344 0.261111 0.824219 0.261111 0.824219 0.001389 0.852344 0.001389
0 0.825781 0.236111 0.803125 0.236111 0.803125 0.001389 0.825781 0.001389
0 0.804687 0.236111 0.782031 0.236111 0.782031 0.001389 0.804687 0.001389
0 0.785157 0.215276 0.763281 0.215276 0.763281 0.001388 0.785157 0.001388
0 0.768751 0.204167 0.748437 0.204167 0.748437 0.001389 0.768751 0.001389
0 0.750781 0.204167 0.730468 0.204167 0.730468 0.001389 0.750781 0.001389
0 0.735938 0.204167 0.715624 0.204167 0.715624 0.001389 0.735938 0.001389
0 0.721094 0.179167 0.700781 0.179167 0.700781 0.001389 0.721094 0.001389
0 0.709375 0.172224 0.688281 0.172224 0.688281 0.001389 0.709375 0.001389
0 0.698438 0.166667 0.677344 0.166667 0.677344 0.001389 0.698438 0.001389
0 0.684376 0.155556 0.666406 0.155556 0.666406 0.001388 0.684376 0.001388
0 0.685937 0.894444 0.255468 0.894444 0.255468 0.080556 0.685937 0.080556
0 0.660796 0.145894 0.658972 0.000004 0.672284 -0.000163 0.674107 0.145728
0 0.650082 0.145894 0.648258 0.000004 0.661570 -0.000163 0.663393 0.145728
0 0.641153 0.145894 0.639330 0.000004 0.652642 -0.000163 0.654464 0.145728
0 0.633117 0.145894 0.631294 0.000004 0.644606 -0.000163 0.646429 0.145728
0 0.624189 0.145894 0.622365 0.000004 0.635677 -0.000163 0.637500 0.145728
0 0.628794 0.145728 0.559821 0.145728 0.559821 0.000000 0.628794 0.000000
