0 0.585908 0.782862 0.497834 0.782862 0.497834 0.318416 0.585908 0.318416
0 0.753579 0.783289 0.669589 0.783289 0.669589 0.324281 0.753579 0.324281
0 0.950399 0.833248 0.845305 0.833248 0.845305 0.334456 0.950399 0.334456
0 0.860537 0.812501 0.762807 0.812501 0.762807 0.317511 0.860537 0.317511
0 0.486875 0.782862 0.403014 0.782862 0.403014 0.317508 0.486875 0.317508
0 0.999475 0.845168 0.931593 0.845168 0.931593 0.341542 0.999475 0.341542
0 0.416596 0.785826 0.333452 0.785826 0.333452 0.318249 0.416596 0.318249
0 0.674340 0.779898 0.591650 0.779898 0.591650 0.318112 0.674340 0.318112
0 0.342848 0.781737 0.258334 0.781737 0.258334 0.334996 0.342848 0.334996
0 0.560141 0.323748 0.559286 0.215185 0.595159 0.214903 0.596013 0.323466
0 0.153620 0.437574 0.137575 0.215692 0.163694 0.213804 0.179739 0.435685
