0 0.504722 0.423148 0.483736 0.423148 0.483736 0.232408 0.504722 0.232408
0 0.485310 0.427777 0.461700 0.427777 0.461700 0.242593 0.485310 0.242593
0 0.440714 0.439814 0.419202 0.439814 0.419202 0.248147 0.440714 0.248147
0 0.462224 0.429629 0.441238 0.429629 0.441238 0.242593 0.462224 0.242593
0 0.828315 0.926279 0.684155 0.790272 0.925300 0.534672 1.069460 0.670678
0 0.659951 0.804806 0.570829 0.702222 0.795663 0.506894 0.884785 0.609478
0 0.537496 0.724878 0.470048 0.634535 0.682185 0.476159 0.749633 0.566502
0 0.458834 0.652782 0.407135 0.576296 0.600558 0.445558 0.652256 0.522044
0 0.387317 0.592422 0.354669 0.528148 0.545736 0.431096 0.578384 0.495369
0 0.342497 0.996259 0.318833 0.485660 0.356733 0.483904 0.380397 0.994503
0 0.308127 0.943259 0.282103 0.454754 0.316474 0.452923 0.342497 0.941428
0 0.289004 0.898572 0.259418 0.437729 0.284370 0.436127 0.313956 0.896970
0 0.261673 0.846231 0.240721 0.420875 0.263623 0.419747 0.284575 0.845103
0 0.236329 0.809762 0.210132 0.404328 0.236552 0.402621 0.262749 0.808055
0 0.214221 0.765230 0.187127 0.391847 0.209632 0.390214 0.236726 0.763597
0 0.399580 0.418309 0.391009 0.263976 0.413851 0.262707 0.422422 0.417041
0 0.197272 0.723585 0.162737 0.380251 0.182162 0.378297 0.216696 0.721631
