0 0.950382 0.680609 0.876941 0.680609 0.876941 0.306044 0.950382 0.306044
0 0.062798 0.722510 -0.001038 0.722510 -0.001038 0.317539 0.062798 0.317539
0 0.181360 0.700080 0.177321 0.313814 0.246286 0.313093 0.250326 0.699359
0 0.130608 0.707041 0.111187 0.315195 0.187986 0.311389 0.207406 0.703235
0 0.073359 0.714694 0.048673 0.316553 0.121431 0.312041 0.146117 0.710183
0 0.887897 0.671718 0.819356 0.671718 0.819356 0.300974 0.887897 0.300974
0 0.826719 0.665791 0.762156 0.665791 0.762156 0.299450 0.826719 0.299450
0 0.998436 0.692465 0.939557 0.692465 0.939557 0.304700 0.998436 0.304700
0 0.253945 0.704835 0.237730 0.311282 0.301690 0.308647 0.317905 0.702200
0 0.321043 0.695035 0.304880 0.308679 0.361909 0.306293 0.378072 0.692650
0 0.372695 0.682396 0.363218 0.305652 0.420893 0.304201 0.430371 0.680945
0 0.481426 0.674682 0.417361 0.674682 0.417361 0.302918 0.481426 0.302918
0 0.543233 0.676164 0.472610 0.676164 0.472610 0.304332 0.543233 0.304332
0 0.700060 0.653935 0.631532 0.653935 0.631532 0.298578 0.700060 0.298578
0 0.767495 0.664308 0.704456 0.664308 0.704456 0.298360 0.767495 0.298360
0 0.642549 0.664308 0.580821 0.664308 0.580821 0.302619 0.642549 0.302619
