0 0.617565 0.613923 0.563993 0.613923 0.563993 0.335027 0.617565 0.335027
0 0.149508 0.671718 0.082006 0.671718 0.082006 0.320675 0.149508 0.320675
0 0.262844 0.653935 0.202353 0.653935 0.202353 0.321976 0.262844 0.321976
0 0.408218 0.624296 0.354872 0.624296 0.354872 0.331309 0.408218 0.331309
0 0.450721 0.621332 0.398453 0.621332 0.398453 0.332209 0.450721 0.332209
0 0.569975 0.615405 0.519927 0.615405 0.519927 0.334178 0.569975 0.334178
0 0.090926 0.685056 0.011378 0.685056 0.011378 0.317759 0.090926 0.317759
0 0.206574 0.661344 0.137879 0.661344 0.137879 0.322466 0.206574 0.322466
0 0.532800 0.618369 0.480134 0.618369 0.480134 0.332871 0.532800 0.332871
0 0.491213 0.616858 0.443180 0.616858 0.443180 0.333020 0.491213 0.333020
0 0.665720 0.625602 0.608639 0.625602 0.608639 0.340998 0.665720 0.340998
0 0.300315 0.646526 0.253023 0.646526 0.253023 0.323412 0.300315 0.323412
0 0.021636 0.696931 0.000032 0.696931 0.000032 0.310910 0.021636 0.310910
