0 0.085624 0.753224 -0.047852 0.708124 0.009230 0.539184 0.142707 0.584284
0 0.187198 0.637634 -0.025076 0.575339 0.011020 0.452339 0.223295 0.514634
0 0.436504 0.806169 0.396100 0.806169 0.396100 0.341915 0.436504 0.341915
0 0.359458 0.944264 0.305012 0.944264 0.305012 0.393888 0.359458 0.393888
0 0.540951 0.632331 0.513043 0.632331 0.513043 0.272634 0.540951 0.272634
0 0.398372 0.867595 0.351772 0.867595 0.351772 0.363560 0.398372 0.363560
0 0.514143 0.676080 0.486781 0.676080 0.486781 0.287508 0.514143 0.287508
0 0.564678 0.598357 0.539656 0.598357 0.539656 0.268049 0.564678 0.268049
0 0.465233 0.757457 0.432227 0.757457 0.432227 0.320327 0.465233 0.320327
0 0.293441 0.533923 0.034418 0.486879 0.051574 0.392414 0.310598 0.439457
0 0.582769 0.578947 0.562199 0.578947 0.562199 0.262183 0.582769 0.262183
0 0.489609 0.722534 0.461797 0.722534 0.461797 0.300391 0.489609 0.300391
0 0.596903 0.550816 0.579397 0.550554 0.583753 0.259368 0.601259 0.259630
0 0.613731 0.534434 0.598126 0.534256 0.601394 0.248340 0.616999 0.248519
0 0.626240 0.515168 0.611517 0.514987 0.614868 0.242782 0.629591 0.242963
0 0.638070 0.494566 0.623924 0.494280 0.629087 0.238973 0.643232 0.239259
0 0.649600 0.481147 0.638174 0.480906 0.643349 0.235315 0.654774 0.235556
0 0.659034 0.464948 0.645441 0.464527 0.652724 0.229579 0.666317 0.230000
