0 0.218894 0.973558 -0.001562 0.973558 -0.001562 0.261250 0.218894 0.261250
0 0.397668 0.950192 0.206538 0.950192 0.206538 0.309375 0.397668 0.309375
0 0.540697 0.943317 0.397668 0.943317 0.397668 0.402885 0.540697 0.402885
0 0.649327 0.906178 0.547572 0.906178 0.547572 0.423510 0.649327 0.423510
0 0.751081 0.877308 0.641082 0.877308 0.641082 0.451010 0.751081 0.451010
0 0.808846 0.847043 0.740072 0.847043 0.740072 0.460649 0.808846 0.460649
0 0.877596 0.820913 0.807451 0.820913 0.807451 0.482644 0.877596 0.482644
0 0.931225 0.807163 0.859711 0.807163 0.859711 0.489519 0.931225 0.489519
0 0.976610 0.783798 0.914735 0.783798 0.914735 0.495024 0.976610 0.495024
0 0.998438 0.771418 0.969736 0.771418 0.969736 0.507404 0.998438 0.507404
0 0.209278 0.228245 0.209278 0.000000 0.386683 0.000000 0.386683 0.228245
0 0.529688 0.273630 0.397668 0.273630 0.397668 0.001346 0.529688 0.001346
0 0.649327 0.298365 0.543437 0.298365 0.543437 0.000000 0.649327 0.000000
0 0.737332 0.324495 0.642451 0.324495 0.642451 0.000000 0.737332 0.000000
0 0.803342 0.357500 0.731826 0.357500 0.731826 0.000000 0.803342 0.000000
0 0.854278 0.375096 0.800961 0.375096 0.800961 0.036082 0.854278 0.036082
0 0.903605 0.401370 0.855072 0.401370 0.855072 0.077476 0.903605 0.077476
0 0.956948 0.401370 0.905890 0.401370 0.905890 0.106923 0.956948 0.106923
0 0.993533 0.422043 0.949784 0.422043 0.949784 0.151490 0.993533 0.151490
