0 0.828219 0.674842 0.769377 0.670244 0.794729 0.345834 0.853571 0.350432
0 0.791791 0.664433 0.731744 0.662109 0.743966 0.346450 0.804013 0.348775
0 0.427565 0.665064 0.364819 0.665064 0.364819 0.333017 0.427565 0.333017
0 0.955570 0.697129 0.893452 0.694347 0.908499 0.358308 0.970617 0.361090
0 0.376281 0.669509 0.310869 0.669509 0.310869 0.330381 0.376281 0.330381
0 0.279575 0.672473 0.210539 0.672473 0.210539 0.329591 0.279575 0.329591
0 0.882865 0.683589 0.824852 0.678543 0.853589 0.348191 0.911602 0.353237
0 0.754789 0.650244 0.693510 0.650244 0.693510 0.345074 0.754789 0.345074
0 0.328962 0.672473 0.263784 0.672473 0.263784 0.329435 0.328962 0.329435
0 0.111041 0.688405 0.032631 0.688405 0.032631 0.336318 0.111041 0.336318
0 0.478835 0.663581 0.414467 0.663581 0.414467 0.333078 0.478835 0.333078
0 0.705681 0.647281 0.647184 0.647281 0.647184 0.345309 0.705681 0.345309
0 0.614413 0.650244 0.557648 0.650244 0.557648 0.337472 0.614413 0.337472
0 0.167992 0.685441 0.094892 0.685441 0.094892 0.333588 0.167992 0.333588
0 0.045721 0.695757 0.000078 0.695757 0.000078 0.335145 0.045721 0.335145
0 0.223880 0.682477 0.154292 0.682477 0.154292 0.330513 0.223880 0.330513
0 0.658638 0.650244 0.602428 0.650244 0.602428 0.344165 0.658638 0.344165
0 0.568276 0.654691 0.509384 0.654691 0.509384 0.336689 0.568276 0.336689
0 0.525371 0.660618 0.466853 0.660618 0.466853 0.334256 0.525371 0.334256
0 0.999475 0.705959 0.952504 0.705959 0.952504 0.360375 0.999475 0.360375
