0 0.765869 0.603239 0.743029 0.319712 0.860813 0.310223 0.883654 0.593750
0 0.708683 0.602055 0.685938 0.319712 0.777139 0.312364 0.799884 0.594708
0 0.659103 0.603557 0.636358 0.321214 0.727560 0.313867 0.750305 0.596210
0 0.596002 0.602055 0.573257 0.319711 0.664459 0.312364 0.687204 0.594708
0 0.535906 0.603557 0.513161 0.321214 0.604363 0.313867 0.627108 0.596210
0 0.472805 0.603557 0.450060 0.321214 0.541262 0.313867 0.564007 0.596210
0 0.415505 0.600962 0.407993 0.323017 0.482531 0.321002 0.490043 0.598947
0 0.358414 0.596454 0.350901 0.318510 0.425439 0.316495 0.432951 0.594440
0 0.301322 0.594952 0.293810 0.317007 0.368348 0.314993 0.375860 0.592937
0 0.242728 0.597957 0.235216 0.320012 0.309754 0.317997 0.317266 0.595942
0 0.182632 0.596454 0.175120 0.318510 0.249658 0.316495 0.257170 0.594440
0 0.127043 0.596454 0.119531 0.318510 0.194069 0.316495 0.201581 0.594440
0 0.062440 0.596454 0.054928 0.318510 0.129466 0.316495 0.136978 0.594440
