0 0.901612 0.726549 0.821424 0.726549 0.821424 0.323973 0.901612 0.323973
0 0.973432 0.739887 0.885376 0.739887 0.885376 0.326390 0.973432 0.326390
0 0.428159 0.652453 0.360496 0.652453 0.360496 0.299818 0.428159 0.299818
0 0.765838 0.704320 0.693690 0.704320 0.693690 0.316969 0.765838 0.316969
0 0.834218 0.714694 0.756218 0.714694 0.756218 0.323071 0.834218 0.323071
0 0.700667 0.699875 0.632456 0.699875 0.632456 0.315034 0.700667 0.315034
0 0.072469 0.690983 0.000149 0.690983 0.000149 0.307748 0.072469 0.307748
0 0.134085 0.683573 0.060815 0.683573 0.060815 0.310030 0.134085 0.310030
0 0.193180 0.674682 0.124134 0.674682 0.124134 0.305043 0.193180 0.305043
0 0.304387 0.655417 0.241838 0.655417 0.241838 0.298702 0.304387 0.298702
0 0.485655 0.662827 0.415575 0.662827 0.415575 0.300489 0.485655 0.300489
0 0.248051 0.664308 0.183103 0.664308 0.183103 0.300536 0.248051 0.300536
0 0.999475 0.744283 0.952919 0.744283 0.952919 0.329703 0.999475 0.329703
0 0.360414 0.653935 0.300438 0.653935 0.300438 0.298298 0.360414 0.298298
0 0.643493 0.687561 0.577561 0.687561 0.577561 0.312750 0.643493 0.312750
0 0.590563 0.681055 0.521948 0.681055 0.521948 0.312519 0.590563 0.312519
