0 0.114686 0.695429 0.048494 0.695429 0.048494 0.342637 0.114686 0.342637
0 0.056580 0.699973 0.000213 0.699973 0.000213 0.343503 0.056580 0.343503
0 0.230419 0.667272 0.164001 0.667272 0.164001 0.350915 0.230419 0.350915
0 0.274927 0.658381 0.216109 0.658381 0.216109 0.351561 0.274927 0.351561
0 0.904470 0.732704 0.849343 0.726036 0.887153 0.413468 0.942280 0.420136
0 0.171997 0.680609 0.108973 0.680609 0.108973 0.349797 0.171997 0.349797
0 0.485263 0.632814 0.436745 0.632814 0.436745 0.360196 0.485263 0.360196
0 0.715005 0.666898 0.658960 0.661421 0.686777 0.376800 0.742822 0.382278
0 0.807345 0.698019 0.760295 0.693134 0.790657 0.400660 0.837707 0.405544
0 0.316893 0.650971 0.261833 0.650971 0.261833 0.355741 0.316893 0.355741
0 0.761175 0.674307 0.703479 0.668857 0.729775 0.390503 0.787471 0.395954
0 0.361548 0.645043 0.307502 0.645043 0.307502 0.355828 0.361548 0.355828
0 0.858159 0.715455 0.811697 0.710999 0.840650 0.409070 0.887112 0.413525
0 0.524114 0.634295 0.475272 0.634295 0.475272 0.363611 0.524114 0.363611
0 0.565033 0.640223 0.516672 0.640223 0.516672 0.364897 0.565033 0.364897
0 0.443692 0.634670 0.393669 0.634670 0.393669 0.357821 0.443692 0.357821
0 0.600772 0.646151 0.554698 0.646151 0.554698 0.370448 0.600772 0.370448
0 0.403529 0.636152 0.350443 0.636152 0.350443 0.354226 0.403529 0.354226
0 0.669675 0.660970 0.618164 0.655801 0.645911 0.379307 0.697422 0.384476
0 0.999327 0.750655 0.928389 0.750655 0.928389 0.430098 0.999327 0.430098
