0 0.575001 0.936111 0.182032 0.936111 0.182032 0.133333 0.575001 0.133333
0 0.986718 0.659722 0.793749 0.659722 0.793749 0.100000 0.986718 0.100000
0 0.282813 0.605556 0.060937 0.605556 0.060937 0.101388 0.282813 0.101388
0 0.623437 0.558333 0.492968 0.558333 0.492968 0.123611 0.623437 0.123611
0 0.807813 0.634722 0.662500 0.634722 0.662500 0.087500 0.807813 0.087500
0 0.503126 0.548611 0.350000 0.548611 0.350000 0.090278 0.503126 0.090278
0 0.033594 0.572222 0.000781 0.572222 0.000781 0.129166 0.033594 0.129166
0 0.322656 0.519444 0.281250 0.519444 0.281250 0.122222 0.322656 0.122222
0 0.362500 0.502778 0.317188 0.502778 0.317188 0.090278 0.362500 0.090278
0 0.078906 0.559722 0.028125 0.559722 0.028125 0.122222 0.078906 0.122222
