0 0.324619 0.705954 0.277609 0.704472 0.286254 0.430165 0.333263 0.431646
0 0.039294 0.738405 0.000176 0.738405 0.000176 0.416751 0.039294 0.416751
0 0.962943 0.891121 0.904489 0.885265 0.941028 0.520562 0.999482 0.526419
0 0.092375 0.733959 0.031176 0.733959 0.031176 0.415564 0.092375 0.415564
0 0.134577 0.729513 0.080590 0.729513 0.080590 0.416949 0.134577 0.416949
0 0.274251 0.702990 0.227242 0.701508 0.235887 0.427201 0.282896 0.428682
0 0.900735 0.871778 0.842280 0.865921 0.878069 0.508706 0.936523 0.514563
0 0.847432 0.836340 0.788985 0.830412 0.822665 0.498333 0.881112 0.504261
0 0.794963 0.811019 0.736487 0.805403 0.767261 0.484996 0.825738 0.490613
0 0.363827 0.577691 0.362647 0.400534 0.485073 0.399718 0.486254 0.576875
