0 0.987764 0.201202 0.850096 0.201202 0.850096 0.126394 0.987764 0.126394
0 0.881923 0.204375 0.760962 0.204375 0.760962 0.127981 0.881923 0.127981
0 0.686154 0.209159 0.604183 0.209159 0.604183 0.139928 0.686154 0.139928
0 0.595433 0.205986 0.512668 0.205986 0.512668 0.140721 0.595433 0.140721
0 0.630457 0.152644 0.570769 0.152644 0.570769 0.104111 0.630457 0.104111
0 0.523822 0.205168 0.431514 0.205168 0.431514 0.140721 0.523822 0.140721
0 0.565986 0.143101 0.504712 0.143101 0.504712 0.104111 0.565986 0.104111
0 0.380577 0.155048 0.301779 0.155048 0.301779 0.108894 0.380577 0.108894
0 0.452981 0.155048 0.372620 0.155048 0.372620 0.105697 0.452981 0.105697
0 0.504712 0.155048 0.441058 0.155048 0.441058 0.106490 0.504712 0.106490
0 0.450601 0.201202 0.332812 0.201202 0.332812 0.140721 0.450601 0.140721
0 0.375793 0.198822 0.262788 0.198822 0.262788 0.145505 0.375793 0.145505
