1 0.546399 0.855176 0.545231 0.836607 0.713409 0.826026 0.714577 0.844596
1 0.054600 0.395003 0.049514 0.233160 0.688669 0.213073 0.693755 0.374916
1 0.116592 0.511600 0.113476 0.412443 0.640644 0.395876 0.643760 0.495034
1 0.163067 0.602193 0.160885 0.532757 0.569289 0.519921 0.571471 0.589358
1 0.183862 0.666200 0.181842 0.601929 0.537628 0.590748 0.539648 0.655019
1 0.186178 0.698747 0.184944 0.659463 0.509640 0.649259 0.510874 0.688543
1 0.180643 0.730739 0.179656 0.699337 0.491857 0.689525 0.492844 0.720928
1 0.192990 0.762996 0.192002 0.731569 0.470351 0.722822 0.471339 0.754248
1 0.199956 0.796269 0.198969 0.764866 0.457616 0.756736 0.458603 0.788140
1 0.199656 0.818599 0.198875 0.793731 0.438974 0.786185 0.439755 0.811053
1 0.202321 0.844711 0.201539 0.819843 0.426717 0.812766 0.427499 0.837634
1 0.226695 0.868130 0.226094 0.849004 0.424002 0.842784 0.424603 0.861910
1 0.237404 0.882512 0.236915 0.866944 0.416971 0.861286 0.417460 0.876855
1 0.238342 0.899364 0.237853 0.883794 0.417884 0.878137 0.418373 0.893706
1 0.252254 0.914048 0.251765 0.898479 0.407169 0.893596 0.407658 0.909164
1 0.260715 0.930973 0.260226 0.915403 0.415655 0.910519 0.416144 0.926089
1 0.266270 0.940039 0.266010 0.931750 0.404764 0.927390 0.405024 0.935678
1 0.275496 0.954172 0.274845 0.945904 0.400730 0.935996 0.401381 0.944264
1 0.275965 0.960969 0.275312 0.952677 0.393097 0.943407 0.393750 0.951699
1 0.278396 0.965978 0.277743 0.957686 0.397589 0.948254 0.398242 0.956546
1 0.282210 0.975605 0.281557 0.967313 0.396203 0.958290 0.396856 0.966582
1 0.289883 0.986077 0.289232 0.977809 0.392040 0.969718 0.392691 0.977986
1 0.294658 0.998393 0.294005 0.990101 0.390318 0.982521 0.390971 0.990813
1 1.000000 0.407813 0.899351 0.407813 0.899351 0.292067 1.000000 0.292067
1 1.000000 0.491538 0.831130 0.491538 0.831130 0.395408 1.000000 0.395408
1 1.000000 0.557500 0.766514 0.557500 0.766514 0.479375 1.000000 0.479375
1 1.000000 0.628197 0.734279 0.628197 0.734279 0.567427 1.000000 0.567427
1 0.971779 0.680937 0.686587 0.680937 0.686587 0.623222 0.971779 0.623222
1 0.877885 0.746394 0.630601 0.746394 0.630601 0.713678 0.877885 0.713678
1 0.838269 0.771370 0.603029 0.771370 0.603029 0.742957 0.838269 0.742957
1 0.582426 0.805548 0.581019 0.783189 0.791709 0.769933 0.793116 0.792292
1 0.566493 0.821604 0.565088 0.799269 0.757377 0.787171 0.758782 0.809506
1 0.548586 0.838844 0.547418 0.820274 0.739707 0.808177 0.740875 0.826747
1 0.538587 0.870465 0.537419 0.851896 0.705596 0.841314 0.706764 0.859883
1 0.524388 0.877771 0.523537 0.864241 0.690011 0.853767 0.690862 0.867297
1 0.521227 0.890314 0.520376 0.876783 0.674446 0.867089 0.675297 0.880621
1 0.507303 0.899025 0.506452 0.885494 0.655437 0.876120 0.656288 0.889651
1 0.495670 0.908947 0.494902 0.896735 0.638345 0.887711 0.639113 0.899923
1 0.483939 0.919477 0.483171 0.907265 0.626638 0.898239 0.627406 0.910450
1 0.476015 0.924425 0.475494 0.916148 0.606461 0.907908 0.606982 0.916185
1 1.000000 0.749808 0.970601 0.749808 0.970601 0.707331 1.000000 0.707331
1 1.000000 0.771346 0.924543 0.771346 0.924543 0.739639 1.000000 0.739639
1 1.000000 0.794664 0.873702 0.794664 0.873702 0.765361 1.000000 0.765361
1 0.995120 0.813197 0.838413 0.813197 0.838413 0.786899 0.995120 0.786899
1 0.811632 0.830388 0.810799 0.815941 0.971421 0.806679 0.972254 0.821126
1 0.778911 0.846331 0.778078 0.831884 0.933877 0.822900 0.934710 0.837348
1 0.751954 0.861780 0.751122 0.847356 0.894994 0.839061 0.895826 0.853485
1 0.723172 0.874930 0.722403 0.861587 0.866275 0.853292 0.867044 0.866634
1 0.706947 0.884780 0.706265 0.872948 0.845673 0.864908 0.846355 0.876740
1 0.692759 0.894256 0.692078 0.882448 0.825030 0.874782 0.825711 0.886590
1 0.680226 0.906625 0.679545 0.894818 0.802106 0.887750 0.802787 0.899557
1 0.665827 0.914077 0.665146 0.902270 0.787707 0.895202 0.788388 0.907009
1 0.649897 0.921718 0.649335 0.911973 0.765872 0.905254 0.766434 0.914999
1 0.636868 0.929338 0.636306 0.919594 0.752867 0.912873 0.753429 0.922618
1 0.629455 0.935693 0.628893 0.925950 0.734920 0.919837 0.735482 0.929580
1 0.617701 0.942497 0.617138 0.932728 0.723164 0.926614 0.723727 0.936383
1 0.824945 0.896087 0.824707 0.886330 0.947219 0.883337 0.947457 0.893093
1 0.851852 0.885751 0.851550 0.873398 0.974062 0.870403 0.974364 0.882757
1 0.875170 0.875061 0.874868 0.862709 1.000000 0.859651 1.000302 0.872003
1 0.901704 0.865854 0.901402 0.853500 1.000000 0.851090 1.000302 0.863443
1 0.929850 0.850952 0.929548 0.838599 1.000000 0.836877 1.000302 0.849230
1 0.966405 0.836397 0.966104 0.824067 0.999844 0.823243 1.000146 0.835573
