1 0.997596 0.997596 0.552380 0.997596 0.552380 0.897188 0.997596 0.897188
1 0.964275 0.537834 0.629793 0.503861 0.639138 0.411856 0.973620 0.445829
1 0.948430 0.439087 0.656877 0.409471 0.664478 0.334639 0.956032 0.364255
1 0.940870 0.361656 0.677607 0.334913 0.683649 0.275435 0.946912 0.302178
1 0.943990 0.293077 0.695697 0.293077 0.695697 0.251058 0.943990 0.251058
1 0.934423 0.255841 0.702380 0.255841 0.702380 0.207139 0.934423 0.207139
1 0.925721 0.207212 0.714784 0.207212 0.714784 0.167981 0.925721 0.167981
1 0.931563 0.167043 0.722428 0.167043 0.722428 0.138389 0.931563 0.138389
1 0.925841 0.130745 0.746298 0.130745 0.746298 0.107813 0.925841 0.107813
1 0.922019 0.107813 0.752043 0.107813 0.752043 0.089688 0.922019 0.089688
1 0.744154 0.096392 0.743183 0.075019 0.912986 0.067310 0.913956 0.088683
1 0.739280 0.070849 0.738476 0.053151 0.895911 0.046002 0.896715 0.063699
1 0.738397 0.052207 0.737011 0.036981 0.893959 0.022697 0.895345 0.037923
1 0.752832 0.032142 0.751446 0.016916 0.879524 0.005262 0.880909 0.020488
1 0.753224 0.017000 0.751839 0.001776 0.860430 -0.008104 0.861815 0.007120
1 0.299248 0.981755 -0.016084 0.941358 0.010488 0.733942 0.325820 0.774339
1 0.389462 0.754592 0.089534 0.706551 0.112654 0.562212 0.412582 0.610252
1 0.446963 0.608265 0.154988 0.585798 0.161835 0.496808 0.453810 0.519274
1 0.485626 0.533500 0.216926 0.512825 0.223773 0.423832 0.492474 0.444507
1 0.514396 0.443567 0.269230 0.424704 0.275435 0.344053 0.520601 0.362916
1 0.344005 0.351279 0.342998 0.293596 0.545130 0.290067 0.546137 0.347750
1 0.378505 0.294204 0.377772 0.252190 0.567887 0.248873 0.568620 0.290887
1 0.420798 0.251034 0.420189 0.216111 0.585741 0.213221 0.586351 0.248144
1 0.432013 0.213822 0.431474 0.182913 0.608083 0.179832 0.608623 0.210740
1 0.468558 0.178353 0.468004 0.146651 0.618414 0.144026 0.618967 0.175728
1 0.488413 0.150469 0.487860 0.118743 0.638269 0.116118 0.638823 0.147844
1 0.505918 0.120000 0.505642 0.104207 0.643337 0.101803 0.643613 0.117596
1 0.521541 0.099940 0.521266 0.084173 0.643988 0.082031 0.644263 0.097798
1 0.528392 0.081767 0.528117 0.066000 0.650839 0.063858 0.651114 0.079625
1 0.536348 0.069051 0.536072 0.053260 0.658797 0.051118 0.659072 0.066909
1 0.547477 0.049940 0.547202 0.034173 0.669926 0.032031 0.670201 0.047798
1 0.549858 0.041983 0.549583 0.026192 0.672329 0.024050 0.672605 0.039841
1 0.567382 0.027656 0.567107 0.011889 0.689829 0.009748 0.690105 0.025514
1 0.589562 0.011062 0.589393 0.001351 0.689162 -0.000389 0.689332 0.009322
1 0.087187 0.588990 -0.000000 0.588990 0.000000 0.502260 0.087187 0.502260
1 0.128462 0.508221 0.000000 0.508221 0.000000 0.435865 0.128462 0.435865
1 0.175721 0.435865 -0.000000 0.435865 0.000000 0.376034 0.175721 0.376034
1 0.235168 0.383702 0.043774 0.383702 0.043774 0.327476 0.235168 0.327476
1 0.268438 0.322812 0.101538 0.322812 0.101538 0.272548 0.268438 0.272548
1 0.310312 0.274351 0.157187 0.274351 0.157187 0.233077 0.310312 0.233077
1 0.345601 0.233678 0.215793 0.233678 0.215793 0.199591 0.345601 0.199591
1 0.376707 0.203173 0.248101 0.203173 0.248101 0.170865 0.376707 0.170865
1 0.411394 0.175649 0.284591 0.175649 0.284591 0.145745 0.411394 0.145745
1 0.433534 0.143365 0.317476 0.143365 0.317476 0.120024 0.433534 0.120024
1 0.452668 0.123630 0.344399 0.123630 0.344399 0.099087 0.452668 0.099087
1 0.481370 0.099687 0.367716 0.099687 0.367716 0.078750 0.481370 0.078750
1 0.491106 0.079423 0.397644 0.079423 0.397644 0.062452 0.491106 0.062452
1 0.410142 0.068637 0.409483 0.054132 0.514954 0.049344 0.515613 0.063849
1 0.424155 0.056514 0.423495 0.041986 0.524377 0.037404 0.525037 0.051933
1 0.438696 0.041990 0.438036 0.027462 0.534477 0.023082 0.535137 0.037611
1 0.452419 0.028714 0.451760 0.014187 0.542653 0.010060 0.543313 0.024587
1 0.468477 0.017416 0.467817 0.002889 0.558735 -0.001238 0.559394 0.013288
1 0.354939 0.034377 0.354279 0.019851 0.435206 0.016175 0.435865 0.030702
1 0.337161 0.047858 0.336630 0.036161 0.422478 0.032262 0.423010 0.043959
1 0.322545 0.058457 0.322014 0.046762 0.407839 0.042865 0.408370 0.054560
1 0.300007 0.075363 0.299267 0.059079 0.388623 0.055019 0.389363 0.071303
1 0.277053 0.090115 0.276314 0.073834 0.370737 0.069548 0.371476 0.085829
1 0.250154 0.105709 0.249416 0.089452 0.346697 0.085036 0.347435 0.101293
1 0.223685 0.123438 0.222863 0.105332 0.323863 0.100745 0.324685 0.118851
1 0.191358 0.144858 0.190536 0.126750 0.302176 0.121680 0.302998 0.139788
1 0.160724 0.167990 0.159731 0.146137 0.274998 0.140902 0.275990 0.162755
1 0.131375 0.190733 0.130349 0.168135 0.262640 0.162127 0.263666 0.184726
1 0.045050 0.246739 0.043709 0.217200 0.193964 0.210377 0.195305 0.239916
1 0.000000 0.288471 -0.001608 0.253436 0.152490 0.246363 0.154098 0.281398
1 0.102236 0.328630 -0.000000 0.328630 0.000000 0.281274 0.102236 0.281274
1 0.040481 0.391947 0.000553 0.391947 0.000553 0.345096 0.040481 0.345096
1 1.000000 0.890625 0.564062 0.890625 0.564062 0.667188 1.000000 0.667188
1 1.000000 0.700000 0.578125 0.700000 0.578125 0.531250 1.000000 0.531250
