1 0.386226 0.738846 0.293918 0.738846 0.293918 0.278798 0.386226 0.278798
1 0.294712 0.707019 0.233437 0.707019 0.233437 0.323365 0.294712 0.323365
1 0.240072 0.687332 0.189784 0.687332 0.189784 0.336899 0.240072 0.336899
1 0.199183 0.672957 0.162716 0.672957 0.162716 0.361755 0.199183 0.361755
1 0.167115 0.654159 0.135625 0.654159 0.135625 0.369495 0.167115 0.369495
1 0.138942 0.640913 0.116827 0.640913 0.116827 0.384423 0.138942 0.384423
1 0.118486 0.633726 0.081466 0.633726 0.081466 0.403774 0.118486 0.403774
1 0.090313 0.619351 0.070409 0.619351 0.070409 0.404880 0.090313 0.404880
1 0.361106 0.113678 0.266058 0.113678 0.266058 0.000000 0.361106 0.000000
1 0.282861 0.176683 0.223846 0.176683 0.223846 0.000000 0.282861 0.000000
1 0.235769 0.229087 0.190673 0.229087 0.190673 0.000000 0.235769 0.000000
1 0.201947 0.254952 0.152885 0.254952 0.152885 0.000000 0.201947 0.000000
1 0.162163 0.288774 0.124375 0.288774 0.124375 0.000000 0.162163 0.000000
1 0.137620 0.310649 0.102476 0.310649 0.102476 0.034712 0.137620 0.034712
1 0.112428 0.327885 0.084567 0.327885 0.084567 0.078462 0.112428 0.078462
1 0.093870 0.348437 0.069976 0.348437 0.069976 0.114952 0.093870 0.114952
1 0.071971 0.364375 0.056731 0.364375 0.056731 0.149423 0.071971 0.149423
1 0.064038 0.384207 0.044087 0.384207 0.044087 0.180385 0.064038 0.180385
1 0.050986 0.396490 0.033726 0.396490 0.033726 0.197668 0.050986 0.197668
1 0.037163 0.404183 0.018750 0.404183 0.018750 0.232596 0.037163 0.232596
1 0.019519 0.427957 0.003005 0.427957 0.003005 0.248702 0.019519 0.248702
