0 0.976390 0.871587 0.923924 0.871587 0.923924 0.603066 0.976390 0.603066
0 0.927072 0.866955 0.874606 0.866955 0.874606 0.598437 0.927072 0.598437
0 0.812697 0.866955 0.760231 0.866955 0.760231 0.598437 0.812697 0.598437
0 0.762854 0.842883 0.718258 0.842883 0.718258 0.600288 0.762854 0.600288
0 0.724554 0.841030 0.679958 0.841030 0.679958 0.598437 0.724554 0.598437
0 0.688353 0.833622 0.651627 0.833622 0.651627 0.602141 0.688353 0.602141
0 0.653725 0.824363 0.616999 0.824363 0.616999 0.592882 0.653725 0.592882
0 0.622245 0.816029 0.585519 0.816029 0.585519 0.584549 0.622245 0.584549
0 0.589192 0.808623 0.552466 0.808623 0.552466 0.577140 0.589192 0.577140
0 0.557188 0.803067 0.526758 0.803067 0.526758 0.572512 0.557188 0.572512
0 0.525709 0.798438 0.499476 0.798438 0.499476 0.555846 0.525709 0.555846
0 0.492655 0.796587 0.466422 0.796587 0.466422 0.553992 0.492655 0.553992
0 0.773582 0.598503 0.552805 0.288581 0.761385 0.139997 0.982162 0.449919
0 0.689881 0.639922 0.388517 0.383548 0.498636 0.254105 0.800000 0.510478
0 0.584605 0.648472 0.304227 0.469360 0.366002 0.372659 0.646380 0.551771
0 0.499723 0.676692 0.205075 0.522572 0.250157 0.436382 0.544806 0.590501
0 0.425287 0.665611 0.163377 0.572250 0.188038 0.503068 0.449948 0.596429
0 0.367261 0.749919 0.346687 0.749365 0.348785 0.671454 0.369360 0.672008
0 0.391396 0.764734 0.371033 0.764070 0.375020 0.641705 0.395383 0.642369
