0 0.294931 0.682092 0.222988 0.682092 0.222988 0.309648 0.294931 0.309648
0 0.181006 0.693947 0.102603 0.693947 0.102603 0.311604 0.181006 0.311604
0 0.350565 0.682092 0.281306 0.682092 0.281306 0.306149 0.350565 0.306149
0 0.878363 0.650593 0.808065 0.650593 0.808065 0.311378 0.878363 0.311378
0 0.054704 0.705415 0.000474 0.705415 0.000474 0.315195 0.054704 0.315195
0 0.120719 0.701356 0.038423 0.701356 0.038423 0.313882 0.120719 0.313882
0 0.941356 0.668785 0.867993 0.668785 0.867993 0.316747 0.941356 0.316747
0 0.391815 0.679498 0.338215 0.678527 0.344931 0.308045 0.398531 0.309017
0 0.745016 0.644665 0.677861 0.639728 0.702633 0.302747 0.769788 0.307683
0 0.237149 0.686537 0.164009 0.686537 0.164009 0.309746 0.237149 0.309746
0 0.460080 0.670619 0.399287 0.670605 0.399370 0.307535 0.460163 0.307549
0 0.824468 0.649110 0.757473 0.649110 0.757473 0.305932 0.824468 0.305932
0 0.516835 0.668010 0.453769 0.668010 0.453769 0.304994 0.516835 0.304994
0 0.565395 0.663564 0.503634 0.663564 0.503634 0.306759 0.565395 0.306759
0 0.618354 0.656155 0.554743 0.656155 0.554743 0.308604 0.618354 0.308604
0 0.664137 0.645782 0.604160 0.645782 0.604160 0.309025 0.664137 0.309025
0 0.999098 0.680863 0.925802 0.680863 0.925802 0.320509 0.999098 0.320509
