0 1.000000 0.918293 0.900144 0.918293 0.900144 0.259880 1.000000 0.259880
0 0.941394 0.961178 0.695505 0.961178 0.695505 0.335769 0.941394 0.335769
0 0.721923 1.000000 0.495841 1.000000 0.495841 0.385288 0.721923 0.385288
0 0.521034 0.987957 0.313101 0.987957 0.313101 0.417668 0.521034 0.417668
0 0.307163 0.993894 0.121034 0.993894 0.121034 0.461226 0.307163 0.461226
0 0.102813 1.000000 -0.000000 1.000000 0.000000 0.500433 0.102813 0.500433
0 0.928558 0.130144 0.726562 0.130144 0.726562 0.000000 0.928558 0.000000
0 0.728558 0.140024 0.530529 0.140024 0.530529 0.000000 0.728558 0.000000
0 0.376082 0.199447 0.235481 0.199447 0.235481 0.000000 0.376082 0.000000
0 0.203798 0.250913 0.084976 0.250913 0.084976 0.000000 0.203798 0.000000
0 0.075072 0.274687 -0.000000 0.274687 0.000000 0.000000 0.075072 0.000000
