0 0.888889 0.453125 0.608333 0.453125 0.608333 0.309375 0.888889 0.309375
0 0.853994 0.295937 0.602067 0.295937 0.602067 0.258437 0.853994 0.258437
0 0.849550 0.271770 0.597622 0.271770 0.597622 0.234270 0.849550 0.234270
0 0.840658 0.242605 0.588731 0.242605 0.588731 0.205105 0.840658 0.205105
0 0.831767 0.207605 0.579839 0.207605 0.579839 0.170105 0.831767 0.170105
0 0.824356 0.182605 0.572430 0.182605 0.572430 0.145105 0.824356 0.145105
0 0.581983 0.151792 0.581322 0.125105 0.817767 0.119250 0.818428 0.145938
0 0.576055 0.129292 0.575394 0.102605 0.811839 0.096750 0.812500 0.123438
0 0.570127 0.107623 0.569467 0.080937 0.805912 0.075084 0.806572 0.101770
0 0.562716 0.087623 0.562055 0.060938 0.798503 0.055084 0.799164 0.081770
0 0.556789 0.066792 0.556128 0.040105 0.792575 0.034250 0.793236 0.060938
0 0.550861 0.046792 0.550200 0.020105 0.786648 0.014250 0.787308 0.040938
0 0.784344 0.020938 0.557611 0.020938 0.557611 0.000000 0.784344 0.000000
