0 0.564417 1.028769 0.429072 0.998438 0.476481 0.786895 0.611825 0.817227
0 0.887338 0.624627 0.365432 0.624627 0.365432 0.566378 0.887338 0.566378
0 0.668667 1.033499 0.533899 0.998438 0.554646 0.918689 0.689414 0.953751
0 0.792965 0.563978 0.342461 0.563978 0.342461 0.514820 0.792965 0.514820
0 0.961796 0.692427 0.381440 0.692427 0.381440 0.625007 0.961796 0.625007
0 0.680117 0.474409 0.305205 0.474409 0.305205 0.436177 0.680117 0.436177
0 0.725167 0.513556 0.318538 0.513556 0.318538 0.473297 0.725167 0.473297
0 0.483169 0.942441 0.381371 0.919711 0.433518 0.686160 0.535317 0.708890
0 0.658180 0.437691 0.288854 0.437691 0.288854 0.407219 0.658180 0.407219
0 0.280117 0.404600 0.280000 0.382488 0.589363 0.380855 0.589479 0.402967
0 0.550949 0.380179 0.266999 0.379716 0.267037 0.356255 0.550987 0.356718
0 0.530202 0.357514 0.259273 0.350875 0.259630 0.336318 0.530559 0.342957
0 0.506482 0.341060 0.248055 0.333697 0.248518 0.317430 0.506946 0.324793
0 0.485744 0.327294 0.242400 0.318726 0.242963 0.302740 0.486307 0.311307
0 0.456107 0.309665 0.235080 0.303774 0.235555 0.285951 0.456582 0.291842
0 0.442682 0.295085 0.227668 0.286642 0.228148 0.274408 0.443162 0.282852
