0 0.990625 0.447222 0.939062 0.447222 0.939062 0.363889 0.990625 0.363889
0 0.537500 0.491667 0.484375 0.491667 0.484375 0.405556 0.537500 0.405556
0 0.676562 0.491667 0.632812 0.491667 0.632812 0.377778 0.676562 0.377778
0 0.773438 0.486111 0.715625 0.486111 0.715625 0.377778 0.773438 0.377778
0 0.785000 0.488889 0.773228 0.488889 0.773228 0.380556 0.785000 0.380556
0 0.795833 0.487408 0.784063 0.487408 0.784063 0.379072 0.795833 0.379072
0 0.805000 0.485925 0.793228 0.485925 0.793228 0.377592 0.805000 0.377592
0 0.814167 0.485925 0.802395 0.485925 0.802395 0.377592 0.814167 0.377592
0 0.824167 0.482961 0.812395 0.482961 0.812395 0.374628 0.824167 0.374628
0 0.835000 0.479997 0.823228 0.479997 0.823228 0.371664 0.835000 0.371664
0 0.841667 0.479997 0.829895 0.479997 0.829895 0.371664 0.841667 0.371664
0 0.850000 0.479997 0.838228 0.479997 0.838228 0.371664 0.850000 0.371664
0 0.859167 0.477033 0.847395 0.477033 0.847395 0.368700 0.859167 0.368700
0 0.867500 0.475553 0.855728 0.475553 0.855728 0.367217 0.867500 0.367217
0 0.875000 0.475553 0.863228 0.475553 0.863228 0.367217 0.875000 0.367217
0 0.882500 0.475553 0.870730 0.475553 0.870730 0.367217 0.882500 0.367217
0 0.890833 0.475553 0.879062 0.475553 0.879062 0.367217 0.890833 0.367217
