0 0.123237 0.702369 0.001031 0.702369 0.001031 0.510601 0.123237 0.510601
0 0.216770 0.576914 -0.000000 0.576914 0.000000 0.430679 0.216770 0.430679
0 0.293688 0.497466 0.042217 0.497466 0.042217 0.382099 0.293688 0.382099
0 0.490313 0.681942 0.450161 0.681942 0.450161 0.272590 0.490313 0.272590
0 0.453443 0.736136 0.409789 0.736136 0.409789 0.288498 0.453443 0.288498
0 0.414941 0.787028 0.363281 0.787028 0.363281 0.314514 0.414941 0.314514
0 0.548231 0.590417 0.519201 0.590417 0.519201 0.236083 0.548231 0.236083
0 0.521008 0.648917 0.486028 0.648917 0.486028 0.245050 0.521008 0.245050
0 0.577446 0.544677 0.550238 0.544677 0.550238 0.223179 0.577446 0.223179
0 0.369060 0.852955 0.306732 0.852955 0.306732 0.349455 0.369060 0.349455
