1 0.399928 0.290384 0.312836 0.290384 0.312836 0.180361 0.399928 0.180361
1 0.997597 0.159736 0.911009 0.159736 0.911009 0.109303 0.997597 0.109303
1 0.942809 0.255984 0.780663 0.139471 0.825003 0.077766 0.987149 0.194279
1 0.839868 0.262399 0.748490 0.166779 0.803425 0.114281 0.894803 0.209902
1 0.002317 0.001192 0.001875 0.000720 0.002075 0.000533 0.002517 0.001005
1 0.749258 0.262572 0.657898 0.166968 0.712834 0.114471 0.804194 0.210075
1 0.635589 0.269325 0.569448 0.172730 0.639505 0.124761 0.705645 0.221356
1 0.521741 0.280658 0.485678 0.172874 0.571528 0.144150 0.607591 0.251934
1 0.419642 0.292590 0.397562 0.181075 0.486367 0.163492 0.508447 0.275006
1 0.299086 0.297259 0.211995 0.297259 0.211995 0.197548 0.299086 0.197548
1 0.207403 0.308702 0.103125 0.308702 0.103125 0.210169 0.207403 0.210169
1 0.920455 0.995739 0.788709 0.978141 0.866692 0.394333 0.998438 0.411931
1 0.779830 0.998438 0.648761 0.967318 0.782283 0.404960 0.913352 0.436080
1 0.635766 1.001077 0.491881 0.968491 0.611796 0.439004 0.755681 0.471591
1 0.575284 0.998437 0.403409 0.998437 0.403409 0.473011 0.575284 0.473011
1 0.303141 1.007062 0.266605 0.467961 0.393863 0.459336 0.430398 0.998438
1 0.150027 1.011424 0.107413 0.468952 0.272727 0.455966 0.315341 0.998438
1 0.115056 0.998438 -0.000000 0.998438 0.000000 0.494319 0.115056 0.494319
