0 0.991611 0.875021 0.628751 0.665427 0.782479 0.399287 1.145338 0.608881
0 0.594776 0.684513 0.511228 0.539464 0.822223 0.360330 0.905771 0.505380
0 0.689383 0.418753 0.655435 0.418753 0.655435 0.204428 0.689383 0.204428
0 0.719900 0.416394 0.685392 0.416394 0.685392 0.204258 0.719900 0.204258
0 0.749906 0.420507 0.714682 0.420507 0.714682 0.200519 0.749906 0.200519
0 0.659580 0.429313 0.627412 0.429313 0.627412 0.205816 0.659580 0.205816
0 0.630893 0.432991 0.599885 0.432991 0.599885 0.207470 0.630893 0.207470
0 0.474753 0.565897 0.433159 0.468331 0.707199 0.351501 0.748793 0.449067
0 0.381214 0.479985 0.365163 0.412019 0.640402 0.347016 0.656453 0.414982
0 0.339995 0.999856 0.327148 0.366152 0.365747 0.365369 0.378594 0.999074
0 0.298022 0.903531 0.285176 0.269827 0.323775 0.269044 0.336621 0.902749
