1 0.759183 0.147355 0.061298 0.147355 0.061298 -0.001563 0.759183 -0.001563
1 0.678894 0.323174 0.095409 0.323174 0.095409 0.152236 0.678894 0.152236
1 0.619688 0.437764 0.119279 0.437764 0.119279 0.319350 0.619688 0.319350
1 0.573846 0.525626 0.143149 0.525626 0.143149 0.436827 0.573846 0.436827
1 0.536611 0.596299 0.171803 0.596299 0.171803 0.516082 0.536611 0.516082
1 0.511779 0.645961 0.189952 0.645961 0.189952 0.597259 0.511779 0.597259
1 0.501274 0.685096 0.209038 0.685096 0.209038 0.648822 0.501274 0.648822
1 0.501034 0.726299 0.227428 0.726299 0.227428 0.686514 0.501034 0.686514
1 0.471755 0.756683 0.225216 0.756683 0.225216 0.726851 0.471755 0.726851
1 0.470048 0.779663 0.237428 0.779663 0.237428 0.756635 0.470048 0.756635
1 0.459447 0.806371 0.250793 0.806371 0.250793 0.781947 0.459447 0.781947
1 0.473726 0.839519 0.283029 0.839519 0.283029 0.815576 0.473726 0.815576
1 0.467284 0.856563 0.283942 0.856563 0.283942 0.839976 0.467284 0.839976
1 0.286440 0.873479 0.286113 0.860119 0.464787 0.855751 0.465113 0.869112
1 0.292076 0.885670 0.291614 0.874164 0.456866 0.867527 0.457328 0.879033
1 0.433197 0.935769 0.313894 0.935769 0.313894 0.920576 0.433197 0.920576
1 0.298767 0.898891 0.297947 0.885094 0.452002 0.875941 0.452822 0.889738
1 0.299488 0.909469 0.298668 0.895671 0.452724 0.886518 0.453544 0.900316
1 0.308921 0.920994 0.308103 0.907221 0.447185 0.898958 0.448003 0.912731
1 0.313241 0.931066 0.312421 0.917267 0.442576 0.909535 0.443396 0.923334
1 0.230759 0.959908 0.225606 0.943662 0.283760 0.925214 0.288914 0.941459
1 1.000000 0.221490 0.795385 0.221490 0.795385 0.043871 1.000000 0.043871
1 1.000000 0.363582 0.761010 0.363582 0.761010 0.240985 1.000000 0.240985
1 1.000000 0.465577 0.715168 0.465577 0.715168 0.373895 1.000000 0.373895
1 1.000000 0.540072 0.665913 0.540072 0.665913 0.462140 1.000000 0.462140
1 0.959375 0.609975 0.629231 0.609975 0.629231 0.548076 0.959375 0.548076
1 0.905673 0.652259 0.607861 0.652259 0.607861 0.603197 0.905673 0.603197
1 0.854615 0.692043 0.582668 0.692043 0.582668 0.650265 0.854615 0.650265
1 0.815505 0.726538 0.565409 0.726538 0.565409 0.692043 0.815505 0.692043
1 0.777692 0.757043 0.550168 0.757043 0.550168 0.726538 0.777692 0.726538
1 0.749183 0.782236 0.532260 0.782236 0.532260 0.755721 0.749183 0.755721
1 0.720000 0.804134 0.521635 0.804134 0.521635 0.781586 0.720000 0.781586
1 0.706731 0.820697 0.515673 0.820697 0.515673 0.805457 0.706731 0.805457
1 0.681538 0.843246 0.513029 0.843246 0.513029 0.818725 0.681538 0.818725
