0 0.975626 0.747516 0.072335 0.747516 0.072335 0.256128 0.975626 0.256128
0 0.291590 0.041620 0.003226 0.041620 0.003226 0.007088 0.291590 0.007088
0 0.274900 0.070872 0.005258 0.070872 0.005258 0.038899 0.274900 0.038899
0 0.231743 0.141285 0.004835 0.141285 0.004835 0.114817 0.231743 0.114817
0 0.258032 0.094772 0.005801 0.094772 0.005801 0.066548 0.258032 0.066548
0 0.245644 0.119262 0.006439 0.119262 0.006439 0.091780 0.245644 0.091780
0 0.202400 0.198423 0.000324 0.198423 0.000324 0.176545 0.202400 0.176545
0 0.221608 0.162034 0.004124 0.162034 0.004124 0.137367 0.221608 0.137367
0 0.309397 0.015912 0.009756 0.015912 0.009756 -0.000781 0.309397 -0.000781
0 0.212771 0.180480 0.002858 0.180480 0.002858 0.157101 0.212771 0.157101
0 0.187944 0.214809 0.000406 0.214809 0.000406 0.193935 0.187944 0.193935
0 0.187539 0.229988 0.000000 0.229988 0.000000 0.209114 0.187539 0.209114
0 0.174197 0.246990 -0.000112 0.246059 -0.000000 0.225185 0.174308 0.226116
0 0.174308 0.259452 0.000000 0.259452 0.000000 0.238578 0.174308 0.238578
0 0.152037 0.270759 -0.000212 0.268956 -0.000000 0.251078 0.152249 0.252881
0 0.152037 0.282366 -0.000212 0.280563 -0.000000 0.262685 0.152249 0.264488
0 0.152037 0.293080 -0.000212 0.291277 0.000000 0.273400 0.152249 0.275203
0 0.152037 0.302902 -0.000212 0.301099 -0.000000 0.283221 0.152249 0.285024
0 0.129476 0.313620 -0.000374 0.310904 0.000000 0.293042 0.129850 0.295759
0 0.143968 0.386538 -0.002928 0.380459 0.000000 0.309700 0.146896 0.315778
