0 0.830146 0.463150 0.445809 0.279587 0.614738 -0.074108 0.999074 0.109455
0 0.425881 0.404590 0.186507 0.404590 0.186507 0.366519 0.425881 0.366519
0 0.423978 0.341113 0.182363 0.341113 0.182363 0.304498 0.423978 0.304498
0 0.423936 0.371059 0.185940 0.371059 0.185940 0.335641 0.423936 0.335641
0 0.626483 0.589833 0.379953 0.286543 0.524231 0.169266 0.770761 0.472556
0 0.513857 0.693925 0.353398 0.375796 0.464954 0.319529 0.625413 0.637659
0 0.435294 0.782892 0.341933 0.464738 0.421978 0.441250 0.515339 0.759403
0 0.213725 0.508824 0.213333 0.477976 0.395303 0.475667 0.395694 0.506515
0 0.211833 0.530196 0.211482 0.510505 0.376038 0.507567 0.376390 0.527257
0 0.220993 0.552948 0.220741 0.533590 0.349363 0.531911 0.349616 0.551269
0 0.220993 0.574774 0.220741 0.555416 0.349363 0.553737 0.349616 0.573095
0 0.231367 0.598278 0.231114 0.578920 0.359737 0.577241 0.359990 0.596599
