0 0.154421 0.645238 -0.029353 0.611498 0.000067 0.451256 0.183840 0.484995
0 0.277358 0.555188 0.041496 0.516440 0.061304 0.395863 0.297167 0.434610
0 0.478353 0.764707 0.429238 0.764707 0.429238 0.328881 0.478353 0.328881
0 0.430375 0.839944 0.371039 0.839944 0.371039 0.362562 0.430375 0.362562
0 0.515627 0.698286 0.475175 0.698286 0.475175 0.308838 0.515627 0.308838
0 0.549855 0.651483 0.514351 0.651483 0.514351 0.291229 0.549855 0.291229
0 0.578401 0.610644 0.546743 0.610644 0.546743 0.273431 0.578401 0.273431
0 0.311083 0.939622 0.297781 0.401881 0.358867 0.400370 0.372168 0.938111
0 0.582162 0.576137 0.580249 0.262124 0.605666 0.261970 0.607579 0.575982
0 0.600630 0.546499 0.599676 0.250460 0.627492 0.250370 0.628446 0.546409
0 0.649931 0.506619 0.629171 0.506487 0.630866 0.239128 0.651626 0.239259
0 0.668226 0.475687 0.648579 0.475339 0.652966 0.227800 0.672613 0.228148
0 0.682607 0.448982 0.664428 0.448692 0.668075 0.220450 0.686254 0.220741
0 0.693491 0.435877 0.676465 0.435152 0.686017 0.210757 0.703043 0.211481
0 0.706454 0.415044 0.693515 0.414486 0.702695 0.201664 0.715635 0.202222
