0 0.425001 0.167902 0.181481 0.167902 0.181481 0.118584 0.425001 0.118584
0 0.420370 0.200432 0.183334 0.200432 0.183334 0.157933 0.420370 0.157933
0 0.407407 0.314282 0.172223 0.314282 0.172223 0.273883 0.407407 0.273883
0 0.404630 0.348910 0.175926 0.348910 0.175926 0.310084 0.404630 0.310084
0 0.403890 0.385112 0.175186 0.385112 0.175186 0.346286 0.403890 0.346286
0 0.402778 0.419739 0.174074 0.419739 0.174074 0.380913 0.402778 0.380913
0 0.400926 0.419739 0.172222 0.419739 0.172222 0.380913 0.400926 0.380913
0 0.403704 0.454367 0.175000 0.454367 0.175000 0.415541 0.403704 0.415541
0 0.406482 0.483746 0.178704 0.483746 0.178704 0.448070 0.406482 0.448070
0 0.402778 0.513653 0.175000 0.513653 0.175000 0.477975 0.402778 0.477975
0 0.415741 0.545133 0.175000 0.545133 0.175000 0.512602 0.415741 0.512602
0 0.426852 0.578710 0.177778 0.578710 0.177778 0.544083 0.426852 0.544083
0 0.525733 0.298704 0.524740 0.000541 0.999074 -0.001038 1.000067 0.297125
0 0.686831 0.535512 0.377109 0.293749 0.535381 0.090987 0.845103 0.332750
0 0.573785 0.692375 0.321683 0.383666 0.467037 0.264964 0.719140 0.573674
0 0.474622 0.796129 0.318237 0.480300 0.433129 0.423411 0.589513 0.739240
0 0.390110 0.871733 0.283412 0.575406 0.376816 0.541774 0.483514 0.838102
0 0.362558 0.924600 0.358497 0.874562 0.999074 0.822572 1.003135 0.872609
0 0.190065 0.702710 0.189843 0.682648 0.308605 0.681334 0.308827 0.701396
0 0.308455 0.678015 0.182636 0.677157 0.182785 0.655292 0.308605 0.656150
