1 0.825284 0.119177 0.461369 0.117744 0.461648 0.046733 0.825564 0.048165
1 0.825284 0.195881 0.461369 0.194449 0.461648 0.123438 0.825564 0.124870
1 0.826705 0.268323 0.462789 0.266891 0.463069 0.195881 0.826984 0.197314
1 0.828125 0.339347 0.464209 0.337914 0.464489 0.266903 0.828405 0.268336
1 0.826677 0.401813 0.462789 0.400381 0.463069 0.329403 0.826956 0.330836
1 0.826677 0.469994 0.462789 0.468562 0.463069 0.397586 0.826956 0.399018
1 0.464831 0.548184 0.463069 0.484233 0.824942 0.474259 0.826705 0.538211
1 0.467672 0.610684 0.465909 0.546733 0.827783 0.536759 0.829545 0.600711
1 0.467672 0.671763 0.465909 0.607812 0.827783 0.597839 0.829545 0.661789
1 0.476790 0.759907 0.473011 0.691619 0.832386 0.671733 0.836165 0.740021
1 0.478210 0.842293 0.474431 0.774006 0.833806 0.754119 0.837585 0.822405
1 0.478210 0.934623 0.474431 0.866336 0.833806 0.846449 0.837585 0.914735
1 0.475370 0.998543 0.471591 0.930256 0.830966 0.910369 0.834745 0.978655
