0 0.712488 0.673570 0.662644 0.673570 0.662644 0.377777 0.712488 0.377777
0 0.327387 0.634259 0.294858 0.634259 0.294858 0.389815 0.327387 0.389815
0 0.296432 0.632407 0.269150 0.632407 0.269150 0.387963 0.296432 0.387963
0 0.269675 0.624074 0.247639 0.624074 0.247639 0.383333 0.269675 0.383333
0 0.252361 0.618518 0.232949 0.618518 0.232949 0.377777 0.252361 0.377777
0 0.835888 0.648378 0.786044 0.648378 0.786044 0.379259 0.835888 0.379259
0 0.662121 0.680980 0.612276 0.680980 0.612276 0.385187 0.662121 0.385187
0 0.615951 0.682461 0.566106 0.682461 0.566106 0.386669 0.615951 0.386669
0 0.562202 0.681223 0.516474 0.680960 0.518177 0.384923 0.563905 0.385186
0 0.497896 0.677786 0.440862 0.672748 0.466577 0.381631 0.523611 0.386669
0 0.446800 0.673570 0.390553 0.669769 0.409441 0.390276 0.465688 0.394078
0 0.399790 0.667643 0.343543 0.663841 0.362432 0.384349 0.418679 0.388150
