0 0.993750 0.997048 0.956250 0.997048 0.956250 0.680382 0.993750 0.680382
0 0.958593 0.997048 0.924218 0.997048 0.924218 0.702604 0.958593 0.702604
0 0.927344 0.997048 0.892188 0.997048 0.892188 0.712327 0.927344 0.712327
0 0.897656 0.997048 0.868750 0.997048 0.868750 0.715104 0.897656 0.715104
0 0.871874 0.997048 0.846093 0.997048 0.846093 0.731771 0.871874 0.731771
0 0.852344 0.997048 0.824219 0.997048 0.824219 0.737327 0.852344 0.737327
0 0.825781 0.997048 0.803125 0.997048 0.803125 0.762327 0.825781 0.762327
0 0.804687 0.997048 0.782031 0.997048 0.782031 0.762327 0.804687 0.762327
0 0.785157 0.997050 0.763281 0.997050 0.763281 0.783161 0.785157 0.783161
0 0.768751 0.997048 0.748437 0.997048 0.748437 0.794271 0.768751 0.794271
0 0.750781 0.997048 0.730468 0.997048 0.730468 0.794271 0.750781 0.794271
0 0.735938 0.997048 0.715624 0.997048 0.715624 0.794271 0.735938 0.794271
0 0.721094 0.997048 0.700781 0.997048 0.700781 0.819270 0.721094 0.819270
0 0.709375 0.997048 0.688281 0.997048 0.688281 0.826214 0.709375 0.826214
0 0.698438 0.997048 0.677344 0.997048 0.677344 0.831771 0.698438 0.831771
0 0.684376 0.997050 0.666406 0.997050 0.666406 0.842882 0.684376 0.842882
0 0.685937 0.917883 0.255468 0.917883 0.255468 0.103994 0.685937 0.103994
