0 0.856570 0.692465 0.807881 0.530935 0.992554 0.475271 1.041242 0.636801
0 0.732122 0.557449 0.714072 0.444632 0.983019 0.401604 1.001068 0.514422
0 0.663814 0.899830 0.610871 0.899830 0.610871 0.362073 0.663814 0.362073
0 0.612624 0.827164 0.569505 0.827164 0.569505 0.333850 0.612624 0.333850
0 0.508539 0.679001 0.478976 0.679001 0.478976 0.280351 0.508539 0.280351
0 0.573843 0.769580 0.534897 0.769580 0.534897 0.320058 0.573843 0.320058
0 0.714427 0.966400 0.656752 0.966400 0.656752 0.390632 0.714427 0.390632
0 0.445765 0.608734 0.416679 0.608734 0.416679 0.250494 0.445765 0.250494
0 0.476305 0.647151 0.445530 0.647151 0.445530 0.257909 0.476305 0.257909
0 0.539451 0.727148 0.505545 0.727148 0.505545 0.297049 0.539451 0.297049
0 0.998369 0.843908 0.920368 0.843908 0.920368 0.602085 0.998369 0.602085
0 0.418611 0.575206 0.391719 0.575206 0.391719 0.246328 0.418611 0.246328
0 0.373547 0.544820 0.365279 0.246415 0.384959 0.245869 0.393227 0.544275
0 0.357018 0.522559 0.346811 0.237407 0.363098 0.236824 0.373305 0.521976
0 0.338397 0.494530 0.328973 0.231852 0.347105 0.231201 0.356529 0.493879
0 0.320787 0.473729 0.312184 0.224444 0.328974 0.223865 0.337577 0.473149
0 0.308162 0.450262 0.296444 0.222593 0.313107 0.221735 0.324825 0.449404
