0 1.000000 0.912500 0.781971 0.912500 0.781971 0.085769 1.000000 0.085769
0 0.760529 0.856394 0.574063 0.856394 0.574063 0.169928 0.760529 0.169928
0 0.580649 0.820096 0.430505 0.820096 0.430505 0.249135 0.580649 0.249135
0 0.442043 0.770601 0.329832 0.770601 0.329832 0.292043 0.442043 0.292043
0 0.344687 0.749135 0.240721 0.749135 0.240721 0.316803 0.344687 0.316803
0 0.250625 0.730986 0.176370 0.730986 0.176370 0.344856 0.250625 0.344856
0 0.191226 0.704591 0.135120 0.704591 0.135120 0.372909 0.191226 0.372909
0 0.130553 0.700577 0.081851 0.700577 0.081851 0.394014 0.130553 0.394014
0 0.081851 0.693870 0.050337 0.693870 0.050337 0.403582 0.081851 0.403582
0 0.057981 0.686250 0.019784 0.686250 0.019784 0.415024 0.057981 0.415024
0 0.014543 0.688942 0.003077 0.688942 0.003077 0.428798 0.014543 0.428798
0 0.578341 0.159495 0.407596 0.159495 0.407596 0.000000 0.578341 0.000000
0 0.412187 0.190457 0.318221 0.190457 0.318221 0.000000 0.412187 0.000000
0 0.307909 0.227115 0.229976 0.227115 0.229976 0.000000 0.307909 0.000000
0 0.215096 0.253486 0.153197 0.253486 0.153197 0.000000 0.215096 0.000000
0 0.160096 0.264928 0.103918 0.264928 0.103918 0.000000 0.160096 0.000000
0 0.118822 0.278678 0.063822 0.278678 0.063822 0.002500 0.118822 0.002500
0 0.078726 0.299303 0.035168 0.299303 0.035168 0.000000 0.078726 0.000000
0 0.048918 0.297019 0.001947 0.297019 0.001947 0.025433 0.048918 0.025433
