0 0.463379 0.642080 0.440668 0.641979 0.441527 0.447937 0.464238 0.448037
0 0.192550 0.534259 0.177860 0.534259 0.177860 0.396296 0.192550 0.396296
0 0.177859 0.534259 0.163169 0.534259 0.163169 0.396296 0.177859 0.396296
0 0.168415 0.533334 0.153725 0.533334 0.153725 0.395371 0.168415 0.395371
0 0.155299 0.534259 0.140609 0.534259 0.140609 0.396296 0.155299 0.396296
0 0.486044 0.645044 0.463333 0.644943 0.464192 0.450901 0.486903 0.451001
0 0.513746 0.652454 0.491035 0.652353 0.491894 0.458310 0.514605 0.458411
0 0.538929 0.652553 0.516264 0.652453 0.517124 0.458310 0.539788 0.458411
0 0.567471 0.658481 0.544806 0.658381 0.545665 0.464238 0.568330 0.464338
0 0.593494 0.670324 0.572508 0.670236 0.573366 0.465728 0.594352 0.465816
0 0.438195 0.636152 0.415484 0.636051 0.416343 0.442009 0.439054 0.442110
0 0.877230 0.658381 0.790516 0.657541 0.792292 0.474150 0.879006 0.474990
