0 0.838354 0.998611 0.274403 0.998611 0.274403 0.066435 0.838354 0.066435
0 0.991793 0.271567 0.958133 0.271567 0.958133 0.004203 0.991793 0.004203
0 0.963769 0.255914 0.933037 0.255914 0.933037 0.005015 0.963769 0.005015
0 0.999219 0.293433 0.982854 0.293433 0.982854 0.010962 0.999219 0.010962
0 0.938250 0.243279 0.908442 0.243279 0.908442 0.004633 0.938250 0.004633
0 0.911208 0.231115 0.883664 0.231115 0.883664 0.004135 0.911208 0.004135
0 0.869008 0.212872 0.843416 0.212872 0.843416 0.002519 0.869008 0.002519
0 0.888500 0.219824 0.863524 0.219824 0.863524 0.003265 0.888500 0.003265
0 0.847150 0.197667 0.823742 0.197667 0.823742 0.001743 0.847150 0.001743
0 0.718393 0.126747 0.648513 0.126747 0.648513 0.000000 0.718393 0.000000
0 0.828541 0.182408 0.810714 0.182247 0.812359 -0.000161 0.830186 0.000000
0 0.813363 0.182408 0.795536 0.182247 0.797180 -0.000161 0.815007 0.000000
0 0.796429 0.160018 0.778816 0.159742 0.781323 -0.000276 0.798936 0.000000
0 0.782143 0.160018 0.764531 0.159742 0.767038 -0.000276 0.784650 0.000000
0 0.771429 0.160018 0.753816 0.159742 0.756323 -0.000276 0.773936 0.000000
0 0.745411 0.133456 0.731991 0.132990 0.736607 -0.000000 0.750027 0.000466
0 0.735589 0.133456 0.722169 0.132990 0.726786 0.000000 0.740206 0.000466
