0 0.892922 0.375066 0.677265 0.106948 0.721635 0.071259 0.937292 0.339377
0 0.429326 0.873836 0.168488 0.612998 0.216393 0.565093 0.477231 0.825931
0 0.391866 0.919682 0.130568 0.658383 0.178299 0.610652 0.439597 0.871951
0 0.357228 0.975278 0.087445 0.705494 0.139071 0.653868 0.408854 0.923652
0 0.845044 0.402345 0.629089 0.146192 0.674055 0.108282 0.890010 0.364435
0 0.806275 0.416184 0.582795 0.192703 0.630187 0.145312 0.853667 0.368792
0 0.317993 1.022896 0.043799 0.748702 0.096327 0.696175 0.370520 0.970369
0 0.698083 0.510764 0.479461 0.292142 0.521565 0.250038 0.740187 0.468660
0 0.764002 0.449037 0.545572 0.230607 0.592948 0.183231 0.811378 0.401661
0 0.499056 0.783148 0.245938 0.530030 0.293956 0.482012 0.547074 0.735130
0 0.460902 0.825494 0.206806 0.571399 0.254769 0.523436 0.508865 0.777531
0 0.665043 0.541708 0.447649 0.324314 0.489469 0.282494 0.706863 0.499888
0 0.525884 0.735364 0.282547 0.492028 0.328988 0.445587 0.572324 0.688924
0 0.610913 0.614177 0.385449 0.388713 0.426792 0.347371 0.652255 0.572834
0 0.732374 0.476473 0.515995 0.260094 0.557401 0.218688 0.773780 0.435067
0 0.633343 0.575504 0.415283 0.357444 0.458864 0.313864 0.676924 0.531924
0 0.548905 0.689289 0.318446 0.458830 0.362716 0.414560 0.593175 0.645019
0 0.574361 0.652825 0.348084 0.426548 0.394551 0.380082 0.620828 0.606358
0 0.952270 0.329942 0.707787 0.085459 0.750358 0.042888 0.994841 0.287371
