1 1.000000 0.792236 0.921274 0.792236 0.921274 0.095865 1.000000 0.095865
1 0.919471 0.725024 0.726971 0.725024 0.726971 0.004471 0.919471 0.004471
1 0.717332 0.723654 0.567452 0.723654 0.567452 0.130986 0.717332 0.130986
1 0.537188 0.711274 0.432692 0.711274 0.432692 0.224495 0.537188 0.224495
1 0.424423 0.664519 0.346058 0.664519 0.346058 0.245120 0.424423 0.245120
1 0.350168 0.642524 0.278654 0.642524 0.278654 0.262981 0.350168 0.262981
1 0.282788 0.621899 0.218149 0.621899 0.218149 0.279495 0.282788 0.279495
1 0.225024 0.597139 0.174159 0.597139 0.174159 0.301490 0.225024 0.301490
1 0.588077 0.071851 0.482187 0.071851 0.482187 0.000000 0.588077 0.000000
1 0.476683 0.115841 0.376298 0.115841 0.376298 0.000000 0.476683 0.000000
1 0.376298 0.143341 0.302043 0.143341 0.302043 0.000000 0.376298 0.000000
1 0.310288 0.165361 0.233293 0.165361 0.233293 0.000000 0.310288 0.000000
1 0.168654 0.579279 0.138389 0.579279 0.138389 0.305625 0.168654 0.305625
1 0.229159 0.195601 0.181034 0.195601 0.181034 0.001707 0.229159 0.001707
1 0.192043 0.224495 0.143894 0.224495 0.143894 0.001707 0.192043 0.001707
1 0.157644 0.243726 0.108149 0.243726 0.108149 0.004471 0.157644 0.004471
1 0.109519 0.254736 0.061394 0.254736 0.061394 0.004471 0.109519 0.004471
1 0.086154 0.275361 0.038005 0.275361 0.038005 0.037476 0.086154 0.037476
1 0.050385 0.275361 0.017380 0.275361 0.017380 0.059471 0.050385 0.059471
1 0.024255 0.297356 0.000889 0.297356 0.000889 0.073221 0.024255 0.073221
1 0.897476 1.000000 0.713197 1.000000 0.713197 0.913438 0.897476 0.913438
1 0.702212 1.000000 0.563317 1.000000 0.563317 0.841923 0.702212 0.841923
1 0.526202 1.000000 0.439567 1.000000 0.439567 0.782788 0.526202 0.782788
1 0.446442 0.997308 0.351538 0.997308 0.351538 0.744279 0.446442 0.744279
1 0.366683 1.000000 0.289663 1.000000 0.289663 0.708534 0.366683 0.708534
1 0.300673 1.000000 0.230529 1.000000 0.230529 0.668654 0.300673 0.668654
1 0.234663 0.943678 0.179663 0.943678 0.179663 0.657644 0.234663 0.657644
1 0.190649 0.895553 0.146659 0.895553 0.146659 0.632909 0.190649 0.632909
1 0.141995 0.568750 0.101899 0.568750 0.101899 0.312067 0.141995 0.312067
1 0.121370 0.568750 0.070962 0.568750 0.070962 0.321226 0.121370 0.321226
1 0.085841 0.550409 0.043438 0.550409 0.043438 0.330385 0.085841 0.330385
1 0.054904 0.537813 0.015938 0.537813 0.015938 0.333822 0.054904 0.333822
1 0.017091 0.538966 -0.000000 0.538966 0.000000 0.338413 0.017091 0.338413
1 0.157692 0.869784 0.119471 0.869784 0.119471 0.619591 0.157692 0.619591
1 0.122356 0.844014 0.082236 0.844014 0.082236 0.601442 0.122356 0.601442
1 0.093702 0.795313 0.063149 0.795313 0.063149 0.584255 0.093702 0.584255
1 0.066971 0.780986 0.036394 0.780986 0.036394 0.581394 0.066971 0.581394
1 0.040216 0.759976 0.015385 0.759976 0.015385 0.566106 0.040216 0.566106
1 0.022067 0.738005 0.002019 0.738005 0.002019 0.554663 0.022067 0.554663
