1 1.000000 0.976995 0.774712 0.976995 0.774712 0.266058 1.000000 0.266058
1 0.784351 0.955000 0.597332 0.955000 0.597332 0.316947 0.784351 0.316947
1 0.594567 0.938510 0.455697 0.938510 0.455697 0.392572 0.594567 0.392572
1 0.455817 0.908245 0.348437 0.908245 0.348437 0.425577 0.455817 0.425577
1 0.340312 0.857356 0.241178 0.857356 0.241178 0.448942 0.340312 0.448942
1 0.253534 0.845000 0.177909 0.845000 0.177909 0.468197 0.253534 0.468197
1 0.182043 0.817476 0.124279 0.817476 0.124279 0.477837 0.182043 0.477837
1 0.124279 0.802356 0.070793 0.802356 0.070793 0.487452 0.124279 0.487452
1 0.073389 0.794111 0.023894 0.794111 0.023894 0.498462 0.073389 0.498462
1 0.798245 0.230313 0.613822 0.230313 0.613822 0.000649 0.798245 0.000649
1 0.606947 0.274303 0.464087 0.274303 0.464087 0.000000 0.606947 0.000000
1 0.455697 0.288053 0.359423 0.288053 0.359423 0.002019 0.455697 0.002019
1 0.360938 0.323822 0.263317 0.323822 0.263317 0.000000 0.360938 0.000000
1 0.267284 0.354063 0.201298 0.354063 0.201298 0.000000 0.267284 0.000000
1 0.201298 0.371947 0.140913 0.371947 0.140913 0.036418 0.201298 0.036418
1 0.149038 0.389808 0.088534 0.389808 0.088534 0.079038 0.149038 0.079038
1 0.087284 0.396683 0.045889 0.396683 0.045889 0.106538 0.087284 0.106538
1 0.051538 0.421442 0.003269 0.421442 0.003269 0.143678 0.051538 0.143678
