0 0.221032 0.950365 0.126415 0.828855 0.277924 0.710878 0.372541 0.832388
0 0.159279 0.877219 0.082808 0.780797 0.292854 0.614213 0.369324 0.710635
0 0.612348 0.696693 0.307050 0.391395 0.334025 0.364420 0.639323 0.669718
0 0.605854 0.639158 0.322410 0.355714 0.348024 0.330100 0.631468 0.613544
0 0.617314 0.770441 0.294725 0.447853 0.329028 0.413550 0.651616 0.736138
0 0.632275 0.853964 0.277121 0.498810 0.316254 0.459677 0.671408 0.814831
0 0.590499 0.529926 0.345769 0.285197 0.366625 0.264341 0.611354 0.509071
0 0.608739 0.593480 0.326363 0.311104 0.349489 0.287978 0.631864 0.570354
0 0.575874 0.474739 0.355970 0.254835 0.374888 0.235917 0.594792 0.455821
0 0.641955 0.937245 0.254107 0.579295 0.293978 0.536094 0.681826 0.894044
0 0.577047 0.441644 0.371778 0.235354 0.391350 0.215879 0.596618 0.422169
0 0.576132 0.402739 0.380898 0.210914 0.397590 0.193925 0.592824 0.385751
0 0.568358 0.366502 0.393715 0.186935 0.407934 0.173106 0.582578 0.352672
0 0.558832 0.332017 0.398440 0.169339 0.410291 0.157655 0.570683 0.320333
0 0.554077 0.301145 0.407626 0.149500 0.417666 0.139803 0.564118 0.291448
0 0.557779 0.291002 0.413449 0.134984 0.424237 0.125004 0.568566 0.281023
