0 0.092340 0.657871 -0.000000 0.657871 0.000000 0.468772 0.092340 0.468772
0 0.201825 0.548727 -0.021260 0.513214 0.000210 0.378350 0.223295 0.413864
0 0.483499 0.737544 0.439921 0.737544 0.439921 0.283479 0.483499 0.283479
0 0.443037 0.807419 0.388095 0.807419 0.388095 0.295383 0.443037 0.295383
0 0.390217 0.894425 0.325189 0.894425 0.325189 0.316923 0.390217 0.316923
0 0.524262 0.682588 0.481702 0.682588 0.481702 0.263319 0.524262 0.263319
0 0.269153 0.977104 0.239766 0.367946 0.301154 0.364984 0.330542 0.974143
0 0.710856 0.414444 0.694858 0.413888 0.704045 0.149550 0.720042 0.150106
0 0.725720 0.393741 0.711647 0.393141 0.721919 0.152469 0.735992 0.153069
0 0.739058 0.374445 0.727597 0.373876 0.738802 0.148055 0.750262 0.148623
