0 0.664843 0.894444 0.234374 0.894444 0.234374 0.065276 0.664843 0.065276
0 0.999219 0.331944 0.960938 0.331944 0.960938 0.001389 0.999219 0.001389
0 0.969531 0.298611 0.932031 0.298611 0.932031 0.001389 0.969531 0.001389
0 0.935937 0.283333 0.900781 0.283333 0.900781 0.001389 0.935937 0.001389
0 0.909376 0.272222 0.876563 0.272222 0.876563 0.004167 0.909376 0.004167
0 0.882031 0.252776 0.853125 0.252776 0.853125 0.001389 0.882031 0.001389
0 0.859375 0.241667 0.831251 0.241667 0.831251 0.001389 0.859375 0.001389
0 0.836719 0.227776 0.807813 0.227776 0.807813 0.001389 0.836719 0.001389
0 0.814843 0.213889 0.790624 0.213889 0.790624 0.001389 0.814843 0.001389
0 0.795312 0.211110 0.771093 0.211110 0.771093 0.002778 0.795312 0.002778
0 0.776563 0.198611 0.754687 0.198611 0.754687 0.001389 0.776563 0.001389
0 0.759375 0.187499 0.736719 0.187499 0.736719 0.001388 0.759375 0.001388
0 0.743749 0.180556 0.724218 0.180556 0.724218 0.001388 0.743749 0.001388
0 0.728124 0.172224 0.708593 0.172224 0.708593 0.001389 0.728124 0.001389
0 0.713281 0.161111 0.694531 0.161111 0.694531 0.001389 0.713281 0.001389
0 0.701562 0.154167 0.682812 0.154167 0.682812 0.001389 0.701562 0.001389
0 0.688281 0.154167 0.671875 0.154167 0.671875 0.001389 0.688281 0.001389
0 0.635157 0.129167 0.573437 0.129167 0.573437 0.001389 0.635157 0.001389
0 0.677679 0.144140 0.665162 0.143995 0.666836 -0.000145 0.679352 0.000000
0 0.666072 0.144140 0.653555 0.143995 0.655229 -0.000145 0.667745 0.000000
0 0.658929 0.144140 0.646412 0.143995 0.648086 -0.000145 0.660602 0.000000
0 0.650893 0.144140 0.638376 0.143995 0.640050 -0.000145 0.652567 0.000000
