0 0.798773 0.998611 0.254905 0.998611 0.254905 0.072692 0.798773 0.072692
0 0.958153 0.258672 0.927971 0.258672 0.927971 0.004544 0.958153 0.004544
0 0.906626 0.233981 0.880066 0.233981 0.880066 0.002724 0.906626 0.002724
0 0.986090 0.277975 0.953692 0.277975 0.953692 0.004251 0.986090 0.004251
0 0.930687 0.247826 0.903573 0.247826 0.903573 0.003226 0.930687 0.003226
0 0.883801 0.222551 0.857509 0.222551 0.857509 0.003693 0.883801 0.003693
0 0.999219 0.296294 0.981910 0.296294 0.981910 0.007562 0.999219 0.007562
0 0.841232 0.206285 0.818652 0.206285 0.818652 0.001807 0.841232 0.001807
0 0.860890 0.210860 0.836414 0.210860 0.836414 0.002296 0.860890 0.002296
0 0.821589 0.182247 0.799009 0.182247 0.799009 0.000000 0.821589 0.000000
0 0.805517 0.182247 0.782937 0.182247 0.782937 0.000000 0.805517 0.000000
0 0.769677 0.169638 0.768783 0.000004 0.786607 -0.000090 0.787500 0.169544
0 0.757177 0.169638 0.756283 0.000004 0.774107 -0.000090 0.775000 0.169544
0 0.759763 0.157042 0.742703 0.156841 0.744547 -0.000200 0.761607 0.000000
0 0.749942 0.157042 0.732882 0.156841 0.734726 -0.000200 0.751786 0.000000
0 0.740179 0.136201 0.723116 0.136201 0.723116 0.000000 0.740179 0.000000
0 0.728572 0.136201 0.711509 0.136201 0.711509 0.000000 0.728572 0.000000
0 0.716071 0.121911 0.699017 0.121536 0.701696 -0.000375 0.718750 0.000000
0 0.704130 0.134614 0.628572 0.134614 0.628572 0.000000 0.704130 0.000000
