0 0.742188 0.980556 0.250000 0.980556 0.250000 0.072224 0.742188 0.072224
0 0.991406 0.288889 0.957812 0.288889 0.957812 0.006944 0.991406 0.006944
0 0.962500 0.273611 0.928906 0.273611 0.928906 0.005556 0.962500 0.005556
0 0.909375 0.244444 0.880469 0.244444 0.880469 0.006944 0.909375 0.006944
0 0.933594 0.256944 0.904688 0.256944 0.904688 0.006944 0.933594 0.006944
0 0.885156 0.230556 0.857812 0.230556 0.857812 0.002778 0.885156 0.002778
0 0.842188 0.212500 0.818750 0.212500 0.818750 0.002778 0.842188 0.002778
0 0.861718 0.220833 0.837499 0.220833 0.837499 0.004167 0.861718 0.004167
0 0.999219 0.306944 0.983594 0.306944 0.983594 0.009722 0.999219 0.009722
0 0.806250 0.188889 0.785156 0.188889 0.785156 0.001389 0.806250 0.001389
0 0.824219 0.193056 0.803125 0.193056 0.803125 0.005556 0.824219 0.005556
0 0.789286 0.187500 0.768191 0.187500 0.768191 0.000000 0.789286 0.000000
0 0.771099 0.173056 0.755928 0.172714 0.759829 -0.000342 0.775000 0.000000
0 0.757706 0.173056 0.742536 0.172714 0.746437 -0.000342 0.761607 0.000000
0 0.745536 0.158431 0.730366 0.158089 0.733937 -0.000342 0.749107 0.000000
0 0.733036 0.158431 0.717866 0.158089 0.721437 -0.000342 0.736607 0.000000
0 0.721366 0.142947 0.706203 0.142466 0.710730 -0.000480 0.725893 0.000000
0 0.712437 0.142947 0.697274 0.142466 0.701801 -0.000480 0.716965 0.000000
0 0.702616 0.142947 0.687453 0.142466 0.691980 -0.000480 0.707143 0.000000
0 0.691295 0.145728 0.618750 0.145728 0.618750 0.000000 0.691295 0.000000
