0 0.687513 0.613923 0.635890 0.610501 0.654358 0.331899 0.705981 0.335321
0 0.331585 0.524999 0.315845 0.524999 0.315845 0.318518 0.331585 0.318518
0 0.549477 0.599049 0.503105 0.595183 0.526031 0.320207 0.572403 0.324073
0 0.348374 0.532408 0.334208 0.532408 0.334208 0.329630 0.348374 0.329630
0 0.368311 0.551852 0.347849 0.551852 0.347849 0.330556 0.368311 0.330556
0 0.388247 0.564815 0.368310 0.564815 0.368310 0.337963 0.388247 0.337963
0 0.589770 0.610904 0.543399 0.607038 0.566325 0.332062 0.612697 0.335929
0 0.635940 0.612387 0.589568 0.608521 0.612495 0.333544 0.658867 0.337410
0 0.509806 0.606702 0.465237 0.605732 0.471144 0.334446 0.515713 0.335417
0 0.472119 0.581478 0.427567 0.580569 0.432529 0.337410 0.477082 0.338319
0 0.425110 0.578514 0.380558 0.577605 0.385520 0.334446 0.430072 0.335356
