1 0.676538 0.953918 0.539567 0.953918 0.539567 0.361514 0.676538 0.361514
1 0.522788 0.876971 0.432067 0.876971 0.432067 0.401009 0.522788 0.401009
1 0.438413 0.822861 0.360433 0.822861 0.360433 0.422499 0.438413 0.422499
1 0.381923 0.767956 0.314279 0.767956 0.314279 0.429664 0.381923 0.429664
1 0.327019 0.751249 0.282452 0.751249 0.282452 0.443197 0.327019 0.443197
1 0.853029 0.253870 0.639760 0.253870 0.639760 -0.001563 0.853029 -0.001563
1 0.622260 0.315937 0.493341 0.315937 0.493341 -0.001563 0.622260 -0.001563
1 0.482187 0.343005 0.401010 0.343005 0.401010 -0.001563 0.482187 -0.001563
1 0.407380 0.368462 0.343726 0.368462 0.343726 -0.001563 0.407380 -0.001563
1 0.336562 0.393943 0.280865 0.393943 0.280865 0.089855 0.336562 0.089855
1 0.287212 0.398701 0.249014 0.398701 0.249014 0.126466 0.287212 0.126466
1 0.258582 0.410649 0.221971 0.410649 0.221971 0.160674 0.258582 0.160674
1 0.290409 0.734544 0.243462 0.734544 0.243462 0.445576 0.290409 0.445576
1 0.234687 0.428943 0.198894 0.428943 0.198894 0.193318 0.234687 0.193318
1 0.255385 0.712259 0.217187 0.712259 0.217187 0.451154 0.255385 0.451154
1 0.201779 0.431587 0.175240 0.431587 0.175240 0.218775 0.201779 0.218775
1 0.186298 0.433246 0.165313 0.433246 0.165313 0.238100 0.186298 0.238100
1 0.176346 0.439880 0.148173 0.439880 0.148173 0.256347 0.176346 0.256347
1 0.164207 0.451490 0.140986 0.451490 0.140986 0.271827 0.164207 0.271827
1 0.147067 0.455361 0.128822 0.455361 0.128822 0.287284 0.147067 0.287284
1 0.137668 0.455361 0.119976 0.455361 0.119976 0.297788 0.137668 0.297788
1 0.121635 0.466395 0.107284 0.466395 0.107284 0.319904 0.121635 0.319904
1 0.232163 0.704039 0.200673 0.704039 0.200673 0.466346 0.232163 0.466346
1 0.199615 0.678605 0.179663 0.678605 0.179663 0.469663 0.199615 0.469663
1 0.189615 0.673653 0.165313 0.673653 0.165313 0.475193 0.189615 0.475193
1 0.175793 0.669783 0.150938 0.669783 0.150938 0.477956 0.175793 0.477956
1 0.159784 0.659278 0.140433 0.659278 0.140433 0.482932 0.159784 0.482932
1 0.116130 0.621154 0.097885 0.621154 0.097885 0.481275 0.116130 0.481275
1 0.128894 0.636611 0.111707 0.636611 0.111707 0.474086 0.128894 0.474086
1 0.143750 0.651538 0.125505 0.651538 0.125505 0.481274 0.143750 0.481274
1 0.274279 0.067980 0.233750 0.067980 0.233750 -0.001563 0.274279 -0.001563
1 0.242043 0.099759 0.213029 0.099759 0.213029 0.001635 0.242043 0.001635
1 0.221322 0.133389 0.194159 0.133389 0.194159 -0.001563 0.221322 -0.001563
1 0.200601 0.158245 0.178029 0.158245 0.178029 -0.001563 0.200601 -0.001563
1 0.185409 0.185890 0.162380 0.185890 0.162380 -0.001563 0.185409 -0.001563
1 0.170673 0.207067 0.150409 0.207067 0.150409 0.019135 0.170673 0.019135
1 0.158221 0.225961 0.138894 0.225961 0.138894 0.055962 0.158221 0.055962
1 0.146250 0.240240 0.129688 0.240240 0.129688 0.078076 0.146250 0.078076
1 0.132428 0.253125 0.120000 0.253125 0.120000 0.103870 0.132428 0.103870
1 0.133822 0.271995 0.113558 0.271995 0.113558 0.124592 0.133822 0.124592
