0 0.420312 0.997222 0.268750 0.997222 0.268750 0.766667 0.420312 0.766667
0 0.461667 0.997222 0.428333 0.997222 0.428333 0.748778 0.461667 0.748778
0 0.451669 0.991524 0.450002 0.749007 0.483333 0.748778 0.485000 0.991295
0 0.472502 0.985596 0.470836 0.743079 0.504167 0.742850 0.505833 0.985367
0 0.510833 0.969586 0.508320 0.743174 0.537500 0.742850 0.540013 0.969262
0 0.535833 0.956247 0.533302 0.738687 0.557500 0.738406 0.560031 0.955966
0 0.552500 0.950319 0.549969 0.732759 0.574167 0.732478 0.576698 0.950038
0 0.570833 0.939947 0.568302 0.722384 0.592500 0.722103 0.595031 0.939666
0 0.591430 0.928614 0.585597 0.721144 0.604167 0.720622 0.610000 0.928092
0 0.603930 0.921203 0.598097 0.713733 0.616667 0.713211 0.622500 0.920681
0 0.620876 0.911199 0.611709 0.722994 0.630000 0.722103 0.639167 0.910308
0 0.634211 0.899344 0.625043 0.711138 0.643333 0.710247 0.652500 0.898453
0 0.650000 0.896969 0.641561 0.704873 0.654167 0.704319 0.662606 0.896416
0 0.661667 0.891042 0.653227 0.698946 0.665833 0.698392 0.674273 0.890488
