0 0.268630 0.569351 0.137620 0.569351 0.137620 0.300120 0.268630 0.300120
0 0.244013 0.577109 0.222910 0.301263 0.292899 0.295909 0.314002 0.571755
0 0.280070 0.577109 0.258967 0.301263 0.328957 0.295909 0.350060 0.571755
0 0.314625 0.578612 0.293523 0.302766 0.363512 0.297411 0.384615 0.573257
0 0.349181 0.577109 0.328078 0.301263 0.398068 0.295909 0.419171 0.571755
0 0.382781 0.575184 0.375269 0.292732 0.447716 0.290805 0.455228 0.573257
0 0.413826 0.578887 0.409309 0.285294 0.482262 0.284172 0.486779 0.577764
0 0.448381 0.580389 0.443864 0.286797 0.516817 0.285674 0.521334 0.579267
0 0.479931 0.580389 0.475415 0.286797 0.548368 0.285674 0.552885 0.579267
0 0.514487 0.580389 0.509970 0.286797 0.582923 0.285674 0.587440 0.579267
0 0.546037 0.581892 0.541520 0.288299 0.614474 0.287177 0.618990 0.580769
0 0.588104 0.577384 0.583588 0.283792 0.656541 0.282669 0.661058 0.576262
