0 0.601725 0.967431 0.010505 0.376212 0.318207 0.068510 0.909427 0.659730
0 0.657888 0.039170 0.458523 -0.160195 0.482278 -0.183950 0.681643 0.015415
0 0.691095 0.031497 0.478963 -0.180635 0.502717 -0.204389 0.714850 0.007743
0 0.626215 0.047272 0.438635 -0.140307 0.461838 -0.163510 0.649418 0.024069
0 0.526349 0.074464 0.374125 -0.077761 0.391250 -0.094886 0.543474 0.057338
0 0.507199 0.081830 0.359885 -0.065484 0.376459 -0.082057 0.523773 0.065257
0 0.600681 0.057093 0.420958 -0.122630 0.442502 -0.144174 0.622225 0.035549
0 0.548999 0.069491 0.389900 -0.089608 0.408129 -0.107837 0.567228 0.051262
0 0.571218 0.062985 0.404263 -0.103970 0.424702 -0.124410 0.591658 0.042546
0 0.486636 0.086678 0.347179 -0.052779 0.363198 -0.068799 0.502656 0.070659
0 0.434831 0.101165 0.314033 -0.019633 0.327843 -0.033443 0.448641 0.087355
0 0.469141 0.092386 0.335577 -0.041179 0.350492 -0.056094 0.484057 0.077470
0 0.418010 0.104233 0.304089 -0.009689 0.316794 -0.022395 0.430716 0.091527
0 0.447843 0.092080 0.327046 -0.028717 0.340856 -0.042528 0.461653 0.078270
0 0.404770 0.106999 0.296093 -0.003887 0.307605 -0.015169 0.416282 0.095716
0 0.397194 0.114575 0.288517 0.003689 0.300029 -0.007593 0.408706 0.103292
0 0.388355 0.123414 0.279678 0.012528 0.291190 0.001245 0.399867 0.112131
0 0.380779 0.130990 0.272103 0.020103 0.283614 0.008821 0.392291 0.119708
0 0.375728 0.136040 0.267052 0.025154 0.278563 0.013872 0.387240 0.124758
0 0.368783 0.142986 0.260106 0.032100 0.271618 0.020817 0.380295 0.131703
0 0.363102 0.148667 0.254425 0.037781 0.265937 0.026499 0.374613 0.137385
0 0.306705 0.180594 0.209273 0.083162 0.255993 0.036443 0.353424 0.133874
