0 0.878887 0.386599 0.669390 0.132349 0.710751 0.098268 0.920248 0.352519
0 0.473245 0.775431 0.238062 0.540248 0.287143 0.491166 0.522326 0.726349
0 0.597735 0.619504 0.378888 0.400657 0.419389 0.360156 0.638236 0.579003
0 0.338896 0.960077 0.078494 0.699676 0.129990 0.648179 0.390392 0.908581
0 0.445927 0.821610 0.199697 0.575380 0.248702 0.526376 0.494931 0.772606
0 0.378849 0.911743 0.124091 0.656985 0.173085 0.607992 0.427842 0.862749
0 0.744904 0.467697 0.540556 0.236575 0.580599 0.201171 0.784947 0.432292
0 0.535116 0.694698 0.309507 0.469088 0.354372 0.424223 0.579982 0.649832
0 0.508570 0.735914 0.275632 0.502976 0.320388 0.458220 0.553326 0.691158
0 0.831982 0.415765 0.620487 0.166205 0.660645 0.132172 0.872139 0.381732
0 0.302965 1.008583 0.038637 0.744255 0.087592 0.695300 0.351920 0.959628
0 0.919946 0.359456 0.706622 0.094003 0.754263 0.055718 0.967587 0.321171
0 0.652702 0.554059 0.440847 0.342203 0.483390 0.299660 0.695246 0.511515
0 0.683235 0.521429 0.471952 0.310147 0.514813 0.267286 0.726096 0.478569
0 0.782380 0.442561 0.584386 0.205316 0.626489 0.170179 0.824483 0.407424
0 0.720470 0.490481 0.506886 0.276897 0.548886 0.234897 0.762471 0.448481
0 0.566421 0.655010 0.345589 0.434178 0.389002 0.390765 0.609834 0.611597
0 0.625798 0.587250 0.410314 0.371765 0.450380 0.331698 0.665865 0.547183
0 0.412098 0.861727 0.165757 0.615385 0.214868 0.566274 0.461210 0.812615
0 0.988194 0.319474 0.738679 0.069959 0.758054 0.050584 1.007569 0.300099
