0 0.730618 0.780719 0.718866 0.548056 0.751522 0.546407 0.763274 0.779069
0 0.998951 0.421562 0.691710 0.421562 0.691710 -0.000637 0.998951 -0.000637
0 0.717943 0.571483 0.456873 0.239533 0.675761 0.067383 0.936831 0.399334
0 0.648575 0.614439 0.348051 0.405488 0.453305 0.254105 0.753830 0.463056
0 0.555751 0.636552 0.256034 0.495659 0.309727 0.381439 0.609444 0.522333
0 0.451818 0.674138 0.174798 0.574849 0.209024 0.479358 0.486044 0.578647
0 0.394413 0.670171 0.131874 0.618667 0.144596 0.553817 0.407135 0.605321
0 0.342073 0.684720 0.101150 0.662491 0.105981 0.610130 0.346904 0.632359
0 0.693682 0.780719 0.681930 0.548056 0.714586 0.546407 0.726338 0.779069
0 0.656746 0.782201 0.644994 0.549539 0.677650 0.547889 0.689402 0.780551
0 0.625687 0.786646 0.613934 0.553984 0.646590 0.552335 0.658342 0.784997
0 0.590430 0.785165 0.578677 0.552503 0.611333 0.550853 0.623085 0.783515
0 0.561049 0.782201 0.549296 0.549539 0.581952 0.547889 0.593704 0.780551
0 0.529149 0.783682 0.517397 0.551020 0.550052 0.549371 0.561805 0.782033
0 0.496411 0.779237 0.484658 0.546575 0.517314 0.544925 0.529066 0.777588
0 0.462833 0.779237 0.450781 0.540660 0.483437 0.539010 0.495488 0.777588
0 0.897062 0.761517 0.873557 0.522927 0.905981 0.519733 0.929486 0.758323
0 0.855929 0.770409 0.832424 0.531819 0.864848 0.528625 0.888353 0.767214
