0 0.626968 0.697223 0.541972 0.697223 0.541972 0.378703 0.626968 0.378703
0 0.514711 0.686019 0.507937 0.375056 0.535303 0.374459 0.542078 0.685423
0 0.461176 0.631481 0.433368 0.631481 0.433368 0.356481 0.461176 0.356481
0 0.436516 0.610185 0.411332 0.610185 0.411332 0.354629 0.436516 0.354629
0 0.396433 0.601096 0.394543 0.350927 0.413430 0.350784 0.415320 0.600954
0 0.375925 0.587762 0.374035 0.348157 0.392444 0.348012 0.394334 0.587617
0 0.355719 0.562963 0.341029 0.562963 0.341029 0.340741 0.355719 0.340741
0 0.326973 0.553423 0.323190 0.338889 0.337875 0.338630 0.341658 0.553164
0 0.315221 0.549000 0.311123 0.335186 0.325808 0.334905 0.329906 0.548719
0 0.301591 0.534753 0.294859 0.331481 0.309533 0.330995 0.316264 0.534267
0 0.289838 0.533271 0.283107 0.329999 0.297780 0.329513 0.304512 0.532785
0 0.282138 0.526072 0.271117 0.331518 0.283418 0.330822 0.294439 0.525375
0 0.269546 0.521626 0.258526 0.327073 0.270826 0.326376 0.281847 0.520930
0 0.487009 0.674164 0.480235 0.363200 0.507601 0.362604 0.514376 0.673568
0 0.460260 0.655086 0.451849 0.362569 0.479102 0.361785 0.487513 0.654303
0 0.375656 0.586112 0.356244 0.586112 0.356244 0.342593 0.375656 0.342593
