0 0.348658 0.885359 0.037560 0.850361 0.120165 0.116095 0.431263 0.151094
0 0.584473 0.928445 0.238882 0.854868 0.392850 0.131687 0.738440 0.205264
0 0.880918 0.965820 0.523438 0.907752 0.642214 0.176534 0.999695 0.234601
0 0.997596 0.243389 0.741938 0.190213 0.750325 0.149890 1.005983 0.203067
0 0.997596 0.205829 0.812526 0.182158 0.817064 0.146680 1.002134 0.170352
0 0.997596 0.168269 0.872837 0.153762 0.876973 0.118186 1.001733 0.132693
0 0.755236 0.209001 0.489784 0.154748 0.496266 0.123031 0.761719 0.177284
0 0.822845 0.189469 0.557392 0.135216 0.563874 0.103499 0.829327 0.157752
0 0.888268 0.168740 0.653312 0.122895 0.658973 0.093878 0.893930 0.139724
0 0.936346 0.155219 0.701388 0.109373 0.707050 0.080357 0.942007 0.126202
0 0.542402 0.178245 0.329026 0.133714 0.338006 0.090686 0.551382 0.135216
0 0.645626 0.155385 0.405649 0.109675 0.412066 0.075985 0.652043 0.121695
0 0.706961 0.131186 0.497854 0.095712 0.503032 0.065187 0.712139 0.100661
0 0.323051 0.163221 0.109675 0.118690 0.118655 0.075662 0.332031 0.120192
0 0.399674 0.142187 0.186298 0.097656 0.195278 0.054628 0.408654 0.099159
0 0.486813 0.128665 0.273438 0.084135 0.282417 0.041106 0.495793 0.085637
0 0.138276 0.124588 -0.007457 0.093037 0.000000 0.058594 0.145733 0.090144
0 0.196870 0.114071 0.051137 0.082520 0.058594 0.048077 0.204327 0.079627
0 0.279502 0.103554 0.133769 0.072003 0.141226 0.037560 0.286959 0.069111
