1 0.929495 0.872091 0.710024 0.872091 0.710024 0.180505 0.929495 0.180505
1 0.594264 0.848014 0.532841 0.263613 0.670688 0.249125 0.732111 0.833526
1 0.549976 0.806082 0.447668 0.806082 0.447668 0.317452 0.549976 0.317452
1 0.462500 0.781322 0.370096 0.781322 0.370096 0.355409 0.462500 0.355409
1 0.380000 0.759880 0.302452 0.759880 0.302452 0.376875 0.380000 0.376875
1 0.315264 0.743149 0.254255 0.743149 0.254255 0.410240 0.315264 0.410240
1 0.258245 0.743798 0.209832 0.743798 0.209832 0.428149 0.258245 0.428149
1 0.217115 0.722596 0.174687 0.722596 0.174687 0.448702 0.217115 0.448702
1 0.183293 0.713293 0.143510 0.713293 0.143510 0.463293 0.183293 0.463293
1 0.149471 0.717284 0.122284 0.717284 0.122284 0.481202 0.149471 0.481202
1 0.112332 0.684784 0.077187 0.684784 0.077187 0.474567 0.112332 0.474567
1 0.079856 0.669543 0.059279 0.669543 0.059279 0.473245 0.079856 0.473245
1 0.642404 0.165385 0.527548 0.165385 0.527548 0.006971 0.642404 0.006971
1 0.527933 0.224135 0.435096 0.224135 0.435096 0.000000 0.527933 0.000000
1 0.417909 0.272260 0.338846 0.272260 0.338846 0.000000 0.417909 0.000000
1 0.336562 0.295192 0.273534 0.295192 0.273534 0.000000 0.336562 0.000000
1 0.289567 0.307788 0.224255 0.307788 0.224255 0.000000 0.289567 0.000000
1 0.243726 0.330721 0.193317 0.330721 0.193317 0.024736 0.243726 0.024736
1 0.194447 0.342163 0.158942 0.342163 0.158942 0.075168 0.194447 0.075168
1 0.169255 0.352476 0.124567 0.352476 0.124567 0.101514 0.169255 0.101514
1 0.141755 0.373101 0.103918 0.373101 0.103918 0.138197 0.141755 0.138197
1 0.113101 0.375409 0.084447 0.375409 0.084447 0.169135 0.113101 0.169135
1 0.041971 0.421010 0.019688 0.421010 0.019688 0.239567 0.041971 0.239567
1 0.090529 0.388389 0.068245 0.388389 0.068245 0.191034 0.090529 0.191034
1 0.074615 0.411466 0.049928 0.411466 0.049928 0.214111 0.074615 0.214111
1 0.058702 0.410673 0.039591 0.410673 0.039591 0.232404 0.058702 0.232404
