0 0.108895 0.674682 0.041590 0.674682 0.041590 0.327213 0.108895 0.327213
0 0.930073 0.703518 0.860143 0.703518 0.860143 0.406064 0.930073 0.406064
0 0.050177 0.681906 0.000525 0.681906 0.000525 0.328707 0.050177 0.328707
0 0.603013 0.627285 0.551901 0.627285 0.551901 0.350524 0.603013 0.350524
0 0.875961 0.687345 0.811151 0.687345 0.811151 0.389847 0.875961 0.389847
0 0.164822 0.662827 0.098732 0.662827 0.098732 0.327860 0.164822 0.327860
0 0.826743 0.676528 0.766905 0.676528 0.766905 0.386019 0.826743 0.386019
0 0.435465 0.622806 0.387620 0.622806 0.387620 0.341380 0.435465 0.341380
0 0.473831 0.622806 0.426954 0.622806 0.426954 0.343791 0.473831 0.343791
0 0.734234 0.652779 0.678296 0.652779 0.678296 0.372415 0.734234 0.372415
0 0.515489 0.621324 0.467345 0.621324 0.467345 0.346655 0.515489 0.346655
0 0.780119 0.661622 0.723517 0.661622 0.723517 0.376190 0.780119 0.376190
0 0.355281 0.628364 0.297914 0.628364 0.297914 0.339486 0.355281 0.339486
0 0.267663 0.643182 0.206028 0.643182 0.206028 0.340703 0.267663 0.340703
0 0.217401 0.656520 0.154887 0.656520 0.154887 0.333149 0.217401 0.333149
0 0.309903 0.637256 0.253615 0.637256 0.253615 0.340443 0.309903 0.340443
0 0.562864 0.625548 0.509268 0.625548 0.509268 0.350988 0.562864 0.350988
0 0.394946 0.616508 0.346220 0.616508 0.346220 0.341865 0.394946 0.341865
0 0.996807 0.721921 0.917596 0.721921 0.917596 0.410472 0.996807 0.410472
