0 0.329293 0.653455 0.257201 0.653455 0.257201 0.295599 0.329293 0.295599
0 0.097169 0.643350 0.017609 0.643350 0.017609 0.255587 0.097169 0.255587
0 0.153005 0.648918 0.082087 0.648918 0.082087 0.262997 0.153005 0.262997
0 0.215864 0.650612 0.143484 0.650612 0.143484 0.270406 0.215864 0.270406
0 0.867351 0.653815 0.800079 0.653815 0.800079 0.320791 0.867351 0.320791
0 0.812944 0.656878 0.749446 0.656878 0.749446 0.331165 0.812944 0.331165
0 0.384070 0.656050 0.314152 0.656050 0.314152 0.297081 0.384070 0.297081
0 0.927158 0.646000 0.854456 0.646000 0.854456 0.314864 0.927158 0.314864
0 0.665582 0.657783 0.607048 0.657783 0.607048 0.341538 0.665582 0.341538
0 0.434745 0.656779 0.367351 0.656779 0.367351 0.308937 0.434745 0.308937
0 0.763410 0.656987 0.698304 0.656987 0.698304 0.337093 0.763410 0.337093
0 0.575440 0.656762 0.512584 0.656762 0.512584 0.334129 0.575440 0.334129
0 0.713707 0.655783 0.649297 0.655783 0.649297 0.340057 0.713707 0.340057
0 0.269597 0.649278 0.202699 0.649278 0.202699 0.283743 0.269597 0.283743
0 0.986483 0.641491 0.911119 0.641491 0.911119 0.292635 0.986483 0.292635
0 0.999475 0.646075 0.966043 0.646075 0.966043 0.287991 0.999475 0.287991
0 0.620723 0.656535 0.562059 0.656535 0.562059 0.334129 0.620723 0.334129
0 0.484195 0.658000 0.417675 0.658000 0.417675 0.320791 0.484195 0.320791
0 0.528671 0.659367 0.466543 0.659367 0.466543 0.332647 0.528671 0.332647
0 0.032142 0.643375 0.000139 0.643375 0.000139 0.248177 0.032142 0.248177
