0 0.999475 0.987368 0.682535 0.948497 0.735104 0.519863 1.052044 0.558734
0 0.653935 0.911790 0.415125 0.758880 0.648913 0.393757 0.887723 0.546667
0 0.404617 0.729513 0.294641 0.581381 0.618251 0.341127 0.728227 0.489259
0 0.266947 0.591694 0.217578 0.483105 0.523979 0.343804 0.573347 0.452394
0 0.150262 0.499815 0.123199 0.413871 0.433797 0.316065 0.460860 0.402008
0 0.081427 0.439056 0.068485 0.377191 0.358937 0.316432 0.371878 0.378297
0 0.853761 0.457620 0.820223 0.453763 0.847889 0.213180 0.881427 0.217037
0 0.817782 0.446695 0.783957 0.443462 0.806888 0.203570 0.840714 0.206804
0 0.778328 0.446695 0.744503 0.443462 0.767434 0.203570 0.801259 0.206804
0 0.666680 0.434840 0.632855 0.431606 0.655787 0.191715 0.689612 0.194948
0 0.634781 0.433357 0.600956 0.430124 0.623887 0.190233 0.657713 0.193467
0 0.603721 0.430393 0.569896 0.427160 0.592827 0.187269 0.626653 0.190503
0 0.568576 0.434179 0.539349 0.432056 0.556357 0.197867 0.585584 0.199989
0 0.538356 0.429733 0.509129 0.427610 0.526137 0.193422 0.555363 0.195544
0 0.506456 0.432697 0.477230 0.430574 0.494237 0.196385 0.523464 0.198508
0 0.472878 0.434179 0.443652 0.432056 0.460659 0.197867 0.489886 0.199989
0 0.446966 0.440594 0.417629 0.439466 0.426906 0.198266 0.456243 0.199394
0 0.418425 0.437630 0.389087 0.436502 0.398364 0.195302 0.427702 0.196431
0 0.312697 0.310539 0.292504 0.310321 0.293590 0.209761 0.313782 0.209979
0 0.338060 0.316481 0.320195 0.316341 0.321091 0.202358 0.338957 0.202499
