0 0.936517 0.781379 0.839979 0.781379 0.839979 0.316667 0.936517 0.316667
0 0.223505 0.794717 0.133788 0.794717 0.133788 0.325926 0.223505 0.325926
0 0.539874 0.732475 0.462224 0.732475 0.462224 0.306481 0.539874 0.306481
0 0.628542 0.738403 0.552466 0.738403 0.552466 0.304629 0.628542 0.304629
0 0.773347 0.751740 0.692550 0.751740 0.692550 0.307408 0.773347 0.307408
0 0.385100 0.765077 0.301155 0.765077 0.301155 0.318520 0.385100 0.318520
0 0.850471 0.762113 0.763378 0.762113 0.763378 0.312037 0.850471 0.312037
0 0.698321 0.745812 0.623819 0.745812 0.623819 0.303704 0.698321 0.303704
0 0.147429 0.803609 0.056139 0.803609 0.056139 0.328704 0.147429 0.328704
0 0.469045 0.738403 0.394543 0.738403 0.394543 0.312037 0.469045 0.312037
0 0.999475 0.805089 0.919203 0.805089 0.919203 0.312038 0.999475 0.312038
0 0.293284 0.779896 0.209339 0.779896 0.209339 0.324075 0.293284 0.324075
