0 0.751521 0.452031 0.718866 0.450381 0.730618 0.217719 0.763274 0.219369
0 0.998951 0.999074 0.691710 0.999074 0.691710 0.576875 0.998951 0.576875
0 0.675761 0.931055 0.456872 0.758905 0.717943 0.426954 0.936831 0.599104
0 0.453305 0.744332 0.348051 0.592950 0.648575 0.383999 0.753830 0.535381
0 0.309727 0.616998 0.256034 0.502779 0.555751 0.361885 0.609444 0.476105
0 0.209024 0.519080 0.174798 0.423589 0.451818 0.324300 0.486044 0.419791
0 0.144596 0.444620 0.131874 0.379771 0.394413 0.328267 0.407135 0.393117
0 0.105981 0.388307 0.101150 0.335946 0.342073 0.313718 0.346905 0.366079
0 0.714585 0.452031 0.681930 0.450381 0.693682 0.217719 0.726338 0.219369
0 0.677650 0.450548 0.644994 0.448899 0.656746 0.216237 0.689402 0.217886
0 0.646590 0.446103 0.613934 0.444453 0.625687 0.211791 0.658342 0.213441
0 0.611333 0.447584 0.578677 0.445935 0.590430 0.213273 0.623085 0.214922
0 0.581952 0.450548 0.549296 0.448899 0.561049 0.216237 0.593704 0.217886
0 0.550052 0.449067 0.517397 0.447417 0.529149 0.214755 0.561805 0.216405
0 0.517314 0.453512 0.484658 0.451863 0.496411 0.219200 0.529066 0.220850
0 0.483437 0.459427 0.450781 0.457778 0.462833 0.219201 0.495488 0.220850
0 0.905981 0.478705 0.873557 0.475510 0.897062 0.236921 0.929486 0.240115
0 0.864848 0.469813 0.832424 0.466619 0.855929 0.228029 0.888353 0.231223
