0 0.745356 0.947821 0.274887 0.947821 0.274887 0.075692 0.745356 0.075692
0 0.052622 0.284186 0.018602 0.284186 0.018602 0.001749 0.052622 0.001749
0 0.023809 0.306664 -0.000781 0.306664 -0.000781 0.007768 0.023809 0.007768
0 0.105420 0.255369 0.076513 0.255369 0.076513 0.005976 0.105420 0.005976
0 0.128310 0.239993 0.100241 0.239993 0.100241 0.005975 0.128310 0.005975
0 0.081259 0.270825 0.048152 0.270825 0.048152 0.004669 0.081259 0.004669
0 0.150610 0.229238 0.124223 0.229238 0.124223 0.004963 0.150610 0.004963
0 0.168923 0.220729 0.144473 0.220729 0.144473 0.003376 0.168923 0.003376
0 0.187803 0.210124 0.164827 0.210124 0.164827 0.001867 0.187803 0.001867
0 0.203553 0.197703 0.181527 0.197703 0.181527 0.000094 0.203553 0.000094
0 0.238249 0.177842 0.217670 0.177842 0.217670 0.001531 0.238249 0.001531
0 0.220724 0.189688 0.199574 0.189688 0.199574 0.000599 0.220724 0.000599
0 0.250749 0.176311 0.230170 0.176311 0.230170 0.000000 0.250749 0.000000
0 0.246690 0.155576 0.243563 0.000000 0.260931 -0.000349 0.264058 0.155227
0 0.259190 0.155576 0.256063 -0.000000 0.273430 -0.000349 0.276558 0.155227
0 0.269012 0.155577 0.265884 0.000000 0.283252 -0.000349 0.286380 0.155227
0 0.284160 0.134775 0.277491 0.000000 0.294823 -0.000858 0.301492 0.133918
0 0.293088 0.134775 0.286420 -0.000000 0.303752 -0.000858 0.310421 0.133918
0 0.302910 0.134775 0.296241 0.000000 0.313573 -0.000858 0.320242 0.133918
0 0.310946 0.134775 0.304277 0.000000 0.321609 -0.000858 0.328278 0.133918
0 0.318981 0.134775 0.312313 -0.000000 0.329645 -0.000858 0.336314 0.133918
0 0.745356 0.947821 0.274887 0.947821 0.274887 0.075692 0.745356 0.075692
0 0.387500 0.132625 0.321429 0.132625 0.321429 0.000000 0.387500 0.000000
