0 0.908593 0.252776 0.880468 0.252776 0.880468 0.006944 0.908593 0.006944
0 0.965625 0.276389 0.932031 0.276389 0.932031 0.002778 0.965625 0.002778
0 0.934376 0.262500 0.903906 0.262500 0.903906 0.006944 0.934376 0.006944
0 0.992188 0.295833 0.959374 0.295833 0.959374 0.006944 0.992188 0.006944
0 0.885157 0.238889 0.857032 0.238889 0.857032 0.002776 0.885157 0.002776
0 0.861718 0.226389 0.835938 0.226389 0.835938 0.005556 0.861718 0.005556
0 0.822656 0.208333 0.800000 0.208333 0.800000 0.001389 0.822656 0.001389
0 0.841407 0.216667 0.817187 0.216667 0.817187 0.004167 0.841407 0.004167
0 0.804688 0.194444 0.782813 0.194444 0.782813 0.001389 0.804688 0.001389
0 0.786720 0.186111 0.766406 0.186111 0.766406 0.001389 0.786720 0.001389
0 0.773438 0.173611 0.753124 0.173611 0.753124 0.001389 0.773438 0.001389
0 0.757366 0.164782 0.737052 0.164782 0.737052 0.000000 0.757366 0.000000
0 0.744866 0.164782 0.724552 0.164782 0.724552 0.000000 0.744866 0.000000
0 0.734152 0.164782 0.713838 0.164782 0.713838 0.000000 0.734152 0.000000
0 0.719643 0.148904 0.699342 0.148387 0.703137 -0.000517 0.723438 0.000000
0 0.708929 0.148904 0.688628 0.148387 0.692423 -0.000517 0.712723 0.000000
0 0.700893 0.148904 0.680592 0.148387 0.684387 -0.000517 0.704688 0.000000
0 0.697321 0.128262 0.684374 0.128262 0.684374 0.000000 0.697321 0.000000
0 0.706251 0.935713 0.250781 0.935713 0.250781 0.069046 0.706251 0.069046
0 0.690179 0.128262 0.677231 0.128262 0.677231 0.000000 0.690179 0.000000
0 0.683036 0.128262 0.670088 0.128262 0.670088 0.000000 0.683036 0.000000
0 0.673214 0.129850 0.605357 0.129850 0.605357 0.000000 0.673214 0.000000
