0 0.664843 0.894444 0.234374 0.894444 0.234374 0.065276 0.664843 0.065276
0 0.984375 0.297224 0.946875 0.297224 0.946875 0.001389 0.984375 0.001389
0 0.950781 0.283333 0.915625 0.283333 0.915625 0.001389 0.950781 0.001389
0 0.923438 0.270833 0.890625 0.270833 0.890625 0.002778 0.923438 0.002778
0 0.895312 0.252776 0.866406 0.252776 0.866406 0.001389 0.895312 0.001389
0 0.870313 0.241667 0.842187 0.241667 0.842187 0.001389 0.870313 0.001389
0 0.849219 0.233333 0.820313 0.233333 0.820313 0.005556 0.849219 0.005556
0 0.827344 0.213889 0.803125 0.213889 0.803125 0.001389 0.827344 0.001389
0 0.808593 0.211110 0.784374 0.211110 0.784374 0.002778 0.808593 0.002778
0 0.788282 0.201389 0.766407 0.201389 0.766407 0.004167 0.788282 0.004167
0 0.772656 0.190276 0.750000 0.190276 0.750000 0.004167 0.772656 0.004167
0 0.754687 0.184724 0.735156 0.184724 0.735156 0.005556 0.754687 0.005556
0 0.739843 0.175000 0.720313 0.175000 0.720313 0.002778 0.739843 0.002778
0 0.727344 0.162500 0.708594 0.162500 0.708594 0.002778 0.727344 0.002778
0 0.714063 0.155556 0.695313 0.155556 0.695313 0.002778 0.714063 0.002778
0 0.700781 0.152776 0.684375 0.152776 0.684375 0.001389 0.700781 0.001389
0 0.635157 0.129167 0.573437 0.129167 0.573437 0.001389 0.635157 0.001389
0 0.686607 0.147315 0.673198 0.147163 0.674872 -0.000152 0.688281 0.000000
0 0.676786 0.147315 0.663377 0.147163 0.665050 -0.000152 0.678459 0.000000
0 0.668750 0.147315 0.655341 0.147163 0.657014 -0.000152 0.670424 0.000000
0 0.657143 0.147315 0.643734 0.147163 0.645407 -0.000152 0.658816 0.000000
0 0.650893 0.147315 0.637484 0.147163 0.639157 -0.000152 0.652566 0.000000
