0 0.673345 0.999796 0.671943 0.533560 0.998727 0.532578 1.000129 0.998813
0 0.623783 0.716057 0.533893 0.559092 0.851978 0.376933 0.941868 0.533899
0 0.466737 0.585767 0.425782 0.485146 0.738898 0.357701 0.779853 0.458321
0 0.382255 0.503917 0.358447 0.422755 0.645237 0.338628 0.669045 0.419791
0 0.318993 0.437574 0.305085 0.367367 0.559440 0.316982 0.573347 0.387189
0 0.579224 0.367924 0.560686 0.366683 0.571599 0.203671 0.590136 0.204912
0 0.555719 0.369406 0.537181 0.368165 0.548094 0.205153 0.566632 0.206394
0 0.538881 0.348058 0.522929 0.347174 0.530533 0.209956 0.546485 0.210840
0 0.521252 0.345094 0.505301 0.344210 0.512905 0.206992 0.528856 0.207876
0 0.504512 0.339025 0.488549 0.338179 0.495265 0.211476 0.511228 0.212322
0 0.479328 0.344953 0.463365 0.344107 0.470081 0.217404 0.486044 0.218250
