0 0.222472 0.985562 0.135529 0.840319 0.256562 0.767868 0.343505 0.913111
0 0.632516 0.860447 0.247622 0.475553 0.281748 0.441427 0.666642 0.826320
0 0.608519 0.774683 0.258460 0.424624 0.290909 0.392175 0.640968 0.742234
0 0.165190 0.890983 0.078372 0.780935 0.264919 0.633765 0.351738 0.743814
0 0.593298 0.588366 0.314883 0.309951 0.336421 0.288413 0.614836 0.566828
0 0.596495 0.639252 0.301011 0.343768 0.326774 0.318005 0.622258 0.613489
0 0.602461 0.702407 0.281523 0.381469 0.310550 0.352443 0.631488 0.673381
0 0.647917 0.937526 0.240373 0.529981 0.276713 0.493642 0.684257 0.901186
0 0.132123 0.786117 0.073909 0.707739 0.274326 0.558883 0.332539 0.637261
0 0.581020 0.500146 0.339350 0.258477 0.357690 0.240137 0.599359 0.481807
0 0.586851 0.542807 0.330564 0.286520 0.350321 0.266763 0.606608 0.523050
0 0.579220 0.465629 0.351133 0.237542 0.368678 0.219997 0.596765 0.448084
0 0.580070 0.434769 0.367446 0.210235 0.381397 0.197024 0.594022 0.421558
0 0.578488 0.402848 0.372791 0.189518 0.383928 0.178779 0.589626 0.392109
