0 0.666578 0.654673 0.611431 0.654673 0.611431 0.369022 0.666578 0.369022
0 0.784680 0.678383 0.736121 0.674644 0.759474 0.371386 0.808033 0.375125
0 0.152283 0.718028 0.080307 0.718028 0.080307 0.356946 0.152283 0.356946
0 0.256688 0.700244 0.193887 0.700244 0.193887 0.358669 0.256688 0.358669
0 0.737670 0.663564 0.687276 0.659722 0.709383 0.369777 0.759777 0.373619
0 0.206215 0.704691 0.138249 0.704691 0.138249 0.357326 0.206215 0.357326
0 0.832153 0.703363 0.784691 0.698968 0.813968 0.382832 0.861429 0.387227
0 0.711612 0.660600 0.655039 0.660600 0.655039 0.371188 0.711612 0.371188
0 0.096660 0.720621 0.019196 0.720621 0.019196 0.361061 0.096660 0.361061
0 0.309666 0.688389 0.249052 0.688389 0.249052 0.360774 0.309666 0.360774
0 0.884945 0.713984 0.834475 0.708694 0.867977 0.389070 0.918447 0.394360
0 0.493273 0.663196 0.438403 0.663196 0.438403 0.364597 0.493273 0.364597
0 0.361913 0.680980 0.302630 0.680980 0.302630 0.360513 0.361913 0.360513
0 0.535468 0.657268 0.484506 0.657268 0.484506 0.365756 0.535468 0.365756
0 0.936486 0.725334 0.878479 0.717560 0.922096 0.392113 0.980103 0.399887
0 0.579126 0.655787 0.523556 0.655787 0.523556 0.366238 0.579126 0.366238
0 0.620819 0.652823 0.567067 0.652823 0.567067 0.366501 0.620819 0.366501
0 0.409074 0.675052 0.350910 0.675052 0.350910 0.363917 0.409074 0.363917
0 0.449537 0.667643 0.395726 0.667643 0.395726 0.364839 0.449537 0.364839
0 1.000000 0.746893 0.958233 0.746893 0.958233 0.403981 1.000000 0.403981
