1 0.372397 0.910489 0.330358 0.908947 0.335006 0.782203 0.377045 0.783745
1 0.408642 0.913661 0.374655 0.912296 0.379700 0.786676 0.413688 0.788041
1 0.442092 0.911923 0.405697 0.911923 0.405697 0.790338 0.442092 0.790338
1 0.474326 0.911466 0.441634 0.911466 0.441634 0.794495 0.474326 0.794495
1 0.876223 0.713933 0.859442 0.650415 0.871806 0.647148 0.888588 0.710666
1 0.510241 0.916081 0.474783 0.916081 0.474783 0.798630 0.510241 0.798630
1 0.541106 0.921130 0.508870 0.921130 0.508870 0.806009 0.541106 0.806009
1 0.569183 0.915144 0.537884 0.915144 0.537884 0.804615 0.569183 0.804615
1 0.580203 0.899860 0.564044 0.794262 0.585952 0.790909 0.602111 0.896508
1 0.604152 0.888464 0.586908 0.793574 0.616378 0.788219 0.633622 0.883108
1 0.635255 0.884102 0.617894 0.788573 0.639889 0.784576 0.657250 0.880105
1 0.655756 0.878336 0.639561 0.789219 0.658908 0.785703 0.675103 0.874820
1 0.668606 0.875800 0.651616 0.782306 0.670962 0.778790 0.687953 0.872285
1 0.685936 0.874309 0.668948 0.780839 0.688272 0.777327 0.705260 0.870797
1 0.708950 0.864655 0.693030 0.777051 0.708238 0.774288 0.724158 0.861891
1 0.725453 0.859391 0.706644 0.774552 0.721711 0.771211 0.740520 0.856050
1 0.743450 0.855158 0.725042 0.772124 0.740109 0.768784 0.758517 0.851817
1 0.761685 0.851642 0.743151 0.768045 0.758219 0.764705 0.776752 0.848302
1 0.777983 0.849405 0.759836 0.767545 0.774927 0.764200 0.793074 0.846059
1 0.794614 0.842797 0.777434 0.765303 0.792502 0.761963 0.809681 0.839457
1 0.810911 0.839282 0.794022 0.763102 0.809112 0.759756 0.826002 0.835936
1 0.828508 0.834835 0.811619 0.758655 0.826709 0.755309 0.843598 0.831489
1 0.845200 0.829952 0.825142 0.754569 0.839150 0.750841 0.859208 0.826224
1 0.860728 0.827666 0.842340 0.758556 0.853167 0.755675 0.871555 0.824786
1 0.871795 0.825273 0.852956 0.754469 0.865177 0.751217 0.884016 0.822022
1 0.884410 0.819886 0.865569 0.749080 0.881552 0.744827 0.900393 0.815633
1 0.902114 0.809422 0.877897 0.740270 0.889377 0.736250 0.913594 0.805402
1 0.913989 0.803486 0.889772 0.734333 0.901252 0.730312 0.925469 0.799466
1 0.925767 0.798437 0.901550 0.729284 0.913030 0.725264 0.937247 0.794417
1 0.936103 0.793148 0.911887 0.723997 0.923367 0.719977 0.947583 0.789128
1 0.947402 0.789302 0.923186 0.720150 0.934666 0.716130 0.958881 0.785282
1 0.959902 0.784736 0.935686 0.715583 0.947166 0.711563 0.971382 0.780716
1 0.307730 0.737331 0.271508 0.727082 0.302414 0.617861 0.338636 0.628111
1 0.388725 0.733845 0.351683 0.733845 0.351683 0.624470 0.388725 0.624470
1 0.862642 0.715905 0.845859 0.652387 0.858223 0.649120 0.875006 0.712638
1 0.421250 0.733845 0.392525 0.733845 0.392525 0.629663 0.421250 0.629663
1 0.449303 0.738005 0.420217 0.738005 0.420217 0.633822 0.449303 0.633822
1 0.478028 0.737669 0.454831 0.737669 0.454831 0.633462 0.478028 0.633462
1 0.516442 0.739038 0.489783 0.739038 0.489783 0.641081 0.516442 0.641081
1 0.542067 0.737308 0.520264 0.737308 0.520264 0.646273 0.542067 0.646273
1 0.565600 0.740769 0.547597 0.740769 0.547597 0.649398 0.565600 0.649398
1 0.571292 0.741133 0.565484 0.651320 0.587817 0.649876 0.593625 0.739689
1 0.598639 0.742152 0.590803 0.650755 0.609006 0.649194 0.616842 0.740591
1 0.623747 0.739828 0.616272 0.652622 0.634475 0.651062 0.641950 0.738268
1 0.643139 0.740530 0.635870 0.655743 0.654074 0.654183 0.661342 0.738969
1 0.662161 0.740867 0.654925 0.656464 0.673128 0.654903 0.680364 0.739306
1 0.682864 0.737588 0.671805 0.653576 0.689227 0.651283 0.700286 0.735294
1 0.705747 0.737302 0.690597 0.653931 0.705191 0.651279 0.720341 0.734650
1 0.723770 0.736614 0.708619 0.653244 0.728344 0.649659 0.743495 0.733030
1 0.742942 0.734756 0.728147 0.653348 0.744703 0.650339 0.759498 0.731747
1 0.762956 0.733119 0.749183 0.660224 0.766875 0.656881 0.780649 0.729776
1 0.780309 0.727317 0.767233 0.658108 0.783224 0.655086 0.796300 0.724296
1 0.795716 0.723587 0.783517 0.659031 0.797242 0.656438 0.809441 0.720993
1 0.810242 0.720693 0.798047 0.656159 0.815480 0.652865 0.827675 0.717398
1 0.827296 0.718004 0.812739 0.653939 0.827320 0.650626 0.841877 0.714691
1 0.843025 0.716721 0.826248 0.653227 0.845701 0.648087 0.862478 0.711581
1 0.890742 0.712903 0.873961 0.649384 0.886350 0.646111 0.903131 0.709630
1 0.905283 0.714970 0.888507 0.651475 0.900895 0.648203 0.917670 0.711697
1 0.918436 0.715330 0.901653 0.651813 0.914040 0.648540 0.930823 0.712057
1 0.927086 0.714970 0.910311 0.651476 0.922698 0.648203 0.939474 0.711698
1 0.302698 0.548288 0.301869 0.453242 0.333864 0.452962 0.334694 0.548008
1 0.362164 0.563336 0.332514 0.561419 0.338653 0.466495 0.368303 0.468413
1 0.388394 0.577646 0.355814 0.574164 0.366055 0.478339 0.398634 0.481820
1 0.425058 0.588283 0.396233 0.586671 0.401361 0.494939 0.430186 0.496550
1 0.455536 0.603727 0.427014 0.601533 0.434031 0.510335 0.462553 0.512530
1 0.493389 0.613389 0.469278 0.613389 0.469278 0.522019 0.493389 0.522019
1 0.496981 0.613057 0.485839 0.523603 0.508428 0.520789 0.519570 0.610244
1 0.520042 0.615927 0.514139 0.529323 0.533684 0.527991 0.539588 0.614594
1 0.543022 0.616672 0.537119 0.530070 0.556689 0.528736 0.562592 0.615338
1 0.564642 0.619175 0.558914 0.535137 0.578459 0.533805 0.584188 0.617843
1 0.587820 0.617644 0.576236 0.536253 0.597203 0.533269 0.608787 0.614659
1 0.609552 0.615722 0.597967 0.534330 0.618934 0.531345 0.630519 0.612738
1 0.630725 0.617796 0.619141 0.536403 0.639180 0.533551 0.650764 0.614944
1 0.650733 0.616907 0.639583 0.538561 0.656719 0.536122 0.667869 0.614469
1 0.670228 0.616427 0.659078 0.538079 0.676214 0.535641 0.687364 0.613988
1 0.690597 0.616017 0.679708 0.539504 0.695701 0.537228 0.706591 0.613741
1 0.707222 0.618330 0.696448 0.542624 0.712442 0.540348 0.723216 0.616054
1 0.726397 0.617591 0.712200 0.542452 0.728073 0.539453 0.742270 0.614591
1 0.745075 0.618016 0.729897 0.545992 0.743892 0.543042 0.759071 0.615066
1 0.759680 0.618652 0.744714 0.547639 0.758711 0.544689 0.773677 0.615703
1 0.775881 0.618414 0.760917 0.547401 0.774936 0.544447 0.789900 0.615460
1 0.792083 0.620481 0.777119 0.549468 0.791139 0.546514 0.806103 0.617527
1 0.808278 0.618825 0.793314 0.547812 0.806675 0.544997 0.821639 0.616010
1 0.820650 0.613960 0.807917 0.550807 0.820359 0.548298 0.833093 0.611452
1 0.833006 0.614658 0.820272 0.551505 0.832714 0.548996 0.845449 0.612149
1 0.850314 0.610091 0.837580 0.546937 0.850022 0.544429 0.862757 0.607582
1 0.880289 0.607841 0.861239 0.546298 0.873364 0.542545 0.892414 0.604087
1 0.891925 0.602455 0.872873 0.540913 0.884998 0.537159 0.904050 0.598702
1 0.904377 0.599547 0.885325 0.538005 0.897450 0.534251 0.916502 0.595794
1 0.381275 0.448102 0.350938 0.448102 0.350938 0.361706 0.381275 0.361706
1 0.407428 0.455577 0.382500 0.455577 0.382500 0.368773 0.407428 0.368773
1 0.432356 0.464303 0.404111 0.464303 0.404111 0.377091 0.432356 0.377091
1 0.457692 0.473030 0.432356 0.473030 0.432356 0.384567 0.457692 0.384567
1 0.488028 0.477595 0.462259 0.477595 0.462259 0.393269 0.488028 0.393269
1 0.507548 0.481755 0.485528 0.481755 0.485528 0.401587 0.507548 0.401587
1 0.518005 0.489109 0.512911 0.410330 0.536948 0.408775 0.542042 0.487555
1 0.558630 0.498366 0.537861 0.498366 0.537861 0.419447 0.558630 0.419447
1 0.560449 0.498952 0.552775 0.422073 0.572677 0.420087 0.580350 0.496966
1 0.600600 0.508845 0.578414 0.508845 0.578414 0.429687 0.600600 0.429687
1 0.600784 0.506613 0.594523 0.433587 0.612845 0.432017 0.619106 0.505042
1 0.621325 0.511489 0.613445 0.436517 0.632906 0.434472 0.640786 0.509444
1 0.645158 0.512220 0.632881 0.442596 0.652152 0.439198 0.664428 0.508822
1 0.663675 0.511777 0.651398 0.442153 0.668633 0.439114 0.680910 0.508738
1 0.681089 0.510521 0.666633 0.441317 0.683600 0.437773 0.698056 0.506977
1 0.699122 0.504184 0.684036 0.440366 0.699219 0.436776 0.714305 0.500595
1 0.716959 0.507361 0.701873 0.443541 0.717080 0.439947 0.732166 0.503766
1 0.734544 0.516694 0.718241 0.447728 0.732067 0.444459 0.748370 0.513425
1 0.747872 0.515366 0.732786 0.451546 0.747992 0.447952 0.763078 0.511771
1 0.766239 0.520029 0.751153 0.456209 0.766358 0.452615 0.781444 0.516434
1 0.783294 0.519057 0.768208 0.455238 0.780889 0.452241 0.795975 0.516059
1 0.793647 0.517131 0.779003 0.455184 0.791450 0.452242 0.806094 0.514189
1 0.807339 0.519767 0.792823 0.458357 0.805737 0.455305 0.820253 0.516715
1 0.819589 0.518580 0.805287 0.458084 0.818225 0.455025 0.832527 0.515521
1 0.833297 0.518818 0.819587 0.460823 0.831800 0.457937 0.845509 0.515931
1 0.846855 0.517953 0.833145 0.459959 0.845358 0.457072 0.859067 0.515066
1 0.860072 0.517230 0.847573 0.464359 0.859784 0.461472 0.872283 0.514344
1 0.872564 0.517239 0.860117 0.464580 0.870153 0.462208 0.882600 0.514867
1 0.884593 0.516986 0.872365 0.465262 0.882379 0.462895 0.894606 0.514619
1 0.896608 0.517233 0.884405 0.465602 0.893249 0.463511 0.905452 0.515143
1 0.907414 0.521091 0.894683 0.467238 0.904486 0.464920 0.917217 0.518773
1 0.918245 0.523971 0.904536 0.465977 0.914783 0.463554 0.928492 0.521549
1 0.453294 0.368509 0.423581 0.368509 0.423581 0.287162 0.453294 0.287162
1 0.475794 0.369952 0.450697 0.369952 0.450697 0.293509 0.475794 0.293509
1 0.498294 0.378894 0.475794 0.378894 0.475794 0.302162 0.498294 0.302162
1 0.525986 0.387259 0.501178 0.387259 0.501178 0.311683 0.525986 0.311683
1 0.525228 0.391110 0.520444 0.317128 0.543761 0.315620 0.548545 0.389602
1 0.556789 0.394513 0.551719 0.325491 0.569125 0.324212 0.574195 0.393234
1 0.576908 0.397085 0.571839 0.328064 0.589245 0.326786 0.594314 0.395806
1 0.595269 0.397420 0.590202 0.328398 0.604300 0.327363 0.609367 0.396385
1 0.613189 0.405408 0.604036 0.336808 0.621906 0.334423 0.631059 0.403023
1 0.631036 0.405795 0.620892 0.338719 0.638339 0.336080 0.648483 0.403156
1 0.650178 0.410811 0.639828 0.342381 0.657275 0.339742 0.667625 0.408172
1 0.668927 0.414658 0.658578 0.346230 0.676048 0.343587 0.686397 0.412016
1 0.687436 0.416099 0.677586 0.350973 0.692252 0.348755 0.702102 0.413881
1 0.701633 0.420444 0.691280 0.351991 0.706420 0.349701 0.716773 0.418154
1 0.717047 0.417680 0.705605 0.354720 0.720670 0.351982 0.732113 0.414942
1 0.731728 0.419192 0.720953 0.359897 0.734859 0.357370 0.745635 0.416665
1 0.747122 0.422538 0.735686 0.359600 0.748648 0.357245 0.760085 0.420182
1 0.759861 0.423028 0.749211 0.364420 0.760044 0.362451 0.770694 0.421060
1 0.773170 0.424297 0.760483 0.368461 0.773681 0.365462 0.786369 0.421298
1 0.788097 0.427063 0.775411 0.371225 0.788609 0.368226 0.801295 0.424064
1 0.803722 0.431149 0.791036 0.375311 0.804234 0.372312 0.816920 0.428150
1 0.817192 0.435002 0.804501 0.379140 0.814370 0.376898 0.827061 0.432759
1 0.826081 0.437639 0.813395 0.381802 0.824905 0.379187 0.837591 0.435024
1 0.838886 0.440727 0.826200 0.384890 0.837172 0.382397 0.849858 0.438234
1 0.852122 0.443386 0.839431 0.387525 0.849465 0.385245 0.862156 0.441106
1 0.864614 0.446506 0.851928 0.390667 0.861492 0.388494 0.874178 0.444333
1 0.520120 0.295216 0.498005 0.295216 0.498005 0.221898 0.520120 0.221898
1 0.519939 0.301109 0.513797 0.229471 0.536552 0.227520 0.542694 0.299158
1 0.542494 0.304941 0.536564 0.235772 0.554983 0.234193 0.560912 0.303362
1 0.563894 0.308298 0.558198 0.241859 0.578534 0.240115 0.584230 0.306555
1 0.587578 0.316892 0.581950 0.251242 0.597470 0.249911 0.603099 0.315561
1 0.604262 0.319178 0.597525 0.257162 0.615402 0.255220 0.622139 0.317236
1 0.624811 0.321875 0.616067 0.262661 0.630502 0.260530 0.639245 0.319744
1 0.639253 0.327790 0.629894 0.264414 0.644330 0.262282 0.653689 0.325658
1 0.653991 0.331324 0.644628 0.267923 0.659063 0.265792 0.668425 0.329192
1 0.669606 0.334433 0.660503 0.272794 0.674939 0.270662 0.684042 0.332301
1 0.685231 0.335169 0.676511 0.276122 0.690947 0.273990 0.699667 0.333038
1 0.701739 0.339001 0.693272 0.281665 0.707708 0.279533 0.716175 0.336869
1 0.715795 0.340320 0.707325 0.282961 0.720094 0.281075 0.728564 0.338435
1 0.730644 0.345619 0.722176 0.288283 0.738347 0.285895 0.746814 0.343231
1 0.748586 0.348372 0.740195 0.291559 0.751944 0.289824 0.760334 0.346637
1 0.760858 0.348275 0.753116 0.295839 0.764864 0.294104 0.772606 0.346541
1 0.775532 0.353800 0.767719 0.300887 0.779444 0.299156 0.787256 0.352069
1 0.788995 0.355950 0.781467 0.304964 0.793192 0.303233 0.800721 0.354219
1 0.804472 0.360752 0.794317 0.314940 0.809807 0.311506 0.819963 0.357319
1 0.824110 0.366835 0.811777 0.317734 0.823270 0.314847 0.835603 0.363948
1 0.490086 0.213481 0.483206 0.149111 0.504097 0.146878 0.510977 0.211249
1 0.512217 0.218977 0.505339 0.154631 0.523792 0.152659 0.530670 0.217005
1 0.528900 0.222842 0.522022 0.158495 0.540379 0.156533 0.547258 0.220880
1 0.548708 0.233182 0.541829 0.168811 0.560259 0.166842 0.567137 0.231213
1 0.566928 0.241211 0.560052 0.176866 0.578505 0.174894 0.585381 0.239239
1 0.587391 0.245317 0.577490 0.181367 0.595831 0.178528 0.605731 0.242478
1 0.607411 0.251009 0.598000 0.190219 0.616339 0.187380 0.625750 0.248170
1 0.624192 0.256053 0.614786 0.195287 0.629966 0.192937 0.639372 0.253703
1 0.644778 0.259045 0.631989 0.198873 0.642218 0.196699 0.655007 0.256871
1 0.657883 0.259463 0.645100 0.199315 0.658128 0.196547 0.670911 0.256694
1 0.673631 0.263741 0.661112 0.204839 0.673317 0.202245 0.685836 0.261147
1 0.688272 0.268163 0.675752 0.209262 0.687955 0.206668 0.700475 0.265569
1 0.701958 0.275227 0.689438 0.216327 0.700253 0.214027 0.712773 0.272928
1 0.803367 0.310519 0.790847 0.251617 0.803050 0.249023 0.815570 0.307925
1 0.714963 0.278903 0.702442 0.220002 0.713234 0.217708 0.725755 0.276609
1 0.726738 0.280113 0.715281 0.226220 0.726075 0.223926 0.737531 0.277819
1 0.741864 0.284455 0.730205 0.229598 0.741022 0.227299 0.752681 0.282156
1 0.755092 0.287580 0.744331 0.236955 0.755149 0.234655 0.765910 0.285280
1 0.769414 0.291004 0.758903 0.241555 0.769697 0.239260 0.780208 0.288709
1 0.786169 0.299877 0.775658 0.250428 0.786475 0.248128 0.796986 0.297577
1 0.299253 0.352869 0.233014 0.301303 0.247190 0.283093 0.313429 0.334659
1 0.436514 0.033125 0.399014 0.033125 0.399014 0.000000 0.436514 0.000000
1 0.463630 0.053606 0.435072 0.053606 0.435072 0.000000 0.463630 0.000000
1 0.306677 0.259944 0.282244 0.247727 0.326278 0.159659 0.350711 0.171876
1 0.332244 0.262784 0.307813 0.250569 0.351848 0.162500 0.376279 0.174716
1 0.354455 0.274506 0.332244 0.264205 0.378508 0.164448 0.400720 0.174749
1 0.381445 0.278767 0.359233 0.268466 0.405497 0.168709 0.427709 0.179010
1 0.394661 0.279784 0.376278 0.269886 0.427499 0.174761 0.445881 0.184659
1 0.416799 0.286380 0.394744 0.272727 0.452474 0.179473 0.474528 0.193127
1 0.440947 0.293482 0.418892 0.279830 0.476620 0.186576 0.498674 0.200228
1 0.695047 0.149162 0.678836 0.136364 0.721448 0.082386 0.737660 0.095184
1 0.640501 0.179286 0.622017 0.166194 0.670313 0.098011 0.688796 0.111103
1 0.630558 0.172184 0.612073 0.159091 0.660369 0.090909 0.678854 0.104003
1 0.614933 0.165082 0.596449 0.151989 0.644744 0.083806 0.663228 0.096899
1 0.599308 0.157980 0.580823 0.144886 0.629119 0.076705 0.647604 0.089798
1 0.582263 0.149457 0.563778 0.136364 0.612073 0.068181 0.630558 0.081274
1 0.582263 0.149457 0.563778 0.136364 0.612073 0.068181 0.630558 0.081274
1 0.566638 0.145195 0.548153 0.132102 0.596448 0.063920 0.614933 0.077014
1 0.551012 0.138093 0.532528 0.125000 0.580823 0.056819 0.599308 0.069912
1 0.535388 0.128150 0.516903 0.115056 0.565198 0.046875 0.583683 0.059969
1 0.518342 0.121048 0.499858 0.107955 0.548153 0.039773 0.566637 0.052866
1 0.501296 0.113944 0.482813 0.100852 0.531108 0.032670 0.549592 0.045763
1 0.484095 0.107174 0.464347 0.095170 0.512732 0.015569 0.532480 0.027572
1 0.463964 0.095663 0.447302 0.086648 0.497763 -0.006629 0.514425 0.002385
1 0.391856 0.113875 0.366336 0.106534 0.396164 0.002841 0.421684 0.010182
1 0.428785 0.136602 0.403267 0.129261 0.433097 0.025569 0.458615 0.032910
