1 0.688681 0.701662 0.630123 0.070429 0.788962 0.055694 0.847520 0.686926
1 0.581051 0.684716 0.535920 0.198223 0.637313 0.188817 0.682444 0.675310
1 0.504180 0.663725 0.464716 0.238316 0.542937 0.231059 0.582402 0.656469
1 0.430411 0.617644 0.396633 0.253533 0.458555 0.247788 0.492333 0.611899
1 0.372034 0.579902 0.341308 0.248703 0.392867 0.243920 0.423594 0.575119
1 0.327567 0.546080 0.299945 0.248319 0.336998 0.244881 0.364620 0.542643
1 0.283833 0.506656 0.260269 0.252649 0.297345 0.249209 0.320909 0.503217
1 0.258784 0.476911 0.236684 0.238677 0.267130 0.235853 0.289230 0.474087
1 0.234841 0.461574 0.212741 0.223342 0.243188 0.220517 0.265287 0.458750
1 0.207766 0.438365 0.188230 0.227778 0.218677 0.224953 0.238212 0.435541
1 0.186961 0.422746 0.168330 0.221901 0.191212 0.219778 0.209844 0.420623
1 0.170009 0.401097 0.152781 0.215380 0.175688 0.213255 0.192916 0.398972
1 0.154781 0.389858 0.138928 0.218979 0.152045 0.217763 0.167898 0.388641
1 0.143675 0.383439 0.127823 0.212562 0.140941 0.211345 0.156792 0.382222
1 0.133723 0.380146 0.117870 0.209245 0.130987 0.208028 0.146841 0.378930
1 0.122113 0.373505 0.108039 0.221798 0.121156 0.220582 0.135230 0.372288
1 0.114034 0.371630 0.099964 0.219948 0.113081 0.218731 0.127152 0.370413
1 0.106402 0.369616 0.093252 0.227869 0.102395 0.227020 0.115545 0.368767
1 0.099526 0.368150 0.086378 0.226402 0.095545 0.225552 0.108694 0.367300
1 0.070252 0.346600 0.059739 0.233287 0.068883 0.232439 0.079395 0.345752
1 0.077441 0.345486 0.066589 0.228512 0.075733 0.227664 0.086584 0.344638
1 0.084620 0.351011 0.073591 0.232122 0.082734 0.231273 0.093764 0.350163
1 0.093455 0.358755 0.081489 0.229764 0.090656 0.228914 0.102622 0.357905
1 0.524136 1.006431 0.492047 0.662080 0.577829 0.654086 0.609919 0.998438
1 0.461837 0.963505 0.451500 0.615197 0.501744 0.613706 0.512081 0.962014
1 0.398109 0.890580 0.388737 0.574829 0.439005 0.573338 0.448377 0.889088
1 0.355812 0.834027 0.347570 0.556359 0.386472 0.555205 0.394714 0.832872
1 0.315936 0.787438 0.308597 0.540166 0.343655 0.539125 0.350994 0.786397
1 0.289130 0.749361 0.282037 0.510355 0.312169 0.509461 0.319261 0.748467
1 0.260303 0.714069 0.253795 0.494814 0.281764 0.493984 0.288272 0.713239
1 0.246792 0.696852 0.230677 0.492076 0.251573 0.490431 0.267689 0.695208
1 0.225827 0.655888 0.211980 0.479940 0.232877 0.478295 0.246723 0.654243
1 0.206234 0.643820 0.192387 0.467873 0.213284 0.466228 0.227131 0.642176
1 0.191605 0.619261 0.178639 0.454504 0.195630 0.453167 0.208595 0.617924
1 0.176556 0.598244 0.164459 0.444535 0.181448 0.443198 0.193545 0.596907
1 0.159748 0.577635 0.148380 0.433177 0.165395 0.431837 0.176764 0.576295
1 0.147661 0.565292 0.136511 0.423614 0.148877 0.422641 0.160027 0.564319
1 0.137469 0.547181 0.126991 0.414059 0.139381 0.413084 0.149859 0.546206
1 0.128686 0.534903 0.118516 0.405662 0.130881 0.404689 0.141052 0.533930
1 0.402884 0.033702 0.357116 0.033702 0.357116 0.000000 0.402884 0.000000
1 0.351155 0.049616 0.302741 0.049616 0.302741 0.000000 0.351155 0.000000
1 0.305384 0.070817 0.266923 0.070817 0.266923 0.001202 0.305384 0.001202
1 0.264280 0.074134 0.231106 0.074134 0.231106 0.000000 0.264280 0.000000
1 0.201061 0.094003 0.189845 0.002645 0.227353 -0.001960 0.238569 0.089398
1 0.197284 0.106634 0.175409 0.106634 0.175409 0.000000 0.197284 0.000000
1 0.183366 0.107956 0.163462 0.107956 0.163462 0.000000 0.183366 0.000000
1 0.150031 0.125143 0.137167 0.001256 0.154981 -0.000593 0.167844 0.123294
1 0.136891 0.132083 0.115243 0.002727 0.133926 -0.000400 0.155573 0.128956
1 0.122523 0.138425 0.099358 0.000000 0.118041 -0.003127 0.141206 0.135298
1 0.110110 0.150103 0.084472 0.000089 0.103142 -0.003102 0.128780 0.146912
1 0.096147 0.149088 0.071190 0.000001 0.085108 -0.002328 0.110064 0.146758
1 0.083815 0.150147 0.058689 0.000000 0.072631 -0.002333 0.097756 0.147814
1 0.070625 0.160923 0.050026 0.006544 0.064014 0.004678 0.084612 0.159056
1 0.064641 0.164242 0.044040 0.009864 0.058051 0.007994 0.078652 0.162373
1 0.051186 0.167417 0.032109 0.024452 0.046120 0.022583 0.065197 0.165548
1 0.041739 0.166794 0.024923 0.040769 0.038909 0.038903 0.055725 0.164928
1 0.036234 0.174605 0.019417 0.048558 0.033405 0.046692 0.050222 0.172739
1 0.029602 0.183886 0.012783 0.057839 0.026792 0.055970 0.043611 0.182017
1 0.023564 0.188397 0.006748 0.062373 0.014850 0.061292 0.031666 0.187316
1 0.240234 0.994531 0.221963 0.959813 0.395791 0.868332 0.414063 0.903050
1 0.228125 0.965569 0.209045 0.932269 0.371875 0.838969 0.390955 0.872268
1 0.207813 0.935872 0.185758 0.897656 0.354081 0.800518 0.376135 0.838733
1 0.182812 0.899925 0.167221 0.869034 0.337533 0.783070 0.353125 0.813961
1 0.181250 0.865539 0.166770 0.834700 0.320632 0.762457 0.335112 0.793296
1 0.170312 0.843658 0.158296 0.818297 0.313858 0.744587 0.325874 0.769948
1 0.162500 0.817088 0.150980 0.791860 0.294730 0.726215 0.306250 0.751442
1 0.153125 0.785828 0.144366 0.762742 0.281250 0.710805 0.290009 0.733891
1 0.156250 0.768634 0.146099 0.741573 0.271099 0.694686 0.281250 0.721747
