0 0.504207 0.998438 0.272236 0.998438 0.272236 0.926322 0.504207 0.926322
0 0.280950 0.854207 0.278856 0.813828 0.485277 0.803125 0.487370 0.843504
0 0.617188 0.276082 0.310697 0.276082 0.310697 0.242428 0.617188 0.242428
0 0.637620 0.306130 0.321514 0.306130 0.321514 0.262861 0.637620 0.262861
0 0.671875 0.330769 0.323317 0.330769 0.323317 0.288702 0.671875 0.288702
0 0.695312 0.370433 0.328726 0.370433 0.328726 0.318750 0.695312 0.318750
0 0.307993 0.896274 0.303283 0.857418 0.503305 0.833173 0.508015 0.872029
0 0.726863 0.392969 0.360276 0.392969 0.360276 0.341286 0.726863 0.341286
0 0.800781 0.708474 0.319137 0.602850 0.387733 0.290052 0.869377 0.395676
0 0.304053 0.253837 0.303486 0.220192 0.588642 0.215385 0.589209 0.249029
0 0.579627 0.234014 0.294471 0.234014 0.294471 0.200361 0.579627 0.200361
0 0.558594 0.218990 0.294471 0.218990 0.294471 0.185337 0.558594 0.185337
0 0.533053 0.199459 0.268874 0.194904 0.269216 0.175099 0.533394 0.179654
