0 0.741820 0.953217 0.668269 0.345437 0.884791 0.319235 0.958341 0.927015
0 0.547926 1.002712 0.474375 0.394933 0.690897 0.368730 0.764447 0.976510
0 0.305937 0.997596 0.091418 0.997596 0.091418 0.480841 0.305937 0.480841
0 0.081827 0.997596 0.000625 0.997596 0.000625 0.512716 0.081827 0.512716
0 0.911514 0.126562 0.729351 0.126562 0.729351 0.000000 0.911514 0.000000
0 0.729351 0.162212 0.529351 0.162212 0.529351 0.000000 0.729351 0.000000
0 0.372909 0.209736 0.222404 0.209736 0.222404 0.000000 0.372909 0.000000
0 0.198654 0.275072 0.060024 0.275072 0.060024 0.000000 0.198654 0.000000
0 0.054087 0.290913 -0.000000 0.290913 0.000000 0.000000 0.054087 0.000000
0 0.512500 0.995313 0.296875 0.995313 0.296875 0.421875 0.512500 0.421875
