0 0.777837 0.947500 0.611514 0.947500 0.611514 0.340216 0.777837 0.340216
0 0.640962 0.297332 0.507260 0.297332 0.507260 0.000000 0.640962 0.000000
0 0.509639 0.327572 0.418125 0.327572 0.418125 0.000000 0.509639 0.000000
0 0.585240 0.855192 0.477019 0.855192 0.477019 0.368077 0.585240 0.368077
0 0.468990 0.820072 0.399712 0.820072 0.399712 0.395192 0.468990 0.395192
0 0.399447 0.765793 0.333437 0.765793 0.333437 0.424615 0.399447 0.424615
0 0.335745 0.736635 0.284303 0.736635 0.284303 0.442260 0.335745 0.442260
0 0.430529 0.354760 0.346875 0.354760 0.346875 0.000000 0.430529 0.000000
0 0.386010 0.381635 0.310793 0.381635 0.310793 0.047356 0.386010 0.047356
0 0.330745 0.395072 0.274327 0.395072 0.274327 0.096490 0.330745 0.096490
0 0.256149 0.402707 0.240421 0.137981 0.285990 0.135274 0.301718 0.400000
0 0.229898 0.421812 0.216177 0.168457 0.260631 0.166049 0.274352 0.419404
0 0.207791 0.426479 0.194096 0.195972 0.228891 0.193905 0.242586 0.424412
0 0.190599 0.436071 0.179912 0.217558 0.205459 0.216309 0.216146 0.434822
0 0.171517 0.438178 0.165512 0.235839 0.189901 0.235115 0.195906 0.437454
0 0.160424 0.445341 0.152486 0.263519 0.178687 0.262375 0.186625 0.444197
0 0.126707 0.469591 0.105649 0.469591 0.105649 0.344038 0.126707 0.344038
0 0.162957 0.453077 0.136298 0.453077 0.136298 0.289663 0.162957 0.289663
0 0.146683 0.466394 0.127500 0.466394 0.127500 0.301394 0.146683 0.301394
0 0.136827 0.476250 0.120577 0.476250 0.120577 0.311538 0.136827 0.311538
0 0.288053 0.717716 0.250481 0.717716 0.250481 0.451442 0.288053 0.451442
0 0.253942 0.703870 0.225962 0.703870 0.225962 0.460240 0.253942 0.460240
0 0.234471 0.686803 0.206490 0.686803 0.206490 0.467163 0.234471 0.467163
0 0.209495 0.679760 0.183822 0.679760 0.183822 0.473798 0.209495 0.473798
0 0.189591 0.670529 0.166514 0.670529 0.166514 0.478702 0.189591 0.478702
0 0.180649 0.662163 0.157572 0.662163 0.157572 0.481587 0.180649 0.481587
0 0.168822 0.652933 0.146034 0.652933 0.146034 0.488221 0.168822 0.488221
0 0.153534 0.649183 0.135072 0.649183 0.135072 0.491923 0.153534 0.491923
0 0.144014 0.646587 0.125264 0.646587 0.125264 0.490529 0.144014 0.490529
0 0.135937 0.637067 0.113437 0.637067 0.113437 0.492837 0.135937 0.492837
0 0.558558 1.000000 0.437091 1.000000 0.437091 0.969399 0.558558 0.969399
0 0.437885 1.000000 0.357861 1.000000 0.357861 0.924615 0.437885 0.924615
0 0.350096 1.000000 0.301923 1.000000 0.301923 0.862596 0.350096 0.862596
0 0.299567 1.000000 0.263678 1.000000 0.263678 0.832668 0.299567 0.832668
0 0.270120 1.000000 0.234952 1.000000 0.234952 0.796058 0.270120 0.796058
0 0.250024 1.000000 0.217019 1.000000 0.217019 0.776611 0.250024 0.776611
0 0.220601 0.989135 0.195481 0.989135 0.195481 0.763678 0.220601 0.763678
0 0.205529 0.961851 0.181130 0.961851 0.181130 0.748678 0.205529 0.748678
0 0.183990 0.929567 0.164615 0.929567 0.164615 0.734327 0.183990 0.734327
0 0.171803 0.901563 0.154567 0.901563 0.154567 0.717091 0.171803 0.717091
0 0.153630 0.884062 0.142019 0.884062 0.142019 0.708293 0.153630 0.708293
0 0.148654 0.865769 0.133702 0.865769 0.133702 0.702500 0.148654 0.702500
0 0.140337 0.847500 0.123726 0.847500 0.123726 0.694591 0.140337 0.694591
0 0.128726 0.827981 0.117091 0.827981 0.117091 0.686707 0.128726 0.686707
