0 0.149327 0.067452 0.073053 0.067452 0.073053 0.030962 0.149327 0.030962
0 0.210986 0.056827 0.147332 0.056827 0.147332 0.020361 0.210986 0.020361
0 0.293222 0.050865 0.209663 0.050865 0.209663 0.012404 0.293222 0.012404
0 0.368174 0.032308 0.284616 0.032308 0.284616 0.000000 0.368174 0.000000
0 0.086323 0.062139 0.019351 0.062139 0.019351 0.025000 0.086323 0.025000
0 0.998437 0.271130 0.839783 0.271130 0.839783 0.191923 0.998437 0.191923
0 0.777148 0.659764 0.608344 0.254239 0.809631 0.170452 0.978434 0.575977
0 0.516157 0.630357 0.463779 0.237802 0.657352 0.211974 0.709731 0.604529
0 0.513870 0.656322 0.285601 0.656322 0.285601 0.258894 0.513870 0.258894
0 0.226609 0.730085 0.030180 0.668151 0.160026 0.256333 0.356455 0.318267
