0 0.664843 0.894444 0.234374 0.894444 0.234374 0.065276 0.664843 0.065276
0 0.999219 0.326389 0.971094 0.326389 0.971094 0.001389 0.999219 0.001389
0 0.976562 0.298611 0.939062 0.298611 0.939062 0.001389 0.976562 0.001389
0 0.946094 0.283333 0.910938 0.283333 0.910938 0.001389 0.946094 0.001389
0 0.918751 0.269444 0.885938 0.269444 0.885938 0.001389 0.918751 0.001389
0 0.891406 0.252776 0.862500 0.252776 0.862500 0.001389 0.891406 0.001389
0 0.865625 0.240276 0.837500 0.240276 0.837500 0.001388 0.865625 0.001388
0 0.844531 0.227776 0.815625 0.227776 0.815625 0.001389 0.844531 0.001389
0 0.821875 0.212500 0.797656 0.212500 0.797656 0.001388 0.821875 0.001388
0 0.803906 0.209724 0.779687 0.209724 0.779687 0.001390 0.803906 0.001390
0 0.784376 0.198611 0.762501 0.198611 0.762501 0.001389 0.784376 0.001389
0 0.768750 0.187499 0.746094 0.187499 0.746094 0.001388 0.768750 0.001388
0 0.749999 0.180556 0.730468 0.180556 0.730468 0.001388 0.749999 0.001388
0 0.737499 0.173611 0.717969 0.173611 0.717969 0.001389 0.737499 0.001389
0 0.723438 0.161111 0.704688 0.161111 0.704688 0.001389 0.723438 0.001389
0 0.712500 0.154167 0.693750 0.154167 0.693750 0.001389 0.712500 0.001389
0 0.698437 0.152776 0.682031 0.152776 0.682031 0.001389 0.698437 0.001389
0 0.635157 0.129167 0.573437 0.129167 0.573437 0.001389 0.635157 0.001389
0 0.685937 0.151387 0.669531 0.151387 0.669531 0.000000 0.685937 0.000000
0 0.674107 0.142553 0.661565 0.142376 0.663573 -0.000177 0.676116 0.000000
0 0.663393 0.142553 0.650851 0.142376 0.652859 -0.000177 0.665402 0.000000
0 0.654464 0.142553 0.641922 0.142376 0.643930 -0.000177 0.656473 0.000000
0 0.646429 0.142553 0.633887 0.142376 0.635895 -0.000177 0.648437 0.000000
