0 0.128529 0.621557 -0.043213 0.566776 0.000346 0.430215 0.172088 0.484995
0 0.352875 0.970063 0.283923 0.970063 0.283923 0.382355 0.352875 0.382355
0 0.420614 0.860395 0.356474 0.860395 0.356474 0.352166 0.420614 0.352166
0 0.254430 0.536211 0.025912 0.485336 0.050181 0.376326 0.278699 0.427201
0 0.548571 0.684220 0.512305 0.684220 0.512305 0.287018 0.548571 0.287018
0 0.469549 0.777694 0.417913 0.777694 0.417913 0.331273 0.469549 0.331273
0 0.512786 0.711533 0.468199 0.711533 0.468199 0.309605 0.512786 0.309605
0 0.582434 0.619789 0.550638 0.619789 0.550638 0.273211 0.582434 0.273211
0 0.585939 0.562056 0.582716 0.263590 0.606506 0.263333 0.609729 0.561799
0 0.606925 0.533899 0.606040 0.254149 0.634680 0.254058 0.635565 0.533808
0 0.650414 0.511777 0.626233 0.511670 0.627445 0.235449 0.651626 0.235555
0 0.663809 0.488507 0.645540 0.487959 0.653295 0.229452 0.671564 0.230000
0 0.676672 0.460431 0.658699 0.459476 0.671429 0.219786 0.689402 0.220741
0 0.696007 0.438090 0.677637 0.437529 0.684673 0.207217 0.703043 0.207778
0 0.713777 0.421614 0.695068 0.421273 0.699025 0.203734 0.717734 0.204074
