0 0.185052 0.582657 -0.018215 0.555575 0.000721 0.413456 0.203987 0.440538
0 0.098363 0.713588 -0.000839 0.713206 0.000000 0.495501 0.099202 0.495883
0 0.450662 0.728595 0.409422 0.728595 0.409422 0.252748 0.450662 0.252748
0 0.337649 0.924127 0.280077 0.924127 0.280077 0.325632 0.337649 0.325632
0 0.488446 0.672913 0.449828 0.672913 0.449828 0.242429 0.488446 0.242429
0 0.412559 0.785493 0.368309 0.785493 0.368309 0.281727 0.412559 0.281727
0 0.518165 0.632771 0.486223 0.632771 0.486223 0.226571 0.518165 0.226571
0 0.543205 0.595139 0.515777 0.595139 0.515777 0.213905 0.543205 0.213905
0 0.375422 0.856949 0.329546 0.856949 0.329546 0.305063 0.375422 0.305063
0 0.278329 0.492386 0.005087 0.456861 0.019727 0.344255 0.292970 0.379780
0 0.565713 0.553284 0.540867 0.553284 0.540867 0.199699 0.565713 0.199699
0 0.585162 0.533667 0.562180 0.533667 0.562180 0.200358 0.585162 0.200358
0 0.598801 0.512784 0.581415 0.512331 0.589750 0.191907 0.607135 0.192359
0 0.619059 0.493466 0.601921 0.493118 0.608256 0.181503 0.625394 0.181852
0 0.641404 0.465122 0.625551 0.465023 0.627379 0.172494 0.643232 0.172593
0 0.663433 0.419387 0.649354 0.418776 0.660632 0.159018 0.674712 0.159630
0 0.653140 0.436985 0.640678 0.436860 0.643362 0.170615 0.655824 0.170741
