0 0.178554 0.554659 -0.026305 0.517632 0.000807 0.367628 0.205666 0.404655
0 0.458448 0.696599 0.420714 0.696599 0.420714 0.238143 0.458448 0.238143
0 0.104092 0.671302 0.000085 0.671302 0.000085 0.461740 0.104092 0.461740
0 0.423288 0.749829 0.385478 0.749829 0.385478 0.257574 0.423288 0.257574
0 0.389553 0.808182 0.342083 0.808182 0.342083 0.276013 0.389553 0.276013
0 0.347280 0.873761 0.288950 0.873761 0.288950 0.305063 0.347280 0.305063
0 0.244533 0.464065 -0.000000 0.375017 0.038363 0.269668 0.282896 0.358716
0 0.518123 0.603183 0.490391 0.603183 0.490391 0.202097 0.518123 0.202097
0 0.490912 0.648540 0.456446 0.648540 0.456446 0.223099 0.490912 0.223099
0 0.542216 0.566694 0.516878 0.566694 0.516878 0.194552 0.542216 0.194552
0 0.557918 0.544515 0.541448 0.544308 0.545965 0.185348 0.562434 0.185556
0 0.576586 0.507366 0.563274 0.507260 0.565911 0.176190 0.579223 0.176296
0 0.588905 0.485326 0.572151 0.484892 0.580308 0.170306 0.597062 0.170741
0 0.602849 0.469306 0.586636 0.468616 0.599736 0.160791 0.615950 0.161481
0 0.618923 0.439628 0.601049 0.439092 0.609618 0.153538 0.627492 0.154074
0 0.632520 0.417311 0.618550 0.416758 0.629262 0.146114 0.643232 0.146667
0 0.645075 0.398087 0.632109 0.397597 0.641809 0.140622 0.654774 0.141111
0 0.673732 0.375908 0.661251 0.375358 0.671674 0.138710 0.684155 0.139259
0 0.685243 0.365537 0.671452 0.364673 0.686105 0.130987 0.699895 0.131852
