0 0.980188 0.290242 0.946476 0.290242 0.946476 0.002189 0.980188 0.002189
0 0.951786 0.272311 0.918504 0.272311 0.918504 0.003167 0.951786 0.003167
0 0.896792 0.243686 0.869170 0.243686 0.869170 0.005410 0.896792 0.005410
0 0.999219 0.309854 0.976716 0.309854 0.976716 0.008417 0.999219 0.008417
0 0.921793 0.256524 0.891837 0.256524 0.891837 0.005842 0.921793 0.005842
0 0.873180 0.230661 0.846144 0.230661 0.846144 0.005138 0.873180 0.005138
0 0.831213 0.211065 0.807573 0.211065 0.807573 0.003625 0.831213 0.003625
0 0.811757 0.200932 0.790741 0.200932 0.790741 0.000190 0.811757 0.000190
0 0.851200 0.219085 0.826940 0.219085 0.826940 0.005201 0.851200 0.005201
0 0.777722 0.181451 0.757304 0.181451 0.757304 0.000843 0.777722 0.000843
0 0.794391 0.189157 0.773035 0.189157 0.773035 0.000454 0.794391 0.000454
0 0.761651 0.180608 0.741233 0.180608 0.741233 0.000000 0.761651 0.000000
0 0.742854 0.163385 0.731250 0.163193 0.733932 0.001048 0.745536 0.001240
0 0.731247 0.162145 0.719643 0.161953 0.722325 -0.000192 0.733929 0.000000
0 0.718750 0.142623 0.707143 0.142550 0.708036 -0.000073 0.719643 0.000000
0 0.708035 0.142623 0.696429 0.142550 0.697322 -0.000073 0.708929 0.000000
0 0.698214 0.142623 0.686607 0.142550 0.687500 -0.000073 0.699107 0.000000
0 0.689286 0.125085 0.676786 0.125085 0.676786 0.000000 0.689286 0.000000
0 0.682143 0.125085 0.669643 0.125085 0.669643 0.000000 0.682143 0.000000
0 0.674107 0.125085 0.661607 0.125085 0.661607 0.000000 0.674107 0.000000
0 0.244616 0.920328 0.233009 0.054991 0.689286 0.048871 0.700893 0.914208
0 0.598907 0.138973 0.596205 -0.000000 0.657120 -0.001184 0.659822 0.137789
