0 0.918153 0.404630 0.871983 0.404630 0.871983 0.155556 0.918153 0.155556
0 0.871459 0.405555 0.825289 0.405555 0.825289 0.156482 0.871459 0.156482
0 0.793284 0.407407 0.749213 0.407407 0.749213 0.167593 0.793284 0.167593
0 0.752885 0.401851 0.715634 0.401851 0.715634 0.167592 0.752885 0.167592
0 0.713011 0.409259 0.675760 0.409259 0.675760 0.175001 0.713011 0.175001
0 0.676811 0.413888 0.639559 0.413888 0.639559 0.179629 0.676811 0.179629
0 0.644805 0.418519 0.607554 0.418519 0.607554 0.184260 0.644805 0.184260
0 0.609654 0.425926 0.572402 0.425926 0.572402 0.191666 0.609654 0.191666
0 0.579748 0.426851 0.546694 0.426851 0.546694 0.194445 0.579748 0.194445
0 0.547744 0.434259 0.514690 0.434259 0.514690 0.201852 0.547744 0.201852
0 0.516790 0.452777 0.484260 0.452777 0.484260 0.210184 0.516790 0.210184
0 0.773977 0.907344 0.515576 0.771253 0.704454 0.412627 0.962854 0.548719
0 0.491081 0.772489 0.372227 0.650483 0.647568 0.382255 0.766422 0.504261
0 0.333263 0.668755 0.262814 0.571652 0.543402 0.368083 0.613851 0.465185
0 0.226653 0.587248 0.176597 0.494042 0.455296 0.344368 0.505352 0.437574
0 0.153620 0.523526 0.127010 0.451128 0.393117 0.353320 0.419727 0.425718
0 0.466117 0.410990 0.465058 0.215286 0.481627 0.215196 0.482686 0.410900
