0 0.436488 0.559126 0.377562 0.500201 0.414022 0.463741 0.472948 0.522666
0 0.544518 0.455025 0.463986 0.374493 0.496027 0.342452 0.576559 0.422984
0 0.709632 0.211343 0.654635 0.156346 0.696619 0.114361 0.751616 0.169358
0 0.605530 0.390084 0.524999 0.309552 0.562564 0.271987 0.643095 0.352519
0 0.641417 0.351576 0.564991 0.274995 0.573171 0.266832 0.649597 0.343414
0 0.645672 0.345224 0.569248 0.268645 0.577427 0.260482 0.653851 0.337061
0 0.651696 0.337106 0.575270 0.260525 0.583450 0.252362 0.659875 0.328943
0 0.656539 0.330165 0.580116 0.253585 0.588296 0.245422 0.664719 0.322003
0 0.661974 0.322636 0.585549 0.246055 0.593728 0.237892 0.670154 0.314473
0 0.664724 0.313601 0.588299 0.237019 0.596479 0.228856 0.672903 0.305439
0 0.671206 0.307119 0.594780 0.230538 0.602960 0.222375 0.679386 0.298956
0 0.677098 0.301227 0.600674 0.224644 0.608853 0.216482 0.685278 0.293064
0 0.681813 0.296513 0.605387 0.219931 0.613566 0.211768 0.689992 0.288350
0 0.686526 0.291799 0.610100 0.215218 0.618281 0.207054 0.694707 0.283635
0 0.693008 0.285317 0.616583 0.208734 0.624763 0.200572 0.701188 0.277154
0 0.694578 0.277458 0.618152 0.200877 0.626332 0.192714 0.702757 0.269295
0 0.697785 0.270059 0.621360 0.193478 0.629539 0.185315 0.705965 0.261896
