0 0.998611 0.725824 0.072033 0.725824 0.072033 0.186297 0.998611 0.186297
0 0.266544 0.060519 0.004058 0.060519 0.004058 0.029460 0.266544 0.029460
0 0.253931 0.084878 0.004322 0.084878 0.004322 0.055398 0.253931 0.055398
0 0.239178 0.108006 0.003522 0.108006 0.003522 0.079848 0.239178 0.079848
0 0.283619 0.033333 0.006983 0.033333 0.006983 -0.000781 0.283619 -0.000781
0 0.216910 0.152690 0.002468 0.152690 0.002468 0.126852 0.216910 0.126852
0 0.225544 0.130055 0.001347 0.130055 0.001347 0.104170 0.225544 0.104170
0 0.209329 0.169958 0.000844 0.169958 0.000844 0.148540 0.209329 0.148540
0 0.185465 0.202758 0.000796 0.202758 0.000796 0.181955 0.185465 0.181955
0 0.198144 0.188137 0.001388 0.188137 0.001388 0.165706 0.198144 0.165706
0 0.174674 0.219358 0.001581 0.219358 0.001581 0.198890 0.174674 0.198890
0 0.131183 0.365265 0.003754 0.365265 0.003754 0.299797 0.131183 0.299797
0 0.164782 0.232750 -0.000000 0.232750 0.000000 0.216295 0.164782 0.216295
0 0.158393 0.244754 -0.000000 0.244358 0.000041 0.227895 0.158434 0.228291
0 0.158393 0.258145 0.000000 0.257750 0.000041 0.241288 0.158434 0.241683
0 0.139337 0.269747 -0.000000 0.269358 0.000046 0.252894 0.139383 0.253282
0 0.139337 0.278675 -0.000000 0.278286 0.000046 0.261823 0.139383 0.262211
0 0.126729 0.290780 -0.000293 0.288102 0.000044 0.272098 0.127067 0.274777
