0 0.783594 0.759724 0.709375 0.759724 0.709375 0.508333 0.783594 0.508333
0 0.714063 0.776389 0.642969 0.776389 0.642969 0.501389 0.714063 0.501389
0 0.975781 0.915278 0.808595 0.915278 0.808595 0.558333 0.975781 0.558333
0 0.567968 0.838890 0.489843 0.838890 0.489843 0.534724 0.567968 0.534724
0 0.854688 0.545833 0.786718 0.545833 0.786718 0.501389 0.854688 0.501389
0 0.923438 0.541667 0.858594 0.541667 0.858594 0.487500 0.923438 0.487500
0 0.984375 0.538889 0.939844 0.538889 0.939844 0.484724 0.984375 0.484724
0 0.466979 0.803342 0.464286 0.506349 0.494628 0.506073 0.497321 0.803067
0 0.085684 0.668645 0.083005 0.526730 0.111607 0.526190 0.114286 0.668106
0 0.291964 0.745907 0.272534 0.745838 0.273438 0.490476 0.292867 0.490545
0 0.276786 0.747495 0.258880 0.747305 0.261584 0.492452 0.279490 0.492642
0 0.258929 0.739556 0.242857 0.739556 0.242857 0.490476 0.258929 0.490476
0 0.230357 0.741143 0.227663 0.490419 0.241071 0.490275 0.243766 0.740999
0 0.372321 0.757021 0.366895 0.496491 0.436607 0.495039 0.442033 0.755569
