0 0.180797 0.640627 -0.017314 0.618795 -0.000000 0.461681 0.198111 0.483514
0 0.029539 0.779552 -0.059443 0.751395 -0.000000 0.563538 0.088982 0.591694
0 0.267728 0.535934 -0.005094 0.524079 0.000000 0.406850 0.272823 0.418706
0 0.456454 0.682407 0.418679 0.682407 0.418679 0.273148 0.456454 0.273148
0 0.378803 0.812963 0.325289 0.812963 0.325289 0.328703 0.378803 0.328703
0 0.421301 0.752778 0.373032 0.752778 0.373032 0.305556 0.421301 0.305556
0 0.488457 0.646297 0.453305 0.646297 0.453305 0.256481 0.488457 0.256481
0 0.517314 0.617592 0.485310 0.617592 0.485310 0.228704 0.517314 0.228704
0 0.567681 0.520370 0.541973 0.520370 0.541973 0.205555 0.567681 0.205555
0 0.543546 0.578704 0.515740 0.578704 0.515740 0.216667 0.543546 0.216667
0 0.590242 0.504630 0.566632 0.504630 0.566632 0.201852 0.590242 0.201852
0 0.320053 0.464772 0.086217 0.447715 0.092713 0.358673 0.326548 0.375730
0 0.611123 0.466127 0.590976 0.466127 0.590976 0.187407 0.611123 0.187407
0 0.612686 0.432055 0.611018 0.183836 0.630640 0.183704 0.632307 0.431923
0 0.632109 0.408332 0.630215 0.174575 0.646380 0.174444 0.648274 0.408201
0 0.660402 0.381858 0.644627 0.381656 0.647394 0.164984 0.663169 0.165185
0 0.671163 0.364072 0.658005 0.363779 0.662603 0.157485 0.675761 0.157778
