1 0.156710 0.669220 0.106615 0.662803 0.142737 0.380828 0.192832 0.387245
1 0.083798 0.999471 0.016130 0.999471 0.016130 0.845913 0.083798 0.845913
1 0.146514 1.000000 0.075553 1.000000 0.075553 0.837764 0.146514 0.837764
1 0.196010 1.000000 0.123389 1.000000 0.123389 0.832812 0.196010 0.832812
1 0.276875 1.000000 0.189399 1.000000 0.189399 0.831154 0.276875 0.831154
1 0.402284 1.000000 0.278510 1.000000 0.278510 0.791563 0.402284 0.791563
1 0.577188 0.999471 0.417139 0.999471 0.417139 0.743702 0.577188 0.743702
1 0.806562 1.000000 0.593702 1.000000 0.593702 0.789904 0.806562 0.789904
1 1.000000 1.000000 0.809880 1.000000 0.809880 0.766803 1.000000 0.766803
1 0.030395 0.714480 -0.001412 0.710406 0.029028 0.472779 0.060835 0.476854
1 0.062900 0.695922 0.032475 0.692025 0.063926 0.446506 0.094351 0.450403
1 0.114016 0.679925 0.063920 0.673508 0.097546 0.411013 0.147642 0.417430
1 0.207563 0.645847 0.157467 0.639430 0.197605 0.326100 0.247701 0.332517
1 0.276962 0.622969 0.218177 0.618342 0.244793 0.280156 0.303578 0.284783
1 0.358346 0.603351 0.276819 0.596935 0.305019 0.238620 0.386546 0.245036
1 0.458872 0.565947 0.355466 0.557809 0.387114 0.155687 0.490520 0.163825
1 0.591755 0.503630 0.478365 0.503630 0.478365 0.067019 0.591755 0.067019
1 0.753341 0.477284 0.588317 0.477284 0.588317 0.000000 0.753341 0.000000
1 0.993990 0.410817 0.768245 0.410817 0.768245 0.000000 0.993990 0.000000
