0 0.236482 0.729513 0.159946 0.729513 0.159946 0.322638 0.236482 0.322638
0 0.318998 0.716176 0.246341 0.716176 0.246341 0.308857 0.318998 0.308857
0 0.161617 0.753224 0.086455 0.753224 0.086455 0.333006 0.161617 0.333006
0 0.684956 0.689501 0.611800 0.689501 0.611800 0.296865 0.684956 0.296865
0 0.891914 0.731284 0.804485 0.731284 0.804485 0.304579 0.891914 0.304579
0 0.972301 0.759152 0.875519 0.759152 0.875519 0.308997 0.972301 0.308997
0 0.499897 0.689501 0.429217 0.689501 0.429217 0.298696 0.499897 0.298696
0 0.746836 0.697170 0.673398 0.697170 0.673398 0.299040 0.746836 0.299040
0 0.814860 0.715824 0.737845 0.715824 0.737845 0.302910 0.814860 0.302910
0 0.071270 0.786434 0.000410 0.786434 0.000410 0.340342 0.071270 0.340342
0 0.566168 0.686537 0.492359 0.686537 0.492359 0.295294 0.566168 0.295294
0 0.999475 0.764674 0.948140 0.764674 0.948140 0.319932 0.999475 0.319932
0 0.371878 0.707284 0.302209 0.706018 0.309540 0.302736 0.379209 0.304003
0 0.442547 0.699875 0.370713 0.699875 0.370713 0.301219 0.442547 0.301219
0 0.619314 0.692465 0.552636 0.692465 0.552636 0.295185 0.619314 0.295185
0 0.566021 0.362280 0.529911 0.362280 0.529911 0.229465 0.566021 0.229465
0 0.043869 0.344318 0.040923 0.255926 0.128311 0.253014 0.131256 0.341406
