0 0.976390 0.395371 0.923924 0.395371 0.923924 0.126851 0.976390 0.126851
0 0.927072 0.400000 0.874606 0.400000 0.874606 0.131482 0.927072 0.131482
0 0.812697 0.400000 0.760231 0.400000 0.760231 0.131482 0.812697 0.131482
0 0.762854 0.398149 0.718258 0.398149 0.718258 0.155555 0.762854 0.155555
0 0.724554 0.400000 0.679958 0.400000 0.679958 0.157407 0.724554 0.157407
0 0.688353 0.396296 0.651627 0.396296 0.651627 0.164816 0.688353 0.164816
0 0.653725 0.405556 0.616999 0.405556 0.616999 0.174074 0.653725 0.174074
0 0.622245 0.413889 0.585519 0.413889 0.585519 0.182408 0.622245 0.182408
0 0.589192 0.421297 0.552466 0.421297 0.552466 0.189815 0.589192 0.189815
0 0.557188 0.425926 0.526758 0.425926 0.526758 0.195370 0.557188 0.195370
0 0.525709 0.442592 0.499476 0.442592 0.499476 0.199999 0.525709 0.199999
0 0.492655 0.444445 0.466422 0.444445 0.466422 0.201851 0.492655 0.201851
0 0.761385 0.858441 0.552806 0.709857 0.773582 0.399935 0.982162 0.548519
0 0.498636 0.744332 0.388517 0.614889 0.689881 0.358516 0.800000 0.487959
0 0.366002 0.625779 0.304227 0.529077 0.584605 0.349965 0.646380 0.446667
0 0.250157 0.562056 0.205075 0.475865 0.499723 0.321746 0.544806 0.407936
0 0.188038 0.495369 0.163377 0.426187 0.425287 0.332826 0.449948 0.402008
0 0.348785 0.326984 0.346687 0.249073 0.367261 0.248519 0.369360 0.326430
0 0.375020 0.356732 0.371033 0.234367 0.391396 0.233704 0.395383 0.356069
