1 0.684038 0.713245 0.516731 0.713245 0.516731 0.217067 0.684038 0.217067
1 0.523606 0.637620 0.380361 0.637620 0.380361 0.157476 0.523606 0.157476
1 0.361563 0.674038 0.218990 0.674038 0.218990 0.190865 0.361563 0.190865
1 0.195216 0.676010 0.082356 0.676010 0.082356 0.214639 0.195216 0.214639
1 0.066514 0.666130 -0.000000 0.666130 0.000000 0.202764 0.066514 0.202764
1 0.658606 1.000000 0.527909 1.000000 0.527909 0.780962 0.658606 0.780962
1 0.476418 1.000000 0.337813 1.000000 0.337813 0.782957 0.476418 0.782957
1 0.343750 1.000000 0.218990 1.000000 0.218990 0.765120 0.343750 0.765120
1 0.181370 1.000000 0.070481 1.000000 0.070481 0.757212 0.181370 0.757212
1 0.076418 1.000000 -0.000000 1.000000 0.000000 0.701755 0.076418 0.701755
1 0.974351 0.086827 0.805216 0.086827 0.805216 0.000000 0.974351 0.000000
1 0.790072 0.090962 0.622308 0.090962 0.622308 0.000000 0.790072 0.000000
1 0.604447 0.085457 0.454543 0.085457 0.454543 0.000000 0.604447 0.000000
1 0.449038 0.075841 0.314279 0.075841 0.314279 0.000000 0.449038 0.000000
1 0.290913 0.099207 0.158894 0.099207 0.158894 0.000000 0.290913 0.000000
1 0.145144 0.103341 0.032380 0.103341 0.032380 0.000000 0.145144 0.000000
