0 0.229733 0.641990 -0.028819 0.590123 0.000000 0.446466 0.258552 0.498333
0 0.104242 0.780502 -0.052662 0.736331 0.000074 0.549005 0.156978 0.593176
0 0.320351 0.555857 0.067654 0.509913 0.088961 0.392723 0.341658 0.438667
0 0.487047 0.748897 0.440101 0.748897 0.440101 0.323961 0.487047 0.323961
0 0.564034 0.632339 0.531978 0.632339 0.531978 0.285796 0.564034 0.285796
0 0.527675 0.674862 0.490625 0.674862 0.490625 0.306808 0.527675 0.306808
0 0.444229 0.814178 0.392673 0.814178 0.392673 0.352134 0.444229 0.352134
0 0.394007 0.888686 0.332983 0.888686 0.332983 0.377948 0.394007 0.377948
0 0.563302 0.592029 0.562146 0.270840 0.589717 0.270741 0.590872 0.591929
0 0.592445 0.557936 0.588894 0.259914 0.612802 0.259630 0.616352 0.557651
0 0.615597 0.523854 0.614167 0.239384 0.639035 0.239259 0.640464 0.523729
0 0.652890 0.494754 0.630889 0.494079 0.639069 0.227473 0.661070 0.228148
0 0.676810 0.469294 0.655404 0.469020 0.658552 0.222320 0.679958 0.222593
0 0.696514 0.434961 0.673033 0.434936 0.673266 0.213309 0.696747 0.213333
0 0.707772 0.422002 0.688982 0.421599 0.693697 0.201819 0.712487 0.202222
