0 0.900664 0.693199 0.847319 0.688051 0.878964 0.360132 0.932309 0.365280
0 0.354953 0.676164 0.285541 0.676164 0.285541 0.343565 0.354953 0.343565
0 0.541103 0.653935 0.483826 0.653935 0.483826 0.344438 0.541103 0.344438
0 0.132804 0.711730 0.059977 0.711730 0.059977 0.343466 0.132804 0.343466
0 0.302873 0.689501 0.233571 0.689501 0.233571 0.341280 0.302873 0.341280
0 0.191693 0.705803 0.122406 0.705803 0.122406 0.345521 0.191693 0.345521
0 0.748584 0.653935 0.695234 0.650655 0.714166 0.342732 0.767515 0.346011
0 0.449827 0.662827 0.386378 0.662827 0.386378 0.343767 0.449827 0.343767
0 0.401757 0.673200 0.338462 0.673200 0.338462 0.343776 0.401757 0.343776
0 0.845989 0.679838 0.793529 0.675507 0.820445 0.349492 0.872905 0.353823
0 0.069504 0.720621 0.000271 0.720621 0.000271 0.346806 0.069504 0.346806
0 0.956304 0.704506 0.895545 0.697891 0.932406 0.359344 0.993165 0.365959
0 0.629136 0.646526 0.568970 0.646526 0.568970 0.346917 0.629136 0.346917
0 0.674247 0.645043 0.613633 0.645043 0.613633 0.346244 0.674247 0.346244
0 0.794124 0.664307 0.739506 0.659381 0.767261 0.351620 0.821879 0.356546
0 0.721243 0.649489 0.661846 0.649489 0.661846 0.347435 0.721243 0.347435
0 0.497972 0.656899 0.436577 0.656899 0.436577 0.344595 0.497972 0.344595
0 0.583140 0.650971 0.526477 0.650971 0.526477 0.346230 0.583140 0.346230
0 0.250738 0.693947 0.181283 0.693947 0.181283 0.345568 0.250738 0.345568
0 0.999475 0.717878 0.972075 0.717878 0.972075 0.365010 0.999475 0.365010
