0 0.571917 1.049933 0.417797 0.975221 0.492406 0.821313 0.646526 0.896024
0 0.894700 0.651924 0.320691 0.651924 0.320691 0.591368 0.894700 0.591368
0 0.507676 1.016219 0.370971 0.998228 0.404972 0.739886 0.541676 0.757877
0 0.811214 0.590217 0.299913 0.590217 0.299913 0.535518 0.811214 0.535518
0 0.742072 0.535662 0.283948 0.535662 0.283948 0.492014 0.742072 0.492014
0 0.574263 0.998561 0.574223 0.955648 0.707244 0.955525 0.707284 0.998438
0 0.694129 0.493681 0.267341 0.493681 0.267341 0.455405 0.694129 0.455405
0 0.641919 0.455783 0.243827 0.455783 0.243827 0.423925 0.641919 0.423925
0 0.602240 0.424210 0.233790 0.424210 0.233790 0.392328 0.602240 0.392328
0 0.396303 0.898049 0.283677 0.859434 0.354670 0.652372 0.467296 0.690987
0 0.400518 0.256586 0.149939 0.247588 0.150370 0.235583 0.400949 0.244581
0 0.372050 0.248010 0.147569 0.233911 0.148519 0.218794 0.373000 0.232893
