1 0.334211 0.339377 0.308011 0.122878 0.915789 0.049327 0.941989 0.265825
1 0.000985 0.997352 0.000922 0.996830 0.002385 0.996651 0.002448 0.997173
1 0.430500 0.709195 0.408670 0.528805 0.987072 0.458809 1.008902 0.639200
1 0.997597 0.880817 0.474880 0.880817 0.474880 0.691034 0.997597 0.691034
1 0.997597 0.998438 0.509544 0.998438 0.509544 0.894014 0.997597 0.894014
1 0.133294 0.271898 -0.000000 0.271898 0.000000 0.088727 0.133294 0.088727
1 0.163005 0.464977 -0.000000 0.464977 0.000000 0.278509 0.163005 0.278509
1 0.212500 0.775192 -0.000000 0.775192 0.000000 0.626683 0.212500 0.626683
1 0.280169 0.927019 -0.000000 0.927019 0.000000 0.788414 0.280169 0.788414
1 0.295023 0.993028 -0.000000 0.993028 0.000000 0.945169 0.295023 0.945169
1 0.998438 0.517187 0.385938 0.517187 0.385938 0.279687 0.998438 0.279687
