0 0.482203 1.068413 0.244281 0.817598 0.595942 0.484014 0.833864 0.734828
0 0.671719 0.430401 0.634219 0.430401 0.634219 0.170729 0.671719 0.170729
0 0.605186 0.448070 0.561140 0.448070 0.561140 0.180594 0.605186 0.180594
0 0.182581 0.848730 0.045774 0.653554 0.445355 0.373471 0.582162 0.568646
0 0.638435 0.438574 0.600347 0.438574 0.600347 0.177394 0.638435 0.177394
0 0.479819 0.505527 0.447337 0.505527 0.447337 0.197392 0.479819 0.197392
0 0.705813 0.426521 0.665451 0.426521 0.665451 0.170447 0.705813 0.170447
0 0.451191 0.507377 0.415777 0.507377 0.415777 0.204975 0.451191 0.204975
0 0.418674 0.485379 0.387974 0.485379 0.387974 0.214804 0.418674 0.214804
0 0.065058 0.635330 0.020988 0.520691 0.418050 0.368053 0.462120 0.482693
0 0.024764 0.524186 0.006457 0.439981 0.347276 0.365885 0.365582 0.450090
0 0.028961 0.433789 0.021814 0.377106 0.303871 0.341541 0.311018 0.398223
0 0.363879 0.456046 0.361964 0.229498 0.387408 0.229283 0.389324 0.455831
0 0.341238 0.479729 0.334825 0.239693 0.356715 0.239108 0.363128 0.479144
0 0.318722 0.377028 0.310957 0.245849 0.328437 0.244815 0.336201 0.375994
0 0.299414 0.390366 0.291650 0.259187 0.309129 0.258152 0.316894 0.389331
