0 0.049787 0.736944 0.000377 0.736944 0.000377 0.350824 0.049787 0.350824
0 0.170073 0.720621 0.102843 0.720621 0.102843 0.349365 0.170073 0.349365
0 0.920295 0.670236 0.849695 0.670236 0.849695 0.344446 0.920295 0.344446
0 0.113542 0.729513 0.039892 0.729513 0.039892 0.351871 0.113542 0.351871
0 0.667098 0.643562 0.606592 0.643562 0.606592 0.338075 0.667098 0.338075
0 0.620271 0.646526 0.560863 0.646526 0.560863 0.338482 0.620271 0.338482
0 0.229569 0.710248 0.159966 0.710248 0.159966 0.348181 0.229569 0.348181
0 0.980245 0.688462 0.904985 0.688462 0.904985 0.344859 0.980245 0.344859
0 0.533474 0.652453 0.472744 0.652453 0.472744 0.333236 0.533474 0.333236
0 0.810329 0.655417 0.746695 0.655417 0.746695 0.337894 0.810329 0.337894
0 0.760127 0.646526 0.697521 0.646526 0.697521 0.340811 0.760127 0.340811
0 0.342144 0.686537 0.278566 0.686537 0.278566 0.342880 0.342144 0.342880
0 0.575648 0.648007 0.516662 0.648007 0.516662 0.337786 0.575648 0.337786
0 0.285344 0.701356 0.221670 0.701356 0.221670 0.346262 0.285344 0.346262
0 0.711376 0.645043 0.650439 0.645043 0.650439 0.339843 0.711376 0.339843
0 0.864708 0.659863 0.797310 0.659863 0.797310 0.340519 0.864708 0.340519
0 0.484758 0.656899 0.421034 0.656899 0.421034 0.332148 0.484758 0.332148
0 0.999475 0.703128 0.965020 0.703128 0.965020 0.344454 0.999475 0.344454
0 0.389496 0.673200 0.328842 0.673200 0.328842 0.340150 0.389496 0.340150
0 0.438075 0.664308 0.373015 0.664308 0.373015 0.340392 0.438075 0.340392
