0 0.284379 1.031309 0.189603 0.895604 0.307732 0.813103 0.402509 0.948808
0 0.224500 0.948603 0.136778 0.842780 0.313334 0.696426 0.401055 0.802249
0 0.601783 0.576573 0.349044 0.323834 0.367824 0.305055 0.620562 0.557794
0 0.600253 0.539384 0.363225 0.302356 0.381026 0.284555 0.618054 0.521583
0 0.673880 0.946625 0.278971 0.551717 0.317066 0.513622 0.711974 0.908530
0 0.642313 0.784973 0.316891 0.459551 0.345805 0.430637 0.671226 0.756059
0 0.652909 0.859025 0.297285 0.503400 0.329943 0.470741 0.685568 0.826366
0 0.608872 0.623373 0.337906 0.352407 0.358760 0.331553 0.629726 0.602519
0 0.629924 0.719562 0.319879 0.409517 0.343164 0.386232 0.653209 0.696277
0 0.163793 0.818747 0.104086 0.718548 0.323454 0.587829 0.383161 0.688029
0 0.618789 0.666277 0.334402 0.381889 0.354184 0.362107 0.638571 0.646495
0 0.598581 0.503338 0.381918 0.281735 0.395675 0.268285 0.612337 0.489888
0 0.597762 0.479025 0.389858 0.260968 0.401853 0.249532 0.609756 0.467589
0 0.597047 0.452527 0.394379 0.246728 0.405405 0.235870 0.608073 0.441669
0 0.588281 0.421464 0.402895 0.230273 0.411122 0.222296 0.596508 0.413487
0 0.581849 0.400527 0.405209 0.214629 0.414962 0.205361 0.591602 0.391259
0 0.585468 0.384473 0.409047 0.200435 0.417886 0.191962 0.594307 0.376000
0 0.577913 0.364690 0.416095 0.195940 0.426616 0.185851 0.588434 0.354601
