1 0.742492 0.960141 0.668942 0.352360 0.885464 0.326158 0.959014 0.933938
1 0.001295 0.002438 0.001117 0.000976 0.001637 0.000912 0.001816 0.002374
1 0.000923 0.002496 0.000745 0.001033 0.001161 0.000983 0.001339 0.002445
1 0.314880 0.997597 0.118847 0.997597 0.118847 0.478847 0.314880 0.478847
1 0.106972 0.997597 -0.000000 0.997597 0.000000 0.512500 0.106972 0.512500
1 0.914014 0.135697 0.725625 0.135697 0.725625 0.000937 0.914014 0.000937
1 0.738005 0.170072 0.519352 0.170072 0.519352 0.000000 0.738005 0.000000
1 0.387548 0.203197 0.209352 0.203197 0.209352 0.000000 0.387548 0.000000
1 0.209352 0.282403 0.068750 0.282403 0.068750 0.000000 0.209352 0.000000
1 0.072716 0.316081 -0.000000 0.316081 0.000000 0.000000 0.072716 0.000000
1 0.507812 0.998437 0.317187 0.998437 0.317187 0.428125 0.507812 0.428125
1 0.737500 0.996875 0.517187 0.996875 0.517187 0.393750 0.737500 0.393750
