0 0.180717 0.696911 0.102448 0.696911 0.102448 0.314934 0.180717 0.314934
0 0.879948 0.662081 0.808549 0.662081 0.808549 0.310085 0.879948 0.310085
0 0.119796 0.701356 0.036938 0.701356 0.036938 0.319037 0.119796 0.319037
0 0.293428 0.682457 0.223242 0.682457 0.223242 0.312708 0.293428 0.312708
0 0.941479 0.667179 0.869390 0.667179 0.869390 0.314021 0.941479 0.314021
0 0.766889 0.654861 0.704020 0.654861 0.704020 0.304769 0.766889 0.304769
0 0.349197 0.682457 0.281504 0.682457 0.281504 0.311691 0.349197 0.311691
0 0.447429 0.670971 0.385743 0.668859 0.398115 0.307602 0.459801 0.309715
0 0.052675 0.711696 0.000535 0.711696 0.000535 0.322086 0.052675 0.322086
0 0.239651 0.688019 0.164567 0.688019 0.164567 0.314927 0.239651 0.314927
0 0.820835 0.660486 0.757207 0.660486 0.757207 0.305880 0.820835 0.305880
0 0.405410 0.673935 0.339494 0.673935 0.339494 0.309995 0.405410 0.309995
0 0.518215 0.665044 0.455907 0.665044 0.455907 0.305432 0.518215 0.305432
0 0.714762 0.654670 0.641020 0.654670 0.641020 0.304007 0.714762 0.304007
0 0.568152 0.660598 0.506022 0.660598 0.506022 0.313328 0.568152 0.313328
0 0.617640 0.654670 0.553644 0.654670 0.553644 0.313804 0.617640 0.313804
0 0.999189 0.679813 0.926875 0.679813 0.926875 0.317114 0.999189 0.317114
