0 0.159236 0.812605 -0.043912 0.769629 0.000000 0.562056 0.203148 0.605031
0 0.276485 0.645286 -0.019843 0.605274 0.000000 0.458321 0.296327 0.498333
0 0.534398 0.750304 0.490412 0.750304 0.490412 0.281062 0.534398 0.281062
0 0.358623 0.513906 0.094858 0.457220 0.118187 0.348667 0.381952 0.405353
0 0.654683 0.578268 0.626913 0.578268 0.626913 0.202018 0.654683 0.202018
0 0.597107 0.650911 0.566665 0.650911 0.566665 0.239663 0.597107 0.239663
0 0.627559 0.612070 0.595947 0.612070 0.595947 0.216335 0.627559 0.216335
0 0.679149 0.541435 0.653237 0.541435 0.653237 0.185751 0.679149 0.185751
0 0.446226 0.870343 0.389066 0.870343 0.389066 0.342323 0.446226 0.342323
0 0.491059 0.817641 0.438921 0.817641 0.438921 0.319387 0.491059 0.319387
0 0.568597 0.696824 0.531113 0.696824 0.531113 0.256232 0.568597 0.256232
0 0.698476 0.510784 0.677667 0.510563 0.681184 0.179779 0.701994 0.180000
0 0.714232 0.484176 0.697317 0.483815 0.703967 0.172232 0.720881 0.172593
0 0.728526 0.466391 0.714585 0.466114 0.720582 0.164908 0.734523 0.165185
0 0.742493 0.448646 0.728148 0.448268 0.735917 0.153696 0.750262 0.154074
0 0.756012 0.425023 0.739543 0.424432 0.749533 0.146076 0.766002 0.146667
0 0.769354 0.407322 0.753460 0.406720 0.763749 0.134954 0.779643 0.135556
0 0.780326 0.389599 0.764735 0.389014 0.774546 0.127563 0.790136 0.128148
0 0.787945 0.380596 0.773293 0.379985 0.783879 0.126143 0.798531 0.126754
0 0.798863 0.367289 0.786837 0.366793 0.796998 0.120245 0.809024 0.120741
0 0.809430 0.352399 0.796153 0.351776 0.807289 0.114562 0.820567 0.115185
