0 0.612270 0.652456 0.555376 0.652456 0.555376 0.367806 0.612270 0.367806
0 0.357270 0.669124 0.297675 0.669124 0.297675 0.357634 0.357270 0.357634
0 0.715350 0.682809 0.671264 0.678583 0.699585 0.383152 0.743671 0.387379
0 0.858348 0.733983 0.786230 0.723819 0.831065 0.405677 0.903183 0.415841
0 0.308634 0.678016 0.246488 0.678016 0.246488 0.351984 0.308634 0.351984
0 0.258352 0.678016 0.195981 0.678016 0.195981 0.345354 0.258352 0.345354
0 0.201237 0.682461 0.137561 0.682461 0.137561 0.342087 0.201237 0.342087
0 0.151428 0.697281 0.081096 0.697281 0.081096 0.341042 0.151428 0.341042
0 0.092060 0.701356 0.018858 0.701356 0.018858 0.336399 0.092060 0.336399
0 0.566602 0.649492 0.515840 0.649492 0.515840 0.366817 0.566602 0.366817
0 0.698033 0.670585 0.643620 0.670585 0.643620 0.385362 0.698033 0.385362
0 0.399708 0.658383 0.345515 0.658383 0.345515 0.359114 0.399708 0.359114
0 0.762015 0.690985 0.719811 0.686720 0.749428 0.393649 0.791632 0.397914
0 0.525361 0.650973 0.474181 0.650973 0.474181 0.366891 0.525361 0.366891
0 0.810703 0.707287 0.767234 0.702482 0.800254 0.403742 0.843723 0.408547
0 0.484611 0.653937 0.434871 0.653937 0.434871 0.366641 0.484611 0.366641
0 0.441748 0.655419 0.390092 0.655419 0.390092 0.362498 0.441748 0.362498
0 0.907876 0.768066 0.856638 0.760845 0.901473 0.442704 0.952711 0.449925
0 0.654641 0.661347 0.600229 0.661347 0.600229 0.376936 0.654641 0.376936
