0 0.806193 0.998611 0.257653 0.998611 0.257653 0.073626 0.806193 0.073626
0 0.991969 0.279456 0.959403 0.279456 0.959403 0.003767 0.991969 0.003767
0 0.963992 0.264303 0.932334 0.264303 0.932334 0.004788 0.963992 0.004788
0 0.936899 0.250858 0.907133 0.250858 0.907133 0.005824 0.936899 0.005824
0 0.911977 0.236551 0.885089 0.236551 0.885089 0.004496 0.911977 0.004496
0 0.887497 0.224276 0.861989 0.224276 0.861989 0.004478 0.887497 0.004478
0 0.867573 0.215858 0.843131 0.215858 0.843131 0.003251 0.867573 0.003251
0 0.847496 0.206726 0.824300 0.206726 0.824300 0.001382 0.847496 0.001382
0 0.999219 0.297542 0.983960 0.297542 0.983960 0.008886 0.999219 0.008886
0 0.829682 0.195911 0.807040 0.195911 0.807040 0.000589 0.829682 0.000589
0 0.808006 0.184104 0.788195 0.183789 0.791121 -0.000315 0.810932 0.000000
0 0.793720 0.184104 0.773910 0.183789 0.776836 -0.000315 0.796646 0.000000
0 0.779402 0.163467 0.759599 0.163108 0.762558 -0.000358 0.782360 0.000000
0 0.766009 0.163467 0.746206 0.163108 0.749165 -0.000358 0.768967 0.000000
0 0.751728 0.157010 0.735691 0.156822 0.737535 -0.000188 0.753572 0.000000
0 0.741013 0.157010 0.724977 0.156822 0.726821 -0.000188 0.742857 0.000000
0 0.729406 0.157010 0.713370 0.156822 0.715214 -0.000188 0.731250 0.000000
0 0.720439 0.133392 0.704457 0.132953 0.708126 -0.000440 0.724107 0.000000
0 0.707979 0.128262 0.633929 0.128262 0.633929 0.000000 0.707979 0.000000
