0 0.620651 0.864845 0.543797 0.371096 0.879542 0.318836 0.956397 0.812584
0 0.550409 0.376753 0.371010 0.186182 0.387538 0.170623 0.566937 0.361194
0 0.571451 0.895184 0.360850 0.853585 0.456800 0.367824 0.667401 0.409423
0 0.562146 0.353411 0.381709 0.172974 0.405716 0.148968 0.586152 0.329404
0 0.332572 0.869996 0.206251 0.815300 0.372695 0.430898 0.499016 0.485594
0 0.206838 0.807182 0.140960 0.763999 0.328515 0.477874 0.394393 0.521057
0 0.153869 0.755400 0.102747 0.714816 0.280325 0.491131 0.331447 0.531715
0 0.536654 0.400988 0.357254 0.210416 0.373782 0.194857 0.553182 0.385429
0 0.520978 0.429237 0.341579 0.238666 0.358107 0.223107 0.537506 0.413678
0 0.509421 0.466913 0.314517 0.268437 0.334224 0.249085 0.529127 0.447561
0 0.494375 0.502916 0.299472 0.304440 0.319179 0.285088 0.514082 0.483564
0 0.367129 0.489647 0.239936 0.361258 0.251883 0.349422 0.379076 0.477811
0 0.300049 0.521608 0.208124 0.433251 0.218268 0.422698 0.310193 0.511055
0 0.348643 0.510328 0.229319 0.391005 0.240597 0.379726 0.359921 0.499050
0 0.318043 0.509493 0.222000 0.417043 0.231956 0.406700 0.328000 0.499150
