1 0.167500 0.656347 0.123581 0.656347 0.123581 0.360313 0.167500 0.360313
1 0.132164 0.639159 0.090144 0.639159 0.090144 0.378461 0.132164 0.378461
1 0.470216 0.997597 0.370914 0.997597 0.370914 0.886491 0.470216 0.886491
1 0.376634 0.997597 0.297380 0.997597 0.297380 0.838750 0.376634 0.838750
1 0.302164 0.997597 0.235313 0.997597 0.235313 0.812956 0.302164 0.812956
1 0.246755 0.997597 0.196153 0.997597 0.196153 0.779544 0.246755 0.779544
1 0.202836 0.997597 0.156995 0.997597 0.156995 0.763294 0.202836 0.763294
1 0.153456 1.000970 0.129825 0.746940 0.166088 0.743567 0.189719 0.997597
1 0.142669 0.997597 0.098750 0.997597 0.098750 0.734664 0.142669 0.734664
1 0.789183 0.903678 0.586731 0.903678 0.586731 0.168366 0.789183 0.168366
1 0.572403 0.828245 0.432981 0.828245 0.432981 0.232356 0.572403 0.232356
1 0.414831 0.764255 0.310745 0.764255 0.310745 0.290602 0.414831 0.290602
1 0.326034 0.732741 0.244856 0.732741 0.244856 0.312572 0.326034 0.312572
1 0.256322 0.701227 0.194255 0.701227 0.194255 0.335481 0.256322 0.335481
1 0.209519 0.674495 0.155097 0.674495 0.155097 0.355528 0.209519 0.355528
