0 0.164083 0.925654 0.096363 0.802365 0.310153 0.684936 0.377873 0.808224
0 0.322817 1.028819 0.181994 0.887996 0.257379 0.812611 0.398202 0.953434
0 0.648629 0.814370 0.316130 0.481871 0.356868 0.441134 0.689366 0.773632
0 0.614930 0.576418 0.371011 0.332498 0.397041 0.306469 0.640960 0.550388
0 0.192498 0.805762 0.135924 0.714602 0.340305 0.587763 0.396879 0.678923
0 0.663645 0.910382 0.298145 0.544882 0.340063 0.502964 0.705564 0.868464
0 0.631064 0.655070 0.351248 0.375253 0.379942 0.346559 0.659759 0.626375
0 0.640862 0.723024 0.338198 0.420360 0.368759 0.389799 0.671423 0.692463
0 0.615811 0.522848 0.388217 0.297781 0.407268 0.278516 0.634861 0.503584
0 0.611752 0.480801 0.399208 0.268256 0.415828 0.251636 0.628373 0.464180
0 0.606089 0.446645 0.403608 0.242785 0.421379 0.225134 0.623860 0.428994
0 0.597105 0.403234 0.407798 0.215262 0.424434 0.198509 0.613741 0.386481
0 0.591684 0.370928 0.417992 0.194241 0.431809 0.180657 0.605501 0.357345
0 0.588640 0.344498 0.426874 0.174445 0.440669 0.161322 0.602435 0.331375
0 0.579970 0.309159 0.434177 0.156771 0.447303 0.144212 0.593097 0.296600
