1 0.783942 0.468894 0.758606 0.468894 0.758606 0.242308 0.783942 0.242308
1 0.803750 0.453702 0.779327 0.453702 0.779327 0.248294 0.803750 0.248294
1 0.836442 0.465216 0.815722 0.465216 0.815722 0.278245 0.836442 0.278245
1 0.855769 0.462452 0.836442 0.462452 0.836442 0.280072 0.855769 0.280072
1 0.995966 0.001808 0.995830 0.000122 0.996311 0.000083 0.996447 0.001769
1 0.320048 0.676898 0.155025 0.676898 0.155025 0.084327 0.320048 0.084327
1 0.442669 0.631058 0.323486 0.631058 0.323486 0.130169 0.442669 0.130169
1 0.529759 0.570337 0.440361 0.570337 0.440361 0.126731 0.529759 0.126731
1 0.595072 0.539398 0.526322 0.539398 0.526322 0.171419 0.595072 0.171419
1 0.645505 0.519905 0.595072 0.519905 0.595072 0.186322 0.645505 0.186322
1 0.686755 0.502716 0.645505 0.502716 0.645505 0.200072 0.686755 0.200072
1 0.730289 0.493558 0.686755 0.493558 0.686755 0.225288 0.730289 0.225288
1 0.757692 0.471202 0.726370 0.471202 0.726370 0.215144 0.757692 0.215144
1 0.872812 0.451394 0.856706 0.451394 0.856706 0.281923 0.872812 0.281923
1 0.878798 0.450023 0.862236 0.450023 0.862236 0.286058 0.878798 0.286058
1 0.896755 0.442644 0.882956 0.442644 0.882956 0.289303 0.896755 0.289303
1 0.904134 0.440817 0.889856 0.440817 0.889856 0.299880 0.904134 0.299880
1 0.915650 0.437572 0.901370 0.437572 0.901370 0.297116 0.915650 0.297116
1 0.927620 0.437572 0.915192 0.437572 0.915192 0.302188 0.927620 0.302188
1 0.941070 0.287241 0.923992 0.281461 0.943258 0.224537 0.960336 0.230317
1 0.224808 0.998438 0.023125 0.998438 0.023125 0.789544 0.224808 0.789544
1 0.371491 0.998438 0.232836 0.998438 0.232836 0.765481 0.371491 0.765481
1 0.472331 0.998438 0.371491 0.998438 0.371491 0.710481 0.472331 0.710481
1 0.546827 0.998438 0.467764 0.998438 0.467764 0.666924 0.546827 0.666924
1 0.607572 0.958125 0.547981 0.958125 0.547981 0.632548 0.607572 0.632548
1 0.653389 0.899662 0.607572 0.899662 0.607572 0.608486 0.653389 0.608486
1 0.694111 0.854014 0.654975 0.854014 0.654975 0.574159 0.694111 0.574159
1 0.729255 0.809591 0.692116 0.809591 0.692116 0.556273 0.729255 0.556273
1 0.754447 0.773773 0.725289 0.773773 0.725289 0.543655 0.754447 0.543655
1 0.780986 0.737308 0.754447 0.737308 0.754447 0.530409 0.780986 0.530409
1 0.802211 0.712116 0.779664 0.712116 0.779664 0.519784 0.802211 0.519784
1 0.818775 0.698845 0.802211 0.698845 0.802211 0.509831 0.818775 0.509831
1 0.840000 0.680264 0.818125 0.680264 0.818125 0.506514 0.840000 0.506514
1 0.162500 0.747233 -0.000000 0.747233 0.000000 0.041856 0.162500 0.041856
