0 0.993750 0.318056 0.956250 0.318056 0.956250 0.001389 0.993750 0.001389
0 0.958593 0.295833 0.924218 0.295833 0.924218 0.001389 0.958593 0.001389
0 0.927344 0.286111 0.892188 0.286111 0.892188 0.001389 0.927344 0.001389
0 0.897656 0.283333 0.868750 0.283333 0.868750 0.001389 0.897656 0.001389
0 0.871874 0.266667 0.846093 0.266667 0.846093 0.001389 0.871874 0.001389
0 0.852344 0.261111 0.824219 0.261111 0.824219 0.001389 0.852344 0.001389
0 0.825781 0.236111 0.803125 0.236111 0.803125 0.001389 0.825781 0.001389
0 0.804687 0.236111 0.782031 0.236111 0.782031 0.001389 0.804687 0.001389
0 0.785157 0.215276 0.763281 0.215276 0.763281 0.001388 0.785157 0.001388
0 0.768751 0.204167 0.748437 0.204167 0.748437 0.001389 0.768751 0.001389
0 0.750781 0.204167 0.730468 0.204167 0.730468 0.001389 0.750781 0.001389
0 0.735938 0.204167 0.715624 0.204167 0.715624 0.001389 0.735938 0.001389
0 0.721094 0.179167 0.700781 0.179167 0.700781 0.001389 0.721094 0.001389
0 0.709375 0.172224 0.688281 0.172224 0.688281 0.001389 0.709375 0.001389
0 0.698438 0.166667 0.677344 0.166667 0.677344 0.001389 0.698438 0.001389
0 0.684376 0.155556 0.666406 0.155556 0.666406 0.001388 0.684376 0.001388
0 0.685937 0.894444 0.255468 0.894444 0.255468 0.080556 0.685937 0.080556
0 0.670533 0.149118 0.656250 0.148904 0.658486 -0.000214 0.672769 0.000000
0 0.659819 0.149118 0.645536 0.148904 0.647772 -0.000214 0.662055 0.000000
0 0.651783 0.149118 0.637500 0.148904 0.639736 -0.000214 0.654019 0.000000
0 0.641961 0.149118 0.627679 0.148904 0.629916 -0.000214 0.644198 0.000000
0 0.635711 0.149118 0.621429 0.148904 0.623666 -0.000214 0.637948 0.000000
0 0.558747 0.139468 0.555357 -0.000000 0.622504 -0.001632 0.625894 0.137835
