0 0.953426 0.410485 0.466814 0.377191 0.491166 0.021281 0.977778 0.054575
0 0.380556 0.376718 0.156482 0.376718 0.156482 0.337892 0.380556 0.337892
0 0.389815 0.515751 0.165741 0.515751 0.165741 0.476925 0.389815 0.476925
0 0.392593 0.549330 0.168519 0.549330 0.168519 0.510506 0.392593 0.510506
0 0.392593 0.581858 0.168519 0.581858 0.168519 0.543032 0.392593 0.543032
0 0.401852 0.614387 0.177778 0.614387 0.177778 0.575561 0.401852 0.575561
0 0.406888 0.647964 0.182407 0.647964 0.182407 0.609139 0.406888 0.609139
0 0.417593 0.676296 0.186111 0.676296 0.186111 0.640095 0.417593 0.640095
0 0.433563 0.711448 0.192593 0.711448 0.192593 0.675248 0.433563 0.675248
0 0.442593 0.739781 0.194445 0.739781 0.194445 0.709875 0.442593 0.709875
0 0.793288 0.694670 0.382795 0.549445 0.483514 0.264754 0.894006 0.409980
0 0.673200 0.873359 0.345360 0.603750 0.480550 0.439361 0.808390 0.708969
0 0.591694 0.998438 0.332948 0.676846 0.453875 0.579550 0.712622 0.901142
0 0.515173 1.041894 0.350679 0.769071 0.422755 0.725615 0.587248 0.998437
0 0.446528 1.028060 0.358037 0.846738 0.418734 0.817115 0.507225 0.998438
0 0.378343 1.022549 0.338331 0.926012 0.396506 0.901900 0.436518 0.998438
0 0.359411 0.207358 0.148833 0.192877 0.150370 0.170526 0.360948 0.185006
0 0.371319 0.242696 0.154961 0.227818 0.156446 0.206225 0.372804 0.221103
0 0.231352 0.904461 0.230000 0.883013 0.361195 0.874742 0.362547 0.896190
0 0.237280 0.935521 0.235928 0.914072 0.362431 0.906098 0.363783 0.927546
