0 0.761804 0.452777 0.716684 0.452777 0.716684 0.212962 0.761804 0.212962
0 0.619622 0.451852 0.583421 0.451852 0.583421 0.221296 0.619622 0.221296
0 0.940190 0.444444 0.896643 0.444444 0.896643 0.209259 0.940190 0.209259
0 0.901888 0.456480 0.858341 0.456480 0.858341 0.221296 0.901888 0.221296
0 0.580273 0.450000 0.544071 0.450000 0.544071 0.219444 0.580273 0.219444
0 0.545646 0.455556 0.509445 0.455556 0.509445 0.225000 0.545646 0.225000
0 0.514165 0.462963 0.477964 0.462963 0.477964 0.232407 0.514165 0.232407
0 0.482162 0.465741 0.445961 0.465741 0.445961 0.235185 0.482162 0.235185
0 0.965372 0.367924 0.946929 0.366609 0.957422 0.219426 0.975866 0.220741
0 0.991395 0.347177 0.977826 0.346322 0.985906 0.218034 0.999475 0.218889
0 0.996403 1.001349 0.716055 0.999074 0.719423 0.584070 0.999771 0.586346
0 0.676600 0.999074 0.423757 0.867793 0.631731 0.467238 0.884575 0.598519
0 0.405854 0.827630 0.275341 0.695429 0.559938 0.414466 0.690451 0.546667
0 0.219098 0.735441 0.140410 0.621074 0.467797 0.395822 0.546485 0.510189
0 0.106611 0.646526 0.059907 0.551285 0.377221 0.395683 0.423924 0.490923
0 0.020147 0.570947 -0.010854 0.488996 0.294707 0.373406 0.325708 0.455357
0 0.300302 0.427387 0.298833 0.259816 0.320042 0.259630 0.321511 0.427201
0 0.219872 0.372756 0.218193 0.270504 0.241763 0.270117 0.243442 0.372369
0 0.275535 0.378987 0.271262 0.265730 0.289536 0.265041 0.293809 0.378297
0 0.246847 0.386172 0.244118 0.273057 0.263379 0.272593 0.266107 0.385707
