0 0.212746 0.653935 0.142922 0.653935 0.142922 0.281173 0.212746 0.281173
0 0.155373 0.661344 0.082616 0.661344 0.082616 0.283556 0.155373 0.283556
0 0.875248 0.711736 0.805158 0.704583 0.847583 0.288867 0.917673 0.296019
0 0.328101 0.636152 0.256844 0.636152 0.256844 0.270380 0.328101 0.270380
0 0.384966 0.630224 0.309975 0.630224 0.309975 0.265763 0.384966 0.265763
0 0.667273 0.639380 0.592854 0.639380 0.592854 0.273820 0.667273 0.273820
0 0.094200 0.680609 0.017988 0.680609 0.017988 0.294335 0.094200 0.294335
0 0.540040 0.627260 0.472211 0.627260 0.472211 0.268492 0.540040 0.268492
0 0.691148 0.653999 0.618786 0.647200 0.654595 0.266056 0.726957 0.272855
0 0.436261 0.622815 0.364575 0.622815 0.364575 0.263855 0.436261 0.263855
0 0.596803 0.624296 0.528581 0.624296 0.528581 0.272085 0.596803 0.272085
0 0.272871 0.643562 0.200755 0.643562 0.200755 0.277457 0.272871 0.277457
0 0.486822 0.621332 0.417747 0.621332 0.417747 0.265872 0.486822 0.265872
0 0.033696 0.680609 0.000116 0.680609 0.000116 0.295996 0.033696 0.295996
0 0.999475 0.748966 0.971159 0.748966 0.971159 0.300885 0.999475 0.300885
0 0.990899 0.733959 0.897319 0.733959 0.897319 0.298341 0.990899 0.298341
