0 0.085552 0.638002 0.014152 0.638002 0.014152 0.309368 0.085552 0.309368
0 0.463641 0.617783 0.460257 0.356487 0.500919 0.355961 0.504302 0.617256
0 0.431665 0.614808 0.376211 0.614808 0.376211 0.332584 0.431665 0.332584
0 0.599988 0.610965 0.545078 0.610965 0.545078 0.350810 0.599988 0.350810
0 0.460021 0.614291 0.423269 0.613577 0.428321 0.353443 0.465073 0.354157
0 0.541989 0.611361 0.500951 0.611361 0.500951 0.346111 0.541989 0.346111
0 0.771459 0.745814 0.715870 0.740248 0.747954 0.419791 0.803542 0.425356
0 0.820147 0.762116 0.769104 0.757005 0.801679 0.431646 0.852721 0.436757
0 0.868835 0.788790 0.826506 0.784269 0.862393 0.448243 0.904722 0.452764
0 0.139277 0.648375 0.067877 0.648375 0.067877 0.319742 0.139277 0.319742
0 0.172760 0.658498 0.119874 0.655534 0.137880 0.334243 0.190766 0.337207
0 0.220609 0.659980 0.167723 0.657016 0.185729 0.335725 0.238615 0.338689
