1 0.998438 0.976322 0.847884 0.976322 0.847884 0.240625 0.998438 0.240625
1 0.831827 0.924759 0.670264 0.924759 0.670264 0.320842 0.831827 0.320842
1 0.666827 0.878919 0.554519 0.878919 0.554519 0.388461 0.666827 0.388461
1 0.552236 0.862884 0.462838 0.862884 0.462838 0.443461 0.552236 0.443461
1 0.466227 0.836298 0.397787 0.836298 0.397787 0.464567 0.466227 0.464567
1 0.393005 0.811611 0.346058 0.811611 0.346058 0.490842 0.393005 0.490842
1 0.343678 0.793317 0.303870 0.793317 0.303870 0.495600 0.343678 0.495600
1 0.302284 0.775817 0.267259 0.775817 0.267259 0.501178 0.302284 0.501178
1 0.268870 0.778991 0.233845 0.778991 0.233845 0.531419 0.268870 0.531419
1 0.230673 0.770312 0.211562 0.770312 0.211562 0.531419 0.230673 0.531419
1 0.212331 0.749111 0.191611 0.749111 0.191611 0.539544 0.212331 0.539544
1 0.175962 0.727933 0.157067 0.727933 0.157067 0.532620 0.175962 0.532620
1 0.152019 0.725169 0.138197 0.725169 0.138197 0.540914 0.152019 0.540914
1 0.949639 0.223100 0.768581 0.223100 0.768581 0.000000 0.949639 0.000000
1 0.755963 0.254039 0.621898 0.254039 0.621898 0.000000 0.755963 0.000000
1 0.625337 0.295289 0.517620 0.295289 0.517620 0.000000 0.625337 0.000000
1 0.535962 0.343414 0.450000 0.343414 0.450000 0.000000 0.535962 0.000000
1 0.453438 0.376658 0.391563 0.376658 0.391563 0.035169 0.453438 0.035169
1 0.391345 0.394039 0.340745 0.394039 0.340745 0.095144 0.391345 0.095144
1 0.338942 0.433197 0.300625 0.433197 0.300625 0.154350 0.338942 0.154350
1 0.303077 0.440577 0.265938 0.440577 0.265938 0.191827 0.303077 0.191827
1 0.267259 0.462475 0.236755 0.462475 0.236755 0.230961 0.267259 0.230961
1 0.240072 0.473077 0.211562 0.473077 0.211562 0.257475 0.240072 0.257475
1 0.210216 0.482356 0.190986 0.482356 0.190986 0.287331 0.210216 0.287331
1 0.194977 0.487669 0.172428 0.487669 0.172428 0.300577 0.194977 0.300577
1 0.175745 0.495625 0.153845 0.495625 0.153845 0.321153 0.175745 0.321153
1 0.140481 0.715577 0.126273 0.715577 0.126273 0.549375 0.140481 0.549375
1 0.124736 0.712500 0.112477 0.712500 0.112477 0.555120 0.124736 0.555120
1 0.111706 0.708678 0.095962 0.708678 0.095963 0.558967 0.111706 0.558967
1 0.099038 0.705217 0.087523 0.705217 0.087523 0.564327 0.099038 0.564327
1 0.091731 0.705600 0.077933 0.705600 0.077933 0.563942 0.091731 0.563942
1 0.079088 0.702525 0.062956 0.702525 0.062956 0.565481 0.079088 0.565481
1 0.048310 0.777595 0.030691 0.772242 0.047652 0.716419 0.065270 0.721772
