0 0.808055 0.126880 0.322518 0.126880 0.322518 0.020730 0.808055 0.020730
0 0.791754 0.838737 0.325340 0.838737 0.325340 0.748574 0.791754 0.748574
0 0.759152 0.347674 0.311627 0.347674 0.311627 0.272681 0.759152 0.272681
0 0.743713 0.419975 0.309765 0.419975 0.309765 0.339966 0.743713 0.339966
0 0.778417 0.202891 0.316748 0.202891 0.316748 0.113478 0.778417 0.113478
0 0.766561 0.673109 0.315273 0.673109 0.315273 0.587638 0.766561 0.587638
0 0.793236 0.912012 0.327830 0.912012 0.327830 0.824165 0.793236 0.824165
0 0.748778 0.580453 0.307782 0.580453 0.307782 0.504102 0.748778 0.504102
0 0.744332 0.511048 0.309811 0.511048 0.309811 0.430796 0.744332 0.430796
0 0.778417 0.761749 0.322014 0.761749 0.322014 0.680826 0.778417 0.680826
0 0.766561 0.278136 0.312864 0.278136 0.312864 0.196099 0.766561 0.196099
0 0.818767 0.046600 0.327071 0.046600 0.327071 -0.001038 0.818767 -0.001038
