0 0.187725 0.702839 0.109529 0.702839 0.109529 0.320629 0.187725 0.320629
0 0.892599 0.659936 0.821665 0.659936 0.821665 0.301623 0.892599 0.301623
0 0.126753 0.710248 0.043889 0.710248 0.043889 0.326192 0.126753 0.326192
0 0.059375 0.716746 0.000545 0.716746 0.000545 0.329450 0.059375 0.329450
0 0.953896 0.664204 0.878909 0.664204 0.878909 0.305206 0.953896 0.305206
0 0.837258 0.649113 0.767210 0.649113 0.767210 0.300258 0.837258 0.300258
0 0.783861 0.663932 0.707685 0.663932 0.707685 0.298533 0.783861 0.298533
0 0.247356 0.693947 0.171794 0.693947 0.171794 0.318968 0.247356 0.318968
0 0.398741 0.683573 0.347165 0.682623 0.353881 0.318070 0.405456 0.319020
0 0.343337 0.689501 0.279208 0.687268 0.292318 0.310662 0.356447 0.312894
0 0.725382 0.655041 0.660402 0.655041 0.660402 0.304680 0.725382 0.304680
0 0.671871 0.658005 0.604713 0.658005 0.604713 0.305688 0.671871 0.305688
0 0.461788 0.680204 0.397490 0.678741 0.405998 0.304768 0.470296 0.306231
0 0.298810 0.699875 0.229229 0.699875 0.229229 0.313209 0.298810 0.313209
0 0.567891 0.666444 0.517749 0.666444 0.517749 0.306913 0.567891 0.306913
0 0.618931 0.667268 0.556137 0.667268 0.556137 0.310831 0.618931 0.310831
0 0.999475 0.676976 0.938889 0.676976 0.938889 0.309546 0.999475 0.309546
