0 0.093179 0.673200 -0.055926 0.613102 0.006193 0.458981 0.155299 0.519080
0 0.411022 0.848403 0.356410 0.848403 0.356410 0.299171 0.411022 0.299171
0 0.360804 0.929549 0.303650 0.929549 0.303650 0.323269 0.360804 0.323269
0 0.458030 0.783792 0.408206 0.783792 0.408206 0.285273 0.458030 0.285273
0 0.232306 0.550391 -0.000000 0.550391 0.000000 0.406458 0.232306 0.406458
0 0.535590 0.680254 0.496822 0.680254 0.496822 0.257648 0.535590 0.257648
0 0.498887 0.729334 0.457019 0.729334 0.457019 0.268058 0.498887 0.268058
0 0.593057 0.602106 0.563553 0.602106 0.563553 0.229147 0.593057 0.229147
0 0.565099 0.645041 0.534905 0.645041 0.534905 0.229329 0.565099 0.229329
0 0.300567 0.469380 0.063817 0.469380 0.063817 0.362825 0.300567 0.362825
0 0.618148 0.574590 0.590236 0.574590 0.590236 0.218701 0.618148 0.218701
