0 0.717187 0.945833 0.250781 0.945833 0.250781 0.070833 0.717187 0.070833
0 0.944531 0.269444 0.913281 0.269444 0.913281 0.004167 0.944531 0.004167
0 0.999219 0.301390 0.971094 0.301390 0.971094 0.009722 0.999219 0.009722
0 0.871875 0.229167 0.844531 0.229167 0.844531 0.005556 0.871875 0.005556
0 0.975781 0.286111 0.940625 0.286111 0.940625 0.004167 0.975781 0.004167
0 0.917969 0.255556 0.890625 0.255556 0.890625 0.004167 0.917969 0.004167
0 0.894531 0.237500 0.867969 0.237500 0.867969 0.005556 0.894531 0.005556
0 0.830469 0.209724 0.807813 0.209724 0.807813 0.001390 0.830469 0.001390
0 0.849219 0.218056 0.826563 0.218056 0.826563 0.002778 0.849219 0.002778
0 0.812500 0.198611 0.791406 0.198611 0.791406 0.001389 0.812500 0.001389
0 0.778906 0.177776 0.759375 0.177776 0.759375 0.001388 0.778906 0.001388
0 0.796874 0.183333 0.777343 0.183333 0.777343 0.006944 0.796874 0.006944
0 0.764620 0.176389 0.745089 0.176389 0.745089 0.000000 0.764620 0.000000
0 0.749910 0.161824 0.733567 0.161601 0.735777 -0.000223 0.752120 0.000000
0 0.737410 0.161824 0.721067 0.161601 0.723277 -0.000223 0.739620 0.000000
0 0.727589 0.161824 0.711246 0.161601 0.713456 -0.000223 0.729799 0.000000
0 0.715981 0.161824 0.699639 0.161601 0.701849 -0.000223 0.718191 0.000000
0 0.704464 0.128262 0.688207 0.127767 0.692114 -0.000495 0.708370 0.000000
0 0.696429 0.128262 0.680172 0.127767 0.684078 -0.000495 0.700334 0.000000
0 0.697321 0.128262 0.681064 0.127767 0.684971 -0.000495 0.701227 0.000000
0 0.690179 0.128262 0.673923 0.127768 0.677828 -0.000495 0.694084 -0.000000
0 0.683259 0.132629 0.607143 0.132629 0.607143 0.000000 0.683259 0.000000
