0 0.936517 0.681771 0.839979 0.681771 0.839979 0.217059 0.936517 0.217059
0 0.223505 0.672511 0.133788 0.672511 0.133788 0.203720 0.223505 0.203720
0 0.539874 0.691957 0.462224 0.691957 0.462224 0.265963 0.539874 0.265963
0 0.628542 0.693809 0.552466 0.693809 0.552466 0.260035 0.628542 0.260035
0 0.773347 0.691029 0.692550 0.691029 0.692550 0.246698 0.773347 0.246698
0 0.385100 0.679918 0.301155 0.679918 0.301155 0.233361 0.385100 0.233361
0 0.850471 0.686400 0.763378 0.686400 0.763378 0.236325 0.850471 0.236325
0 0.698321 0.694734 0.623819 0.694734 0.623819 0.252625 0.698321 0.252625
0 0.147429 0.669734 0.056139 0.669734 0.056139 0.194828 0.147429 0.194828
0 0.469045 0.686400 0.394543 0.686400 0.394543 0.260035 0.469045 0.260035
0 0.999475 0.686400 0.919203 0.686400 0.919203 0.193349 0.999475 0.193349
0 0.293284 0.674362 0.209339 0.674362 0.209339 0.218541 0.293284 0.218541
