1 0.626041 0.910489 0.621392 0.783745 0.663431 0.782203 0.668080 0.908947
1 0.589795 0.913661 0.584750 0.788041 0.618737 0.786676 0.623783 0.912296
1 0.592741 0.911923 0.556345 0.911923 0.556345 0.790338 0.592741 0.790338
1 0.556803 0.911466 0.524111 0.911466 0.524111 0.794495 0.556803 0.794495
1 0.122214 0.713933 0.109850 0.710666 0.126631 0.647148 0.138995 0.650415
1 0.523655 0.916081 0.488197 0.916081 0.488197 0.798630 0.523655 0.798630
1 0.489567 0.921130 0.457331 0.921130 0.457331 0.806009 0.489567 0.806009
1 0.460553 0.915144 0.429255 0.915144 0.429255 0.804615 0.460553 0.804615
1 0.418234 0.899860 0.396326 0.896508 0.412486 0.790909 0.434394 0.794262
1 0.394286 0.888464 0.364816 0.883109 0.382059 0.788219 0.411530 0.793574
1 0.363183 0.884102 0.341188 0.880105 0.358549 0.784576 0.380544 0.788573
1 0.342681 0.878336 0.323334 0.874820 0.339530 0.785703 0.358877 0.789219
1 0.329831 0.875800 0.310484 0.872285 0.327475 0.778790 0.346822 0.782306
1 0.312501 0.874309 0.293178 0.870797 0.310166 0.777327 0.329489 0.780839
1 0.289488 0.864655 0.274280 0.861891 0.290200 0.774288 0.305408 0.777051
1 0.272984 0.859391 0.257917 0.856050 0.276727 0.771211 0.291794 0.774552
1 0.254987 0.855158 0.239920 0.851817 0.258328 0.768784 0.273395 0.772124
1 0.236753 0.851642 0.221686 0.848302 0.240219 0.764705 0.255286 0.768045
1 0.220455 0.849405 0.205364 0.846059 0.223511 0.764200 0.238602 0.767545
1 0.203823 0.842797 0.188756 0.839457 0.205936 0.761963 0.221003 0.765303
1 0.187526 0.839281 0.172436 0.835936 0.189325 0.759756 0.204416 0.763102
1 0.169930 0.834835 0.154839 0.831489 0.171728 0.755309 0.186819 0.758655
1 0.153238 0.829952 0.139229 0.826224 0.159287 0.750841 0.173295 0.754569
1 0.137709 0.827667 0.126882 0.824786 0.145270 0.755675 0.156097 0.758556
1 0.126642 0.825273 0.114422 0.822022 0.133261 0.751217 0.145481 0.754469
1 0.114028 0.819886 0.098045 0.815633 0.116886 0.744827 0.132869 0.749080
1 0.096323 0.809422 0.084844 0.805402 0.109061 0.736250 0.120541 0.740270
1 0.084448 0.803486 0.072969 0.799466 0.097186 0.730312 0.108666 0.734333
1 0.072670 0.798437 0.061191 0.794417 0.085408 0.725264 0.096888 0.729284
1 0.062334 0.793148 0.050855 0.789128 0.075070 0.719977 0.086550 0.723997
1 0.051036 0.789302 0.039556 0.785282 0.063772 0.716130 0.075252 0.720150
1 0.038536 0.784736 0.027056 0.780715 0.051272 0.711563 0.062752 0.715583
1 0.690708 0.737331 0.659802 0.628111 0.696023 0.617861 0.726930 0.727081
1 0.646755 0.733845 0.609712 0.733845 0.609712 0.624470 0.646755 0.624470
1 0.135795 0.715905 0.123431 0.712638 0.140214 0.649120 0.152578 0.652387
1 0.605913 0.733845 0.577187 0.733845 0.577187 0.629663 0.605913 0.629663
1 0.578220 0.738005 0.549134 0.738005 0.549134 0.633822 0.578220 0.633822
1 0.543606 0.737669 0.520409 0.737669 0.520409 0.633462 0.543606 0.633462
1 0.508655 0.739038 0.481995 0.739038 0.481995 0.641081 0.508655 0.641081
1 0.478173 0.737308 0.456370 0.737308 0.456370 0.646273 0.478173 0.646273
1 0.450841 0.740769 0.432837 0.740769 0.432837 0.649398 0.450841 0.649398
1 0.427145 0.741133 0.404812 0.739689 0.410620 0.649876 0.432953 0.651320
1 0.399798 0.742152 0.381595 0.740591 0.389431 0.649194 0.407634 0.650755
1 0.374691 0.739828 0.356487 0.738268 0.363962 0.651062 0.382166 0.652622
1 0.355298 0.740530 0.337095 0.738969 0.344364 0.654183 0.362567 0.655743
1 0.336277 0.740867 0.318073 0.739306 0.325309 0.654903 0.343513 0.656464
1 0.315573 0.737588 0.298152 0.735294 0.309211 0.651283 0.326633 0.653576
1 0.292691 0.737302 0.278097 0.734650 0.293247 0.651279 0.307841 0.653931
1 0.274667 0.736614 0.254942 0.733030 0.270094 0.649659 0.289819 0.653244
1 0.255495 0.734756 0.238939 0.731747 0.253734 0.650339 0.270291 0.653348
1 0.235481 0.733119 0.217789 0.729776 0.231562 0.656881 0.249255 0.660224
1 0.218128 0.727317 0.202137 0.724296 0.215214 0.655087 0.231205 0.658108
1 0.202722 0.723587 0.188997 0.720993 0.201195 0.656438 0.214920 0.659031
1 0.188195 0.720693 0.170763 0.717398 0.182958 0.652865 0.200391 0.656159
1 0.171142 0.718004 0.156561 0.714691 0.171117 0.650626 0.185698 0.653939
1 0.155412 0.716721 0.135959 0.711581 0.152736 0.648087 0.172189 0.653227
1 0.107695 0.712903 0.095306 0.709630 0.112087 0.646111 0.124477 0.649384
1 0.093155 0.714970 0.080767 0.711698 0.097542 0.648203 0.109930 0.651476
1 0.080001 0.715330 0.067614 0.712057 0.084397 0.648540 0.096784 0.651813
1 0.071352 0.714970 0.058964 0.711698 0.075739 0.648203 0.088127 0.651476
1 0.695739 0.548288 0.663744 0.548008 0.664573 0.452962 0.696569 0.453242
1 0.636273 0.563336 0.630134 0.468413 0.659784 0.466495 0.665923 0.561419
1 0.610044 0.577646 0.599803 0.481820 0.632383 0.478339 0.642623 0.574164
1 0.573380 0.588283 0.568251 0.496550 0.597077 0.494939 0.602205 0.586671
1 0.542902 0.603727 0.535884 0.512530 0.564406 0.510335 0.571423 0.601533
1 0.529159 0.613389 0.505048 0.613389 0.505048 0.522019 0.529159 0.522019
1 0.501456 0.613057 0.478867 0.610244 0.490009 0.520789 0.512598 0.523603
1 0.478395 0.615927 0.458850 0.614594 0.464753 0.527991 0.484298 0.529323
1 0.455416 0.616672 0.435845 0.615338 0.441748 0.528736 0.461319 0.530070
1 0.433795 0.619175 0.414250 0.617843 0.419978 0.533805 0.439523 0.535138
1 0.410617 0.617644 0.389650 0.614659 0.401234 0.533269 0.422202 0.536253
1 0.388886 0.615722 0.367919 0.612738 0.379503 0.531345 0.400470 0.534330
1 0.367712 0.617796 0.347673 0.614944 0.359258 0.533551 0.379297 0.536403
1 0.347704 0.616907 0.330568 0.614469 0.341719 0.536122 0.358855 0.538561
1 0.328209 0.616427 0.311073 0.613988 0.322223 0.535641 0.339359 0.538079
1 0.307841 0.616017 0.291847 0.613741 0.302736 0.537228 0.318730 0.539504
1 0.291216 0.618330 0.275222 0.616054 0.285995 0.540349 0.301989 0.542625
1 0.272041 0.617591 0.256167 0.614591 0.270364 0.539453 0.286238 0.542452
1 0.253363 0.618016 0.239367 0.615066 0.254545 0.543042 0.268541 0.545992
1 0.238758 0.618652 0.224761 0.615703 0.239727 0.544689 0.253723 0.547639
1 0.222556 0.618414 0.208537 0.615460 0.223502 0.544447 0.237520 0.547401
1 0.206355 0.620481 0.192334 0.617527 0.207298 0.546514 0.221319 0.549468
1 0.190159 0.618825 0.176798 0.616010 0.191763 0.544997 0.205124 0.547812
1 0.177787 0.613960 0.165345 0.611452 0.178078 0.548298 0.190520 0.550807
1 0.165431 0.614658 0.152989 0.612149 0.165723 0.548996 0.178166 0.551505
1 0.148123 0.610091 0.135681 0.607582 0.148416 0.544429 0.160858 0.546938
1 0.118148 0.607841 0.106023 0.604088 0.125073 0.542545 0.137198 0.546298
1 0.106512 0.602455 0.094388 0.598702 0.113439 0.537159 0.125564 0.540913
1 0.094061 0.599547 0.081936 0.595794 0.100988 0.534251 0.113113 0.538005
1 0.647500 0.448102 0.617163 0.448102 0.617163 0.361706 0.647500 0.361706
1 0.615938 0.455577 0.591009 0.455577 0.591009 0.368773 0.615938 0.368773
1 0.594326 0.464303 0.566081 0.464303 0.566081 0.377091 0.594326 0.377091
1 0.566081 0.473030 0.540745 0.473030 0.540745 0.384567 0.566081 0.384567
1 0.536178 0.477595 0.510409 0.477595 0.510409 0.393269 0.536178 0.393269
1 0.512909 0.481755 0.490889 0.481755 0.490889 0.401587 0.512909 0.401587
1 0.480433 0.489109 0.456395 0.487555 0.461489 0.408775 0.485527 0.410330
1 0.460577 0.498366 0.439808 0.498366 0.439808 0.419447 0.460577 0.419447
1 0.437989 0.498952 0.418088 0.496966 0.425761 0.420087 0.445663 0.422073
1 0.420023 0.508845 0.397837 0.508845 0.397837 0.429687 0.420023 0.429687
1 0.397653 0.506613 0.379331 0.505042 0.385592 0.432017 0.403914 0.433587
1 0.377112 0.511489 0.357652 0.509444 0.365531 0.434472 0.384992 0.436517
1 0.353280 0.512220 0.334009 0.508822 0.346286 0.439198 0.365556 0.442596
1 0.334763 0.511777 0.317528 0.508738 0.329805 0.439114 0.347039 0.442153
1 0.317348 0.510521 0.300381 0.506977 0.314838 0.437773 0.331805 0.441317
1 0.299316 0.504184 0.284133 0.500595 0.299219 0.436776 0.314402 0.440366
1 0.281478 0.507361 0.266272 0.503766 0.281358 0.439947 0.296564 0.443542
1 0.263894 0.516694 0.250067 0.513425 0.266370 0.444459 0.280197 0.447728
1 0.250566 0.515366 0.235359 0.511771 0.250445 0.447952 0.265652 0.451546
1 0.232198 0.520029 0.216994 0.516434 0.232080 0.452615 0.247284 0.456209
1 0.215144 0.519057 0.202462 0.516059 0.217548 0.452241 0.230230 0.455238
1 0.204791 0.517131 0.192344 0.514189 0.206988 0.452242 0.219434 0.455184
1 0.191098 0.519767 0.178184 0.516715 0.192700 0.455305 0.205614 0.458357
1 0.178848 0.518580 0.165911 0.515521 0.180213 0.455025 0.193150 0.458084
1 0.165140 0.518818 0.152928 0.515931 0.166638 0.457937 0.178850 0.460823
1 0.151583 0.517953 0.139370 0.515065 0.153080 0.457072 0.165292 0.459959
1 0.138365 0.517230 0.126154 0.514344 0.138653 0.461472 0.150864 0.464359
1 0.125873 0.517239 0.115837 0.514867 0.128284 0.462207 0.138320 0.464580
1 0.113845 0.516986 0.103831 0.514619 0.116058 0.462895 0.126072 0.465262
1 0.101830 0.517233 0.092986 0.515143 0.105189 0.463511 0.114033 0.465602
1 0.091023 0.521091 0.081220 0.518773 0.093952 0.464920 0.103755 0.467238
1 0.080192 0.523971 0.069945 0.521548 0.083655 0.463554 0.093902 0.465976
1 0.574856 0.368509 0.545144 0.368509 0.545144 0.287162 0.574856 0.287162
1 0.547741 0.369952 0.522644 0.369952 0.522644 0.293509 0.547741 0.293509
1 0.522644 0.378894 0.500144 0.378894 0.500144 0.302162 0.522644 0.302162
1 0.497259 0.387259 0.472452 0.387259 0.472452 0.311683 0.497259 0.311683
1 0.473209 0.391109 0.449892 0.389602 0.454676 0.315620 0.477994 0.317128
1 0.441648 0.394513 0.424242 0.393234 0.429313 0.324212 0.446719 0.325491
1 0.421530 0.397085 0.404123 0.395806 0.409192 0.326786 0.426598 0.328064
1 0.403169 0.397420 0.389070 0.396385 0.394137 0.327363 0.408236 0.328398
1 0.385248 0.405408 0.367378 0.403023 0.376531 0.334423 0.394402 0.336808
1 0.367401 0.405795 0.349955 0.403156 0.360099 0.336080 0.377545 0.338719
1 0.348259 0.410811 0.330812 0.408172 0.341163 0.339742 0.358609 0.342381
1 0.329510 0.414658 0.312040 0.412016 0.322389 0.343587 0.339859 0.346230
1 0.311001 0.416099 0.296336 0.413881 0.306186 0.348755 0.320852 0.350973
1 0.296805 0.420444 0.281664 0.418154 0.292017 0.349701 0.307158 0.351991
1 0.281391 0.417680 0.266325 0.414942 0.277767 0.351982 0.292833 0.354720
1 0.266709 0.419192 0.252803 0.416665 0.263578 0.357370 0.277485 0.359897
1 0.251316 0.422538 0.238353 0.420182 0.249789 0.357245 0.262752 0.359600
1 0.238577 0.423028 0.227744 0.421060 0.238394 0.362451 0.249227 0.364420
1 0.225267 0.424297 0.212069 0.421298 0.224756 0.365462 0.237955 0.368461
1 0.210341 0.427063 0.197142 0.424064 0.209828 0.368226 0.223027 0.371225
1 0.194716 0.431149 0.181517 0.428150 0.194203 0.372312 0.207402 0.375311
1 0.181245 0.435002 0.171377 0.432760 0.184067 0.376898 0.193936 0.379140
1 0.172356 0.437639 0.160847 0.435024 0.173533 0.379188 0.185042 0.381802
1 0.159551 0.440727 0.148579 0.438234 0.161266 0.382397 0.172238 0.384890
1 0.146315 0.443386 0.136281 0.441106 0.148972 0.385245 0.159006 0.387525
1 0.133823 0.446506 0.124259 0.444333 0.136946 0.388494 0.146509 0.390667
1 0.500433 0.295216 0.478317 0.295216 0.478317 0.221898 0.500433 0.221898
1 0.478498 0.301109 0.455744 0.299158 0.461886 0.227520 0.484641 0.229471
1 0.455944 0.304941 0.437525 0.303362 0.443455 0.234193 0.461873 0.235772
1 0.434544 0.308298 0.414208 0.306555 0.419903 0.240116 0.440239 0.241859
1 0.410859 0.316892 0.395339 0.315561 0.400967 0.249911 0.416488 0.251242
1 0.394175 0.319178 0.376298 0.317236 0.383036 0.255220 0.400913 0.257162
1 0.373627 0.321875 0.359192 0.319744 0.367936 0.260530 0.382370 0.262661
1 0.359184 0.327789 0.344748 0.325658 0.354108 0.262282 0.368544 0.264414
1 0.344447 0.331324 0.330013 0.329192 0.339375 0.265792 0.353809 0.267923
1 0.328831 0.334433 0.314395 0.332301 0.323499 0.270662 0.337934 0.272794
1 0.313206 0.335169 0.298770 0.333037 0.307491 0.273990 0.321927 0.276122
1 0.296698 0.339001 0.282262 0.336869 0.290730 0.279533 0.305166 0.281665
1 0.282642 0.340320 0.269873 0.338435 0.278344 0.281075 0.291113 0.282961
1 0.267794 0.345619 0.251623 0.343231 0.260091 0.285895 0.276261 0.288283
1 0.249851 0.348372 0.238103 0.346637 0.246494 0.289824 0.258242 0.291559
1 0.237580 0.348275 0.225831 0.346541 0.233573 0.294104 0.245322 0.295839
1 0.222906 0.353800 0.211181 0.352069 0.218994 0.299156 0.230719 0.300887
1 0.209442 0.355950 0.197717 0.354219 0.205245 0.303233 0.216970 0.304964
1 0.193965 0.360752 0.178475 0.357319 0.188630 0.311506 0.204121 0.314940
1 0.174328 0.366835 0.162834 0.363948 0.175167 0.314847 0.186661 0.317734
1 0.508352 0.213481 0.487461 0.211249 0.494341 0.146878 0.515231 0.149111
1 0.486220 0.218977 0.467767 0.217005 0.474645 0.152659 0.493098 0.154631
1 0.469537 0.222842 0.451180 0.220880 0.458058 0.156533 0.476416 0.158495
1 0.449730 0.233182 0.431300 0.231213 0.438178 0.166842 0.456608 0.168811
1 0.431509 0.241211 0.413056 0.239239 0.419933 0.174894 0.438386 0.176866
1 0.411047 0.245317 0.392706 0.242478 0.402607 0.178528 0.420947 0.181367
1 0.391026 0.251009 0.372687 0.248170 0.382098 0.187380 0.400437 0.190219
1 0.374245 0.256053 0.359066 0.253703 0.368472 0.192937 0.383652 0.195287
1 0.353659 0.259045 0.343431 0.256871 0.356220 0.196699 0.366448 0.198873
1 0.340555 0.259463 0.327527 0.256694 0.340309 0.196547 0.353338 0.199315
1 0.324806 0.263741 0.312601 0.261147 0.325120 0.202245 0.337325 0.204839
1 0.310166 0.268163 0.297963 0.265569 0.310483 0.206669 0.322686 0.209263
1 0.296480 0.275227 0.285664 0.272928 0.298185 0.214028 0.309000 0.216327
1 0.195070 0.310519 0.182867 0.307925 0.195388 0.249023 0.207591 0.251617
1 0.283475 0.278903 0.272683 0.276609 0.285203 0.217708 0.295995 0.220002
1 0.271700 0.280113 0.260906 0.277819 0.272363 0.223926 0.283156 0.226220
1 0.256573 0.284455 0.245756 0.282156 0.257416 0.227299 0.268233 0.229598
1 0.243345 0.287580 0.232528 0.285280 0.243289 0.234655 0.254106 0.236955
1 0.229023 0.291004 0.218230 0.288709 0.228741 0.239260 0.239534 0.241555
1 0.212269 0.299877 0.201451 0.297577 0.211963 0.248128 0.222780 0.250428
1 0.699184 0.352869 0.685008 0.334659 0.751247 0.283093 0.765423 0.301303
1 0.599423 0.033125 0.561923 0.033125 0.561923 0.000000 0.599423 0.000000
1 0.563366 0.053606 0.534808 0.053606 0.534808 0.000000 0.563366 0.000000
1 0.691761 0.259944 0.647727 0.171876 0.672159 0.159659 0.716194 0.247727
1 0.666194 0.262784 0.622159 0.174716 0.646590 0.162500 0.690625 0.250569
1 0.643982 0.274506 0.597718 0.174749 0.619929 0.164448 0.666194 0.264205
1 0.616993 0.278767 0.570729 0.179010 0.592940 0.168709 0.639205 0.268466
1 0.603777 0.279784 0.552556 0.184659 0.570939 0.174761 0.622159 0.269886
1 0.581639 0.286380 0.523909 0.193127 0.545964 0.179473 0.603694 0.272727
1 0.557491 0.293482 0.499763 0.200228 0.521818 0.186576 0.579545 0.279830
1 0.303390 0.149162 0.260778 0.095184 0.276989 0.082386 0.319602 0.136364
1 0.357937 0.179286 0.309642 0.111103 0.328125 0.098011 0.376420 0.166194
1 0.367879 0.172184 0.319584 0.104003 0.338069 0.090909 0.386364 0.159091
1 0.383505 0.165082 0.335209 0.096899 0.353694 0.083806 0.401989 0.151989
1 0.399129 0.157979 0.350834 0.089798 0.369319 0.076705 0.417614 0.144886
1 0.416175 0.149457 0.367880 0.081274 0.386364 0.068181 0.434659 0.136364
1 0.416175 0.149457 0.367880 0.081274 0.386364 0.068181 0.434659 0.136364
1 0.431799 0.145195 0.383504 0.077014 0.401989 0.063920 0.450284 0.132102
1 0.447425 0.138093 0.399130 0.069912 0.417614 0.056819 0.465909 0.125000
1 0.463050 0.128150 0.414754 0.059969 0.433239 0.046875 0.481534 0.115056
1 0.480096 0.121048 0.431800 0.052866 0.450284 0.039773 0.498580 0.107955
1 0.497141 0.113944 0.448846 0.045763 0.467330 0.032670 0.515625 0.100852
1 0.514343 0.107174 0.465958 0.027572 0.485706 0.015569 0.534091 0.095170
1 0.534473 0.095663 0.484012 0.002385 0.500675 -0.006629 0.551136 0.086648
1 0.606582 0.113875 0.576754 0.010182 0.602273 0.002841 0.632101 0.106534
1 0.569652 0.136602 0.539822 0.032910 0.565341 0.025569 0.595170 0.129261
