1 0.847308 0.410913 0.150577 0.410913 0.150577 0.233293 0.847308 0.233293
1 0.799183 0.558749 0.225048 0.558749 0.225048 0.434976 0.799183 0.434976
1 0.757933 0.644687 0.289231 0.644687 0.289231 0.566778 0.757933 0.566778
1 0.724688 0.718029 0.312139 0.718029 0.312139 0.635528 0.724688 0.635528
1 0.688029 0.768462 0.333918 0.768462 0.333918 0.707716 0.688029 0.707716
1 0.658798 0.803004 0.345769 0.803004 0.345769 0.749278 0.658798 0.749278
1 0.644207 0.839472 0.361058 0.839472 0.361058 0.799014 0.644207 0.799014
1 0.626298 0.861370 0.370313 0.861370 0.370313 0.829519 0.626298 0.829519
1 0.620986 0.883918 0.373630 0.883918 0.373630 0.852067 0.620986 0.852067
1 0.605072 0.907115 0.390865 0.907115 0.390865 0.875961 0.605072 0.875961
1 0.597115 0.923701 0.392188 0.923701 0.392188 0.899158 0.597115 0.899158
1 0.593125 0.934303 0.399495 0.934303 0.399495 0.917068 0.593125 0.917068
1 0.597788 0.949567 0.419375 0.949567 0.419375 0.921706 0.597788 0.921706
1 1.000000 0.550529 0.903438 0.550529 0.903438 0.451851 1.000000 0.451851
1 1.000000 0.644423 0.842163 0.644423 0.842163 0.569615 1.000000 0.569615
1 1.000000 0.716850 0.805553 0.716850 0.805553 0.638847 1.000000 0.638847
1 1.000000 0.762212 0.764952 0.762212 0.764952 0.712860 1.000000 0.712860
1 1.000000 0.807572 0.723582 0.807572 0.723582 0.769374 1.000000 0.769374
1 1.000000 0.828246 0.710048 0.828246 0.710048 0.798005 1.000000 0.798005
1 0.946394 0.850528 0.687764 0.850528 0.687764 0.816322 0.946394 0.816322
1 0.905817 0.875216 0.668678 0.875216 0.668678 0.848942 0.905817 0.848942
1 0.877957 0.898293 0.662308 0.898293 0.662308 0.871226 0.877957 0.871226
1 0.842957 0.914206 0.639231 0.914206 0.639231 0.891923 0.842957 0.891923
1 0.815096 0.926923 0.632067 0.926923 0.632067 0.911009 0.815096 0.911009
1 0.799183 0.939663 0.618534 0.939663 0.618534 0.923749 0.799183 0.923749
1 0.777692 0.951610 0.617740 0.951610 0.617740 0.931706 0.777692 0.931706
