0 0.141128 0.745738 -0.026763 0.716570 0.000000 0.562526 0.167891 0.591694
0 0.450091 0.816644 0.414247 0.816644 0.414247 0.351722 0.450091 0.351722
0 0.235659 0.637671 -0.011980 0.610627 0.000000 0.500928 0.247639 0.527971
0 0.478769 0.762204 0.447134 0.762204 0.447134 0.338382 0.478769 0.338382
0 0.326962 0.999074 0.269738 0.999074 0.269738 0.425587 0.326962 0.425587
0 0.373987 0.958796 0.324717 0.958796 0.324717 0.406501 0.373987 0.406501
0 0.414448 0.892809 0.368896 0.892809 0.368896 0.383272 0.414448 0.383272
0 0.527251 0.679553 0.501639 0.679553 0.501639 0.311511 0.527251 0.311511
0 0.503075 0.719207 0.477397 0.719207 0.477397 0.320779 0.503075 0.320779
0 0.552256 0.644077 0.527608 0.644077 0.527608 0.299311 0.552256 0.299311
0 0.576293 0.616861 0.551265 0.616861 0.551265 0.285841 0.576293 0.285841
0 0.594369 0.597037 0.573617 0.597037 0.573617 0.280548 0.594369 0.280548
0 0.064638 0.884424 -0.000000 0.884424 0.000000 0.685140 0.064638 0.685140
0 0.607721 0.566829 0.592573 0.566459 0.599753 0.272223 0.614900 0.272593
0 0.623677 0.548813 0.608605 0.548718 0.610321 0.274350 0.625394 0.274444
0 0.632935 0.526878 0.618844 0.526376 0.628092 0.266536 0.642182 0.267037
0 0.648891 0.507544 0.635467 0.507225 0.641351 0.259311 0.654774 0.259630
0 0.660644 0.495645 0.648898 0.495369 0.654571 0.253798 0.666317 0.254074
0 0.669758 0.479398 0.657293 0.479069 0.663295 0.251893 0.675761 0.252222
