0 0.601222 0.616311 0.557461 0.614501 0.568520 0.347177 0.612281 0.348987
0 0.668416 0.619444 0.614376 0.619444 0.614376 0.335185 0.668416 0.335185
0 0.433368 0.587248 0.399073 0.585809 0.409147 0.345738 0.443442 0.347177
0 0.715111 0.620370 0.665268 0.620370 0.665268 0.336111 0.715111 0.336111
0 0.335782 0.537037 0.320566 0.537037 0.320566 0.334259 0.335782 0.334259
0 0.353620 0.549075 0.335782 0.549075 0.335782 0.336112 0.353620 0.336112
0 0.368310 0.558334 0.350472 0.558334 0.350472 0.345370 0.368310 0.345370
0 0.402413 0.575926 0.369885 0.575926 0.369885 0.349074 0.402413 0.349074
0 0.513954 0.608113 0.477061 0.607392 0.482100 0.349420 0.518993 0.350141
0 0.468625 0.593176 0.434330 0.591737 0.444404 0.351666 0.478699 0.353105
