0 0.669465 0.455556 0.639559 0.455556 0.639559 0.219445 0.669465 0.219445
0 0.636412 0.456481 0.606506 0.456481 0.606506 0.220371 0.636412 0.220371
0 0.602833 0.463888 0.572927 0.463888 0.572927 0.227778 0.602833 0.227778
0 0.568206 0.466666 0.538300 0.466666 0.538300 0.230556 0.568206 0.230556
0 0.533578 0.471297 0.503672 0.471297 0.503672 0.235186 0.533578 0.235186
0 0.503673 0.482407 0.473767 0.482407 0.473767 0.246297 0.503673 0.246297
0 0.472718 0.482407 0.442812 0.482407 0.442812 0.246297 0.472718 0.246297
0 0.441238 0.483334 0.411332 0.483334 0.411332 0.247222 0.441238 0.247222
0 0.415005 0.517593 0.385624 0.517593 0.385624 0.251852 0.415005 0.251852
0 0.848688 0.999074 0.553587 0.877292 0.698583 0.525938 0.993684 0.647720
0 0.541911 0.862879 0.381952 0.730995 0.616536 0.446473 0.776495 0.578357
0 0.328462 0.726215 0.258552 0.612069 0.553805 0.431237 0.623715 0.545382
0 0.381952 0.425718 0.363484 0.425718 0.363484 0.263333 0.381952 0.263333
0 0.338253 0.408369 0.334896 0.271173 0.352571 0.270741 0.355929 0.407936
0 0.313001 0.392003 0.310482 0.276665 0.327387 0.276296 0.329906 0.391634
0 0.295372 0.396450 0.292854 0.281111 0.309759 0.280742 0.312277 0.396081
0 0.218972 0.645053 0.170409 0.554274 0.450913 0.404218 0.499475 0.494997
0 0.142707 0.564647 0.119145 0.491803 0.389449 0.404370 0.413012 0.477214
