1 1.054637 0.643614 0.524698 0.113675 0.673293 -0.034919 1.203232 0.495020
1 0.896134 0.755443 0.446900 0.306209 0.577205 0.175904 1.026439 0.625138
1 0.774583 0.840041 0.396331 0.461790 0.494544 0.363577 0.872796 0.741828
1 0.678307 0.885731 0.344794 0.552218 0.418700 0.478312 0.752213 0.811825
1 0.583987 0.941161 0.287427 0.644601 0.355503 0.576525 0.652063 0.873084
1 0.519820 0.970345 0.247550 0.698076 0.294226 0.651399 0.566496 0.923669
1 0.460515 0.992697 0.217413 0.749595 0.260196 0.706813 0.503298 0.949915
1 0.402467 1.017259 0.184692 0.799484 0.228020 0.756157 0.445794 0.973932
1 0.368710 1.034121 0.165570 0.830981 0.193140 0.803411 0.396280 1.006551
1 0.351237 1.057238 0.146974 0.852976 0.169513 0.830437 0.373776 1.034699
1 0.396621 0.229482 0.229787 0.062648 0.361061 -0.068625 0.527894 0.098208
1 0.312023 0.358817 0.122821 0.169615 0.222988 0.069448 0.412190 0.258650
1 0.255624 0.471615 0.038222 0.254213 0.120882 0.171553 0.338284 0.388955
1 0.216733 0.549397 -0.020114 0.312550 0.038222 0.254213 0.275069 0.491060
1 0.175904 0.605795 -0.068728 0.361163 -0.020114 0.312550 0.224518 0.557182
1 0.146736 0.664132 -0.084688 0.432707 -0.038998 0.387017 0.192427 0.618441
1 0.135059 0.724422 -0.090536 0.498828 -0.052613 0.460906 0.172981 0.686500
1 0.115614 0.755528 -0.096366 0.543549 -0.069153 0.516336 0.142827 0.728315
1 0.096151 0.786651 -0.093459 0.597041 -0.063305 0.566887 0.126305 0.756497
