0 0.768984 0.651196 0.713248 0.651196 0.713248 0.363309 0.768984 0.363309
0 0.791396 0.658746 0.735811 0.654325 0.758716 0.366358 0.814300 0.370779
0 0.724676 0.645893 0.671012 0.645893 0.671012 0.367167 0.724676 0.367167
0 0.837566 0.667638 0.777427 0.662180 0.804146 0.367795 0.864285 0.373254
0 0.463784 0.624662 0.409973 0.624662 0.409973 0.340639 0.463784 0.340639
0 0.885076 0.675563 0.822503 0.669474 0.851044 0.376200 0.913617 0.382290
0 0.509698 0.624662 0.455778 0.624662 0.455778 0.340870 0.509698 0.340870
0 0.592944 0.632234 0.540660 0.632234 0.540660 0.346193 0.592944 0.346193
0 0.136493 0.677646 0.069545 0.677646 0.069545 0.333032 0.136493 0.333032
0 0.189295 0.669119 0.124481 0.669119 0.124481 0.336997 0.189295 0.336997
0 0.332692 0.637999 0.273134 0.637999 0.273134 0.344401 0.332692 0.344401
0 0.379691 0.632071 0.320549 0.632071 0.320549 0.343404 0.379691 0.343404
0 0.075401 0.688019 0.005947 0.688019 0.005947 0.332217 0.075401 0.332217
0 0.288805 0.646891 0.228879 0.646891 0.228879 0.341714 0.288805 0.341714
0 0.550133 0.626144 0.497288 0.626144 0.497288 0.344591 0.550133 0.344591
0 0.420264 0.626144 0.364710 0.626144 0.364710 0.341307 0.420264 0.341307
0 0.241474 0.657265 0.176304 0.657265 0.176304 0.337710 0.241474 0.337710
0 0.984760 0.694437 0.909033 0.694437 0.909033 0.389207 0.984760 0.389207
0 0.633010 0.635036 0.582378 0.635036 0.582378 0.359219 0.633010 0.359219
0 0.999475 0.713319 0.974225 0.713319 0.974225 0.396618 0.999475 0.396618
