0 0.694531 0.786111 0.636718 0.786111 0.636718 0.494444 0.694531 0.494444
0 0.968750 0.925001 0.809374 0.925001 0.809374 0.548611 0.968750 0.548611
0 0.558593 0.838890 0.484375 0.838890 0.484375 0.534724 0.558593 0.534724
0 0.776563 0.781944 0.694531 0.781944 0.694531 0.490276 0.776563 0.490276
0 0.853906 0.547224 0.782031 0.547224 0.782031 0.495833 0.853906 0.495833
0 0.923438 0.541667 0.851562 0.541667 0.851562 0.490276 0.923438 0.490276
0 0.978906 0.527778 0.937500 0.527778 0.937500 0.481944 0.978906 0.481944
0 0.452679 0.758610 0.374107 0.758610 0.374107 0.510917 0.452679 0.510917
0 0.291964 0.742732 0.275000 0.742732 0.275000 0.488492 0.291964 0.488492
0 0.258042 0.739618 0.257149 0.485575 0.275000 0.485512 0.275893 0.739556
0 0.263393 0.739556 0.242857 0.739556 0.242857 0.486508 0.263393 0.486508
0 0.245535 0.738101 0.226786 0.737968 0.228572 0.485380 0.247321 0.485512
0 0.227677 0.736553 0.211607 0.736381 0.214287 0.486927 0.230357 0.487100
0 0.467882 0.799217 0.459728 0.504368 0.492739 0.503455 0.500893 0.798304
