0 0.000605 0.530679 -0.032686 0.389817 0.165660 0.342941 0.198951 0.483803
0 0.000000 0.430371 -0.067232 0.248384 0.035380 0.210475 0.102612 0.392462
0 0.430692 0.661764 0.388394 0.661764 0.388394 0.174683 0.430692 0.174683
0 0.388516 0.633030 0.338708 0.633030 0.338708 0.102542 0.388516 0.102542
0 0.028874 0.608721 0.007338 0.502877 0.266398 0.450169 0.287933 0.556013
0 0.551183 0.731322 0.521811 0.731322 0.521811 0.355412 0.551183 0.355412
0 0.464690 0.675571 0.426864 0.675571 0.426864 0.234046 0.464690 0.234046
0 0.519275 0.714911 0.490401 0.714911 0.490401 0.322462 0.519275 0.322462
0 0.344756 0.609873 0.289690 0.609873 0.289690 0.038628 0.344756 0.038628
0 0.579635 0.737037 0.550717 0.737037 0.550717 0.388724 0.579635 0.388724
0 0.493257 0.698950 0.461521 0.698950 0.461521 0.272729 0.493257 0.272729
0 0.587948 0.739684 0.575278 0.421753 0.600132 0.420763 0.612802 0.738694
0 0.612088 0.741025 0.605222 0.451241 0.620627 0.450876 0.627492 0.740660
0 0.629910 0.751263 0.618940 0.472069 0.637089 0.471356 0.648059 0.750550
0 0.647283 0.759968 0.638825 0.491212 0.655551 0.490686 0.664008 0.759441
0 0.664406 0.760122 0.654286 0.516495 0.670677 0.515814 0.680798 0.759441
0 0.682119 0.768942 0.672003 0.538652 0.683483 0.538148 0.693599 0.768438
