0 0.254359 0.940347 0.021980 0.707968 0.072467 0.657480 0.304847 0.889860
0 0.557899 0.608214 0.370743 0.425842 0.399123 0.396718 0.586279 0.579089
0 0.493973 0.667933 0.294411 0.468370 0.333622 0.429158 0.533185 0.628721
0 0.610663 0.545808 0.426706 0.361851 0.465533 0.323024 0.649490 0.506981
0 0.526377 0.633787 0.346008 0.446272 0.372500 0.420789 0.552870 0.608304
0 0.579740 0.577290 0.392180 0.389730 0.421198 0.360712 0.608759 0.548272
0 0.822848 0.516457 0.618937 0.267172 0.662179 0.231801 0.866090 0.481085
0 0.872339 0.490664 0.665309 0.237566 0.705015 0.205087 0.912045 0.458185
0 0.932207 0.469353 0.719976 0.206371 0.753104 0.179636 0.965335 0.442618
0 0.299684 0.909693 0.067305 0.677314 0.117792 0.626827 0.350171 0.859205
0 0.341513 0.877988 0.127058 0.638068 0.166550 0.602768 0.381005 0.842688
0 0.376396 0.845201 0.161941 0.605282 0.201432 0.569982 0.415887 0.809901
