0 0.727765 0.957534 0.253772 0.957534 0.253772 0.070899 0.727765 0.070899
0 0.982284 0.290535 0.949514 0.290535 0.949514 0.003297 0.982284 0.003297
0 0.953767 0.270244 0.921503 0.270244 0.921503 0.003340 0.953767 0.003340
0 0.926651 0.256299 0.897261 0.256299 0.897261 0.005010 0.926651 0.005010
0 0.856184 0.221264 0.831670 0.221264 0.831670 0.002960 0.856184 0.002960
0 0.879074 0.230794 0.853466 0.230794 0.853466 0.001926 0.879074 0.001926
0 0.999219 0.306964 0.979240 0.306964 0.979240 0.003701 0.999219 0.003701
0 0.818524 0.201587 0.796668 0.201587 0.796668 0.000113 0.818524 0.000113
0 0.900627 0.242290 0.872609 0.242290 0.872609 0.005212 0.900627 0.005212
0 0.800506 0.188435 0.779580 0.188435 0.779580 0.000397 0.800506 0.000397
0 0.836099 0.211611 0.814351 0.211611 0.814351 0.000535 0.836099 0.000535
0 0.784434 0.188037 0.763509 0.188037 0.763509 0.000000 0.784434 0.000000
0 0.766071 0.172721 0.750389 0.172513 0.752682 -0.000208 0.768363 0.000000
0 0.753572 0.172721 0.737890 0.172513 0.740182 -0.000208 0.755863 0.000000
0 0.741964 0.172721 0.726282 0.172513 0.728574 -0.000208 0.744256 0.000000
0 0.726718 0.144511 0.716071 0.144140 0.721110 -0.000371 0.731756 0.000000
0 0.716004 0.144511 0.705357 0.144140 0.710395 -0.000371 0.721042 0.000000
0 0.705289 0.144511 0.694643 0.144140 0.699682 -0.000371 0.710327 0.000000
0 0.696361 0.144511 0.685714 0.144140 0.690752 -0.000371 0.701398 0.000000
0 0.689218 0.144511 0.678571 0.144140 0.683609 -0.000371 0.694255 0.000000
0 0.685802 0.133026 0.613393 0.133026 0.613393 0.000000 0.685802 0.000000
