0 0.104092 0.831766 -0.074418 0.756449 0.016244 0.541571 0.194753 0.616887
0 0.274333 0.662641 -0.020316 0.619665 0.000839 0.474622 0.295488 0.517598
0 0.597601 0.674669 0.564603 0.674669 0.564603 0.231037 0.597601 0.231037
0 0.535072 0.764794 0.491080 0.764794 0.491080 0.287633 0.535072 0.287633
0 0.627234 0.629579 0.595364 0.629579 0.595364 0.225524 0.627234 0.225524
0 0.653853 0.584540 0.626737 0.584540 0.626737 0.209150 0.653853 0.209150
0 0.568873 0.710529 0.531293 0.710529 0.531293 0.258857 0.568873 0.258857
0 0.447237 0.891257 0.389801 0.891257 0.389801 0.352740 0.447237 0.352740
0 0.491814 0.829658 0.439102 0.829658 0.439102 0.334720 0.491814 0.334720
0 0.678251 0.549532 0.652799 0.549532 0.652799 0.194751 0.678251 0.194751
0 0.378545 0.526660 0.109114 0.502091 0.120076 0.381884 0.389507 0.406454
0 0.696899 0.522682 0.674675 0.522682 0.674675 0.182371 0.696899 0.182371
0 0.043652 0.895568 0.000091 0.895568 0.000091 0.751513 0.043652 0.751513
0 0.713544 0.503019 0.694788 0.502838 0.697929 0.177967 0.716684 0.178148
0 0.727028 0.480703 0.714585 0.480614 0.716833 0.166948 0.729276 0.167037
0 0.742722 0.460147 0.724522 0.459820 0.729964 0.157450 0.748164 0.157778
0 0.755187 0.443907 0.739769 0.443566 0.746387 0.144474 0.761805 0.144815
0 0.766144 0.423174 0.750393 0.422713 0.758645 0.140650 0.774397 0.141111
0 0.779714 0.403839 0.764929 0.403554 0.770105 0.135270 0.784890 0.135556
0 0.789043 0.383100 0.774113 0.382788 0.779403 0.129688 0.794334 0.130000
0 0.797083 0.366830 0.785100 0.366506 0.791795 0.118565 0.803778 0.118889
0 0.809155 0.347649 0.794854 0.347205 0.802068 0.114741 0.816369 0.115185
