0 0.682056 0.685056 0.628542 0.685056 0.628542 0.388889 0.682056 0.388889
0 0.538081 0.677695 0.483522 0.677529 0.484370 0.398878 0.538930 0.399044
0 0.588143 0.679128 0.532004 0.679128 0.532004 0.379444 0.588143 0.379444
0 0.632215 0.685056 0.582371 0.685056 0.582371 0.385185 0.632215 0.385185
0 0.732529 0.682092 0.680063 0.682092 0.680063 0.388889 0.732529 0.388889
0 0.096012 0.550926 0.018888 0.550926 0.018888 0.356482 0.096012 0.356482
0 0.380273 0.662827 0.326211 0.658303 0.348037 0.397484 0.402099 0.402008
0 0.319004 0.655584 0.317314 0.402008 0.342486 0.401841 0.344176 0.655417
0 0.292141 0.648175 0.290451 0.394598 0.315624 0.394430 0.317314 0.648007
0 0.268637 0.628923 0.266946 0.393117 0.292118 0.392936 0.293809 0.628743
0 0.258044 0.617243 0.252000 0.394685 0.265099 0.394329 0.271144 0.616887
0 0.242934 0.602423 0.236889 0.379866 0.249989 0.379511 0.256034 0.602068
