0 0.104315 0.725806 0.027675 0.725806 0.027675 0.365961 0.104315 0.365961
0 0.161297 0.709502 0.091257 0.709502 0.091257 0.366001 0.161297 0.366001
0 0.216584 0.693564 0.145542 0.693564 0.145542 0.366534 0.216584 0.366534
0 0.715865 0.652440 0.663997 0.652440 0.663997 0.373062 0.715865 0.373062
0 0.363943 0.666889 0.304391 0.666889 0.304391 0.362175 0.363943 0.362175
0 0.453399 0.662444 0.399437 0.662444 0.399437 0.360426 0.453399 0.360426
0 0.315427 0.674299 0.253380 0.674299 0.253380 0.361276 0.315427 0.361276
0 0.758927 0.650958 0.704897 0.650958 0.704897 0.373607 0.758927 0.373607
0 0.864284 0.668741 0.803156 0.668741 0.803156 0.374196 0.864284 0.374196
0 0.496769 0.661890 0.448664 0.661890 0.448664 0.361706 0.496769 0.361706
0 0.407726 0.665407 0.353301 0.665407 0.353301 0.362259 0.407726 0.362259
0 0.041321 0.746556 0.001030 0.746556 0.001030 0.368704 0.041321 0.368704
0 0.635353 0.655033 0.578687 0.655033 0.578687 0.370862 0.635353 0.370862
0 0.265688 0.683191 0.202650 0.683191 0.202650 0.362184 0.265688 0.362184
0 0.807027 0.662814 0.747635 0.662814 0.747635 0.372697 0.807027 0.372697
0 0.675273 0.655771 0.622710 0.655771 0.622710 0.369995 0.675273 0.369995
0 0.537961 0.662444 0.489178 0.662444 0.489178 0.365990 0.537961 0.365990
0 0.916148 0.682862 0.853515 0.682862 0.853515 0.381964 0.916148 0.381964
