0 0.394422 0.534395 0.255223 0.395196 0.273024 0.377395 0.412223 0.516594
0 0.912478 0.550655 0.748868 0.342274 0.940745 0.191622 1.104355 0.400002
0 0.739970 0.548176 0.681804 0.301255 0.840104 0.263965 0.898270 0.510886
0 0.619985 0.586975 0.611575 0.325859 0.729618 0.322056 0.738028 0.583173
0 0.627769 0.611647 0.535703 0.611022 0.537230 0.386126 0.629296 0.386751
0 0.532476 0.652521 0.451640 0.642708 0.478169 0.424176 0.559005 0.433989
0 0.745196 0.964846 0.365461 0.637627 0.394763 0.603622 0.774498 0.930841
0 0.713911 0.995436 0.322138 0.662664 0.344736 0.636059 0.736509 0.968831
0 0.629937 0.964205 0.279319 0.676666 0.296904 0.655225 0.647521 0.942763
0 0.550813 0.942245 0.247701 0.689955 0.264432 0.669854 0.567544 0.922144
0 0.499644 0.925985 0.214550 0.696473 0.226955 0.681064 0.512049 0.910575
0 0.442516 0.933808 0.178196 0.716024 0.194360 0.696406 0.458680 0.914190
0 0.396424 0.924963 0.161974 0.712627 0.170728 0.702962 0.405178 0.915298
0 0.413382 0.506805 0.286628 0.386197 0.298878 0.373323 0.425631 0.493931
0 0.391842 0.555619 0.255382 0.424257 0.267351 0.411823 0.403812 0.543184
0 0.459336 0.413259 0.341420 0.302474 0.350905 0.292379 0.468821 0.403164
