0 0.603358 0.645043 0.542498 0.645043 0.542498 0.350926 0.603358 0.350926
0 0.699895 0.645370 0.644281 0.645370 0.644281 0.353704 0.699895 0.353704
0 0.651626 0.646297 0.598112 0.646297 0.598112 0.353704 0.651626 0.353704
0 0.552465 0.637634 0.497376 0.637634 0.497376 0.357407 0.552465 0.357407
0 0.413956 0.613923 0.377754 0.613923 0.377754 0.362963 0.413956 0.362963
0 0.324763 0.576853 0.301679 0.576853 0.301679 0.359260 0.324763 0.359260
0 0.357817 0.590741 0.324239 0.590741 0.324239 0.358334 0.357817 0.358334
0 0.388772 0.605031 0.349423 0.605031 0.349423 0.360186 0.388772 0.360186
0 0.736096 0.646526 0.690451 0.646526 0.690451 0.353704 0.736096 0.353704
0 0.449107 0.620370 0.412906 0.620370 0.412906 0.367592 0.449107 0.367592
0 0.301679 0.574074 0.278594 0.574074 0.278594 0.356482 0.301679 0.356482
0 0.010980 0.531027 0.007345 0.333704 0.101458 0.331970 0.105093 0.529293
0 0.247590 0.475299 0.156978 0.474622 0.158077 0.327472 0.248688 0.328148
