0 0.163556 0.630864 -0.027000 0.595230 0.000000 0.450844 0.190556 0.486478
0 0.534653 0.662984 0.499501 0.662984 0.499501 0.255324 0.534653 0.255324
0 0.500779 0.707876 0.463577 0.707876 0.463577 0.263405 0.500779 0.263405
0 0.463088 0.758655 0.416706 0.758655 0.416706 0.280244 0.463088 0.280244
0 0.251597 0.531751 -0.015769 0.487318 0.002099 0.379804 0.269465 0.424237
0 0.417091 0.822238 0.365483 0.822238 0.365483 0.301023 0.417091 0.301023
0 0.368664 0.907706 0.315996 0.907706 0.315996 0.328324 0.368664 0.328324
0 0.323121 0.965275 0.267067 0.965275 0.267067 0.371360 0.323121 0.371360
0 0.070514 0.736718 0.000228 0.736718 0.000228 0.553952 0.070514 0.553952
0 0.563701 0.632144 0.534327 0.632144 0.534327 0.228560 0.563701 0.228560
0 0.590659 0.586308 0.562605 0.586308 0.562605 0.225754 0.590659 0.225754
0 0.613204 0.565935 0.592318 0.565767 0.595064 0.224276 0.615950 0.224444
0 0.636021 0.536198 0.614271 0.536136 0.615186 0.213015 0.636936 0.213077
0 0.653222 0.512761 0.632985 0.512384 0.638734 0.203697 0.658972 0.204074
