0 0.698824 0.683157 0.687490 0.399238 0.729486 0.397562 0.740819 0.681481
0 0.105980 0.551852 0.011017 0.551852 0.011017 0.369445 0.105980 0.369445
0 0.364638 0.656482 0.321616 0.656482 0.321616 0.400926 0.364638 0.400926
0 0.320567 0.649074 0.290137 0.649074 0.290137 0.399074 0.320567 0.399074
0 0.289087 0.638889 0.265477 0.638889 0.265477 0.399074 0.289087 0.399074
0 0.266002 0.620370 0.248164 0.620370 0.248164 0.397222 0.266002 0.397222
0 0.649802 0.689207 0.647701 0.407983 0.690029 0.407666 0.692131 0.688891
0 0.600223 0.690436 0.599798 0.409425 0.642178 0.409360 0.642603 0.690372
0 0.546497 0.690436 0.546073 0.409425 0.588453 0.409360 0.588878 0.690372
0 0.496970 0.691919 0.496545 0.410907 0.538925 0.410843 0.539350 0.691855
0 0.446602 0.690436 0.446177 0.409425 0.488558 0.409360 0.488983 0.690372
0 0.441973 0.679999 0.399542 0.679797 0.400814 0.412363 0.443245 0.412565
