0 0.997596 0.512620 0.972356 0.512620 0.972356 0.362380 0.997596 0.362380
0 0.872197 0.918259 0.528846 0.892428 0.561690 0.455854 0.905041 0.481685
0 0.966046 0.512620 0.940805 0.512620 0.940805 0.362380 0.966046 0.362380
0 0.937500 0.511118 0.907752 0.511118 0.907752 0.360877 0.937500 0.360877
0 0.874399 0.401142 0.849159 0.401142 0.849159 0.356370 0.874399 0.356370
0 0.845853 0.401142 0.820613 0.401142 0.820613 0.356370 0.845853 0.356370
0 0.817308 0.389123 0.792067 0.389123 0.792067 0.351863 0.817308 0.351863
0 0.794772 0.390625 0.769531 0.390625 0.769531 0.353365 0.794772 0.353365
0 0.773738 0.389123 0.748498 0.389123 0.748498 0.351863 0.773738 0.351863
0 0.773738 0.389123 0.748498 0.389123 0.748498 0.351863 0.773738 0.351863
0 0.773738 0.389123 0.748498 0.389123 0.748498 0.351863 0.773738 0.351863
0 0.755709 0.386118 0.730469 0.386118 0.730469 0.348858 0.755709 0.348858
0 0.733173 0.381611 0.707933 0.381611 0.707933 0.344351 0.733173 0.344351
