0 0.747345 0.985229 0.247119 0.985229 0.247119 0.073171 0.747345 0.073171
0 0.037648 0.290406 0.003708 0.290406 0.003708 0.005850 0.037648 0.005850
0 0.064523 0.272919 0.031676 0.272919 0.031676 0.002901 0.064523 0.002901
0 0.090777 0.258600 0.059756 0.258600 0.059756 0.006660 0.090777 0.006660
0 0.136009 0.230751 0.109855 0.230751 0.109855 0.005614 0.136009 0.005614
0 0.114394 0.247693 0.086680 0.247693 0.086680 0.012783 0.114394 0.012783
0 0.155481 0.222424 0.130645 0.222424 0.130645 0.004426 0.155481 0.004426
0 0.175831 0.211608 0.152208 0.211608 0.152208 0.003392 0.175831 0.003392
0 0.192560 0.200478 0.170415 0.200478 0.170415 0.001844 0.192560 0.001844
0 0.210418 0.198633 0.188272 0.198633 0.188272 0.000000 0.210418 0.000000
0 0.225596 0.177483 0.205580 0.177483 0.205580 0.000000 0.225596 0.000000
0 0.239882 0.177483 0.219866 0.177483 0.219866 0.000000 0.239882 0.000000
0 0.239143 0.165272 0.233259 -0.000000 0.247526 -0.000508 0.253410 0.164764
0 0.252535 0.165272 0.246652 0.000000 0.260919 -0.000508 0.266803 0.164764
0 0.262723 0.150492 0.257366 -0.000000 0.271972 -0.000520 0.277329 0.149972
0 0.273437 0.148904 0.268080 0.000000 0.282633 -0.000524 0.287990 0.148381
0 0.283259 0.148904 0.277902 -0.000000 0.292454 -0.000524 0.297811 0.148381
0 0.295193 0.136782 0.286830 -0.000000 0.301063 -0.000870 0.309426 0.135912
0 0.310562 0.155322 0.303369 -0.000000 0.378633 -0.003486 0.385827 0.151836
