0 0.535676 0.386418 0.364946 0.215688 0.391380 0.189254 0.562110 0.359983
0 0.644078 0.263084 0.482155 0.101161 0.512542 0.070774 0.674465 0.232697
0 0.557183 0.366205 0.387640 0.196662 0.414020 0.170281 0.583564 0.339825
0 0.623824 0.289172 0.460328 0.125677 0.488113 0.097892 0.651609 0.261388
0 0.602062 0.314877 0.435554 0.148369 0.463701 0.120222 0.630209 0.286730
0 0.500094 0.429858 0.326862 0.256626 0.348632 0.234855 0.521865 0.408088
0 0.577589 0.338440 0.410272 0.171122 0.438634 0.142759 0.605952 0.310077
0 0.515277 0.406519 0.346174 0.237415 0.369734 0.213856 0.538837 0.382959
0 0.488905 0.463702 0.305161 0.279958 0.330420 0.254699 0.514164 0.438443
0 0.780494 0.675661 0.637795 0.298150 1.049576 0.142497 1.192275 0.520008
0 0.749628 0.706527 0.520345 0.702864 0.527252 0.270519 0.756535 0.274182
0 0.489491 0.707555 0.349088 0.658576 0.465143 0.325894 0.605546 0.374873
0 0.323637 0.700793 0.246487 0.653973 0.411485 0.382093 0.488634 0.428913
0 0.232006 0.693635 0.185160 0.663226 0.331962 0.437074 0.378808 0.467482
0 0.178709 0.663451 0.140685 0.631226 0.292419 0.452187 0.330443 0.484411
0 0.340652 0.450413 0.252050 0.357062 0.266522 0.343326 0.355125 0.436676
