0 0.088283 0.642962 -0.033626 0.619958 0.000441 0.439423 0.122350 0.462428
0 0.231248 0.551045 -0.019828 0.511454 0.001390 0.376897 0.252466 0.416488
0 0.535776 0.595403 0.507466 0.595403 0.507466 0.218145 0.535776 0.218145
0 0.536201 0.542452 0.532498 0.211758 0.557188 0.211481 0.560891 0.542175
0 0.562958 0.505417 0.558595 0.198812 0.579224 0.198519 0.583587 0.505124
0 0.602415 0.477305 0.581482 0.477236 0.582425 0.192894 0.603358 0.192963
0 0.619927 0.450709 0.599466 0.450531 0.601784 0.183526 0.622246 0.183704
0 0.639379 0.428393 0.621826 0.428343 0.622531 0.178099 0.640084 0.178148
0 0.653098 0.407912 0.635528 0.407480 0.641402 0.168457 0.658972 0.168889
0 0.668388 0.376907 0.652629 0.376445 0.658953 0.161019 0.674711 0.161481
