0 0.568520 0.651261 0.557461 0.383937 0.601222 0.382127 0.612281 0.649450
0 0.668416 0.663252 0.614376 0.663252 0.614376 0.378993 0.668416 0.378993
0 0.409147 0.652700 0.399073 0.412628 0.433368 0.411189 0.443442 0.651261
0 0.715111 0.662326 0.665268 0.662326 0.665268 0.378067 0.715111 0.378067
0 0.335782 0.664178 0.320566 0.664178 0.320566 0.461400 0.335782 0.461400
0 0.353620 0.662325 0.335782 0.662325 0.335782 0.449362 0.353620 0.449362
0 0.368310 0.653067 0.350472 0.653067 0.350472 0.440103 0.368310 0.440103
0 0.402413 0.649363 0.369885 0.649363 0.369885 0.422512 0.402413 0.422512
0 0.482100 0.649017 0.477061 0.391046 0.513954 0.390325 0.518993 0.648297
0 0.444404 0.646772 0.434330 0.406701 0.468625 0.405262 0.478699 0.645333
