0 0.411587 0.815625 0.306538 0.815625 0.306538 0.244471 0.411587 0.244471
0 0.245184 0.735948 0.222834 0.278970 0.294383 0.275471 0.316733 0.732449
0 0.197555 0.703198 0.180676 0.300474 0.246508 0.297715 0.263387 0.700439
0 0.167145 0.672083 0.141577 0.332033 0.182903 0.328926 0.208471 0.668976
0 0.459111 1.000000 0.393101 1.000000 0.393101 0.944255 0.459111 0.944255
0 0.384856 1.000000 0.299591 1.000000 0.299591 0.867260 0.384856 0.867260
0 0.303726 1.000000 0.239087 1.000000 0.239087 0.842500 0.303726 0.842500
0 0.247332 1.000000 0.189591 1.000000 0.189591 0.794375 0.247332 0.794375
0 0.210216 1.000000 0.156587 1.000000 0.156587 0.750361 0.210216 0.750361
0 0.167572 0.986899 0.122212 0.986899 0.122212 0.740745 0.167572 0.740745
0 0.138702 0.942885 0.096082 0.942885 0.096082 0.715986 0.138702 0.715986
0 0.111202 0.909880 0.079567 0.909880 0.079567 0.699495 0.111202 0.699495
0 0.079567 0.878245 0.053437 0.878245 0.053437 0.656851 0.079567 0.656851
