0 0.679688 0.904167 0.242969 0.904167 0.242969 0.062499 0.679688 0.062499
0 0.999219 0.306944 0.971094 0.306944 0.971094 0.011112 0.999219 0.011112
0 0.917188 0.256944 0.887501 0.256944 0.887501 0.004167 0.917188 0.004167
0 0.943749 0.269444 0.911718 0.269444 0.911718 0.004167 0.943749 0.004167
0 0.975780 0.287500 0.939844 0.287500 0.939844 0.002778 0.975780 0.002778
0 0.869531 0.230556 0.842969 0.230556 0.842969 0.004167 0.869531 0.004167
0 0.846874 0.219444 0.821093 0.219444 0.821093 0.002778 0.846874 0.002778
0 0.892969 0.241667 0.865625 0.241667 0.865625 0.002776 0.892969 0.002776
0 0.807032 0.197224 0.785157 0.197224 0.785157 0.001389 0.807032 0.001389
0 0.825782 0.209722 0.803907 0.209722 0.803907 0.002778 0.825782 0.002778
0 0.789844 0.186111 0.769531 0.186111 0.769531 0.001389 0.789844 0.001389
0 0.754687 0.168056 0.735156 0.168056 0.735156 0.001389 0.754687 0.001389
0 0.774999 0.176390 0.755468 0.176390 0.755468 0.009722 0.774999 0.009722
0 0.741071 0.163193 0.725606 0.162833 0.729401 -0.000360 0.744866 0.000000
0 0.727679 0.163193 0.712213 0.162834 0.716007 -0.000360 0.731473 0.000000
0 0.716071 0.163193 0.700606 0.162833 0.704401 -0.000360 0.719866 0.000000
0 0.703699 0.141753 0.690341 0.141323 0.694901 -0.000430 0.708259 0.000000
0 0.694770 0.141753 0.681413 0.141323 0.685972 -0.000430 0.699330 0.000000
0 0.685842 0.141753 0.672484 0.141323 0.677044 -0.000430 0.690402 0.000000
0 0.676913 0.141753 0.663556 0.141323 0.668115 -0.000430 0.681473 0.000000
0 0.667985 0.141753 0.654628 0.141323 0.659187 -0.000430 0.672544 0.000000
0 0.657366 0.125483 0.593304 0.125483 0.593304 0.000000 0.657366 0.000000
