0 0.997222 0.996875 0.783333 0.996875 0.783333 0.890625 0.997222 0.890625
0 0.997222 0.876770 0.769450 0.872154 0.770150 0.837587 0.997923 0.842203
0 0.997222 0.845105 0.769450 0.840489 0.770150 0.805920 0.997923 0.810536
0 0.997222 0.816770 0.754603 0.812098 0.755268 0.777530 0.997888 0.782202
0 0.982922 0.780105 0.751563 0.778816 0.751742 0.746770 0.983101 0.748059
0 0.968103 0.750937 0.742722 0.749682 0.742850 0.726770 0.968230 0.728025
0 0.968103 0.750937 0.742722 0.749682 0.742850 0.726770 0.968230 0.728025
0 0.739983 0.733026 0.739671 0.710108 0.954455 0.707186 0.954767 0.730105
0 0.731091 0.713859 0.730779 0.690940 0.945563 0.688019 0.945875 0.710938
0 0.728037 0.694270 0.727941 0.670944 0.931056 0.670105 0.931152 0.693431
0 0.729575 0.677740 0.729148 0.659348 0.914326 0.655046 0.914753 0.673438
0 0.720683 0.663574 0.720256 0.645182 0.905434 0.640879 0.905861 0.659270
0 0.714756 0.651074 0.714328 0.632682 0.899506 0.628379 0.899933 0.646770
0 0.714756 0.651074 0.714328 0.632682 0.899506 0.628379 0.899933 0.646770
0 0.719139 0.635105 0.718984 0.619272 0.895350 0.617548 0.895505 0.633381
0 0.711730 0.625105 0.711576 0.609272 0.887939 0.607548 0.888094 0.623381
