0 0.800630 0.442592 0.758132 0.442592 0.758132 0.200926 0.800630 0.200926
0 0.763379 0.435186 0.720357 0.435186 0.720357 0.199075 0.763379 0.199075
0 0.722979 0.435186 0.686778 0.435186 0.686778 0.201852 0.722979 0.201852
0 0.688353 0.433333 0.652151 0.433333 0.652151 0.200000 0.688353 0.200000
0 0.651626 0.431482 0.615425 0.431482 0.615425 0.198149 0.651626 0.198149
0 0.618573 0.435186 0.582371 0.435186 0.582371 0.201852 0.618573 0.201852
0 0.584995 0.433333 0.548794 0.433333 0.548794 0.200000 0.584995 0.200000
0 0.555088 0.437963 0.518888 0.437963 0.518888 0.204630 0.555088 0.204630
0 0.521510 0.436111 0.485310 0.436111 0.485310 0.202778 0.521510 0.202778
0 0.493179 0.430556 0.459601 0.430556 0.459601 0.204630 0.493179 0.204630
0 0.461176 0.462036 0.421826 0.462036 0.421826 0.205555 0.461176 0.205555
0 0.998951 0.996259 0.669434 0.972894 0.700242 0.538412 1.029759 0.561777
0 0.646380 0.920681 0.410946 0.756290 0.664462 0.393218 0.899895 0.557610
0 0.402938 0.728031 0.302242 0.583380 0.627950 0.356645 0.728646 0.501297
0 0.265268 0.599104 0.213226 0.484355 0.517109 0.346537 0.569150 0.461285
0 0.151941 0.504261 0.123529 0.416822 0.429090 0.317534 0.457503 0.404972
0 0.102396 0.426650 0.090661 0.369406 0.362661 0.313644 0.374397 0.370888
