0 0.124938 0.649718 -0.035629 0.611656 0.000608 0.458789 0.161175 0.496851
0 0.242151 0.567332 0.016254 0.513348 0.043358 0.399933 0.269255 0.453918
0 0.410685 0.897636 0.348249 0.897636 0.348249 0.376326 0.410685 0.376326
0 0.460657 0.790542 0.410721 0.790542 0.410721 0.345525 0.460657 0.345525
0 0.537577 0.671662 0.502479 0.671662 0.502479 0.307604 0.537577 0.307604
0 0.504124 0.728870 0.462324 0.728870 0.462324 0.323689 0.504124 0.323689
0 0.293579 0.965684 0.273766 0.402714 0.334732 0.400568 0.354546 0.963538
0 0.538935 0.630299 0.534308 0.300824 0.566632 0.300370 0.571258 0.629845
0 0.588248 0.588772 0.563064 0.588772 0.563064 0.285556 0.588248 0.285556
0 0.592368 0.553207 0.589779 0.267245 0.612802 0.267037 0.615390 0.552999
0 0.632647 0.516235 0.613193 0.516150 0.614333 0.255841 0.633788 0.255926
0 0.651517 0.501545 0.633051 0.501311 0.636308 0.244581 0.654774 0.244815
0 0.650367 0.467255 0.649655 0.237475 0.671564 0.237407 0.672276 0.467187
0 0.684614 0.442241 0.670514 0.442062 0.673204 0.229821 0.687303 0.230000
0 0.696141 0.428977 0.681929 0.428637 0.686732 0.227808 0.700944 0.228148
