0 0.268101 0.628704 0.242917 0.628704 0.242917 0.379630 0.268101 0.379630
0 0.244491 0.614815 0.226129 0.614815 0.226129 0.378704 0.244491 0.378704
0 0.663169 0.690983 0.628956 0.689995 0.637350 0.399382 0.671564 0.400370
0 0.715215 0.682092 0.681002 0.681103 0.689396 0.390490 0.723610 0.391479
0 0.805037 0.668755 0.770823 0.667766 0.779218 0.377153 0.813431 0.378142
0 0.609444 0.690983 0.575230 0.689995 0.583625 0.399382 0.617838 0.400370
0 0.552361 0.689501 0.518148 0.688513 0.526542 0.397900 0.560755 0.398888
0 0.505351 0.688019 0.468391 0.687808 0.470070 0.394231 0.507030 0.394443
0 0.453305 0.689501 0.416345 0.689290 0.418024 0.395714 0.454984 0.395925
0 0.405456 0.688019 0.371075 0.687823 0.372754 0.394246 0.407135 0.394443
0 0.365163 0.670236 0.330781 0.670039 0.332460 0.376463 0.366842 0.376659
