0 0.419890 0.653729 0.096848 0.330686 0.150866 0.276668 0.473909 0.599710
0 0.384705 0.689560 0.115392 0.420247 0.154147 0.381492 0.423460 0.650805
0 0.365804 0.722807 0.124827 0.481830 0.154488 0.452169 0.395465 0.693146
0 0.339406 0.743970 0.123178 0.527741 0.146992 0.503927 0.363220 0.720156
0 0.327065 0.771302 0.126798 0.571035 0.150221 0.547612 0.350488 0.747879
0 0.307858 0.779427 0.128753 0.600322 0.145326 0.583748 0.324431 0.762854
0 0.293529 0.791172 0.127767 0.625410 0.144390 0.608786 0.310152 0.774548
0 0.281783 0.802918 0.128073 0.649207 0.142113 0.635167 0.295823 0.788877
0 0.273030 0.811026 0.133971 0.671967 0.145360 0.660578 0.284418 0.799637
0 0.273012 0.826647 0.139835 0.693470 0.152209 0.681095 0.285386 0.814272
0 0.260639 0.834465 0.135586 0.709413 0.145002 0.699996 0.270055 0.825049
0 0.252496 0.840670 0.131353 0.719527 0.139478 0.711402 0.260621 0.832545
0 0.243997 0.849815 0.129364 0.735182 0.139495 0.725051 0.254128 0.839684
0 0.235567 0.849781 0.134940 0.749153 0.140158 0.743935 0.240785 0.844562
0 0.225113 0.856325 0.134260 0.765471 0.143404 0.756327 0.234258 0.847180
0 0.742950 0.963700 0.544110 0.764860 0.601511 0.707458 0.800351 0.906298
0 0.700404 1.006245 0.485365 0.791206 0.528591 0.747980 0.743630 0.963019
0 0.671746 1.034291 0.441477 0.804022 0.475235 0.770265 0.705503 1.000533
0 0.623779 1.034971 0.403641 0.814833 0.435392 0.783082 0.655530 1.003220
0 0.575844 1.015390 0.379350 0.818896 0.400292 0.797954 0.596786 0.994448
0 0.528574 1.001877 0.351661 0.824964 0.378670 0.797954 0.555583 0.974868
0 0.488731 1.001197 0.325332 0.837797 0.345593 0.817536 0.508993 0.980935
0 0.452951 0.985678 0.310475 0.843202 0.323989 0.829689 0.466464 0.972164
