0 0.916467 0.655627 0.832728 0.655627 0.832728 0.267216 0.916467 0.267216
0 0.844502 0.641159 0.768911 0.641159 0.768911 0.258760 0.844502 0.258760
0 0.279765 0.641371 0.204645 0.641371 0.204645 0.262891 0.279765 0.262891
0 0.780652 0.637920 0.707142 0.637920 0.707142 0.257097 0.780652 0.257097
0 0.222523 0.642131 0.146985 0.642131 0.146985 0.267962 0.222523 0.267962
0 0.720637 0.636912 0.652115 0.636912 0.652115 0.256872 0.720637 0.256872
0 0.162838 0.646570 0.087222 0.646570 0.087222 0.267980 0.162838 0.267980
0 0.335825 0.641299 0.261578 0.641299 0.261578 0.261947 0.335825 0.261947
0 0.098705 0.658366 0.021583 0.658366 0.021583 0.275961 0.098705 0.275961
0 0.664581 0.637057 0.593617 0.637057 0.593617 0.255245 0.664581 0.255245
0 0.496553 0.638312 0.424231 0.638312 0.424231 0.256940 0.496553 0.256940
0 0.606412 0.636124 0.535760 0.636124 0.535760 0.254563 0.606412 0.254563
0 0.550410 0.637173 0.479661 0.637173 0.479661 0.257779 0.550410 0.257779
0 1.000000 0.683892 0.911310 0.683892 0.911310 0.269846 1.000000 0.269846
0 0.391015 0.643038 0.315715 0.643038 0.315715 0.262074 0.391015 0.262074
0 0.441936 0.643371 0.370820 0.643371 0.370820 0.258185 0.441936 0.258185
0 0.034540 0.664228 0.000094 0.664228 0.000094 0.278413 0.034540 0.278413
