0 0.173200 0.726664 -0.019875 0.699990 0.000000 0.556131 0.193074 0.582805
0 0.386409 0.962283 0.336897 0.962283 0.336897 0.412651 0.386409 0.412651
0 0.041898 0.904330 -0.061355 0.875043 0.000000 0.658732 0.103253 0.688019
0 0.250238 0.642522 -0.005604 0.601185 0.013623 0.482190 0.269465 0.523528
0 0.483966 0.782468 0.453940 0.782468 0.453940 0.344969 0.483966 0.344969
0 0.457998 0.823210 0.420386 0.823210 0.420386 0.374803 0.457998 0.374803
0 0.556888 0.657360 0.530190 0.657360 0.530190 0.309966 0.556888 0.309966
0 0.531306 0.697602 0.504614 0.697602 0.504614 0.320518 0.531306 0.320518
0 0.508206 0.732133 0.480934 0.732133 0.480934 0.333611 0.508206 0.333611
0 0.423326 0.888361 0.381288 0.888361 0.381288 0.388311 0.423326 0.388311
0 0.338824 0.999074 0.281556 0.999074 0.281556 0.437818 0.338824 0.437818
0 0.579930 0.631366 0.556900 0.631366 0.556900 0.301604 0.579930 0.301604
0 0.600000 0.615535 0.578157 0.615401 0.580063 0.304204 0.601906 0.304338
0 0.610237 0.591982 0.595818 0.591603 0.603630 0.294436 0.618048 0.294815
0 0.625292 0.566860 0.611129 0.566427 0.619625 0.288826 0.633788 0.289259
0 0.637771 0.553666 0.619873 0.552892 0.631629 0.281078 0.649528 0.281852
0 0.650555 0.534390 0.635872 0.533732 0.647437 0.275638 0.662120 0.276296
0 0.662308 0.521052 0.647625 0.520394 0.659189 0.262301 0.673872 0.262959
0 0.672048 0.502843 0.659483 0.502266 0.670121 0.270650 0.682686 0.271227
0 0.678764 0.498398 0.666199 0.497821 0.676837 0.266203 0.689402 0.266781
