1 0.998798 0.542692 0.662933 0.542692 0.662933 0.463629 0.998798 0.463629
1 0.653438 0.204736 -0.000000 0.204736 0.000000 0.023221 0.653438 0.023221
1 0.609423 0.395890 -0.000000 0.395890 0.000000 0.222620 0.609423 0.222620
1 0.543413 0.526515 0.045625 0.526515 0.045625 0.400000 0.543413 0.400000
1 0.533798 0.604904 0.082740 0.604904 0.082740 0.519639 0.533798 0.519639
1 0.509038 0.670914 0.104760 0.670914 0.104760 0.595288 0.509038 0.595288
1 0.484207 0.731876 0.152284 0.731876 0.152284 0.668221 0.484207 0.668221
1 0.483413 0.761322 0.158654 0.761322 0.158654 0.725505 0.483413 0.725505
1 0.475457 0.800313 0.188894 0.800313 0.188894 0.760528 0.475457 0.760528
1 0.462716 0.830552 0.200024 0.830552 0.200024 0.797933 0.462716 0.797933
1 0.461923 0.856826 0.223101 0.856826 0.223101 0.826587 0.461923 0.826587
1 0.462716 0.882284 0.241418 0.882284 0.241418 0.861586 0.462716 0.861586
1 0.461130 0.921274 0.246178 0.921274 0.246178 0.897404 0.461130 0.897404
1 0.457933 0.900601 0.239014 0.900601 0.239014 0.876706 0.457933 0.876706
1 1.000000 0.181730 0.792404 0.181730 0.792404 0.000673 1.000000 0.000673
1 0.996514 0.354760 0.717933 0.354760 0.717933 0.212669 0.996514 0.212669
1 1.000000 0.475097 0.697308 0.475097 0.697308 0.359351 1.000000 0.359351
1 0.997644 0.621778 0.650312 0.621778 0.650312 0.546130 0.997644 0.546130
1 0.952957 0.675624 0.620529 0.675624 0.620529 0.611467 0.952957 0.611467
1 0.916298 0.721467 0.613654 0.721467 0.613654 0.660746 0.916298 0.660746
1 0.872740 0.753558 0.593029 0.753558 0.593029 0.703125 0.872740 0.703125
1 0.777644 0.820024 0.552909 0.820024 0.552909 0.777620 0.777644 0.777620
1 0.756995 0.852116 0.536875 0.852116 0.536875 0.814303 0.756995 0.814303
