0 0.042183 0.609443 0.000495 0.609443 0.000495 0.285765 0.042183 0.285765
0 0.329433 0.614971 0.295107 0.614350 0.300197 0.332847 0.334523 0.333468
0 0.793209 0.734569 0.753111 0.730707 0.784050 0.409418 0.824149 0.413279
0 0.620760 0.607685 0.581306 0.604721 0.599790 0.358660 0.639244 0.361624
0 0.840231 0.762694 0.800440 0.758902 0.831562 0.432301 0.871354 0.436093
0 0.579627 0.606203 0.540172 0.603240 0.558657 0.357178 0.598111 0.360142
0 0.541012 0.601757 0.501557 0.598793 0.520042 0.352732 0.559496 0.355696
0 0.505755 0.603240 0.466300 0.600276 0.484785 0.354214 0.524239 0.357178
0 0.424344 0.609106 0.384900 0.606010 0.404208 0.360010 0.443652 0.363106
0 0.284103 0.610525 0.249777 0.609905 0.254866 0.328402 0.289192 0.329022
0 0.236254 0.609044 0.201928 0.608423 0.207017 0.326919 0.241343 0.327540
0 0.185047 0.601634 0.150721 0.601013 0.155810 0.319510 0.190136 0.320131
0 0.131582 0.607559 0.096327 0.607287 0.098638 0.308003 0.133893 0.308275
0 0.074499 0.604595 0.039244 0.604323 0.041555 0.305039 0.076810 0.305311
