1 1.000000 0.759183 0.851082 0.759183 0.851082 0.061298 1.000000 0.061298
1 0.846202 0.678894 0.675264 0.678894 0.675264 0.095409 0.846202 0.095409
1 0.679087 0.619688 0.560673 0.619688 0.560673 0.119279 0.679087 0.119279
1 0.561611 0.573846 0.472812 0.573846 0.472812 0.143149 0.561611 0.143149
1 0.482356 0.536611 0.402139 0.536611 0.402139 0.171803 0.482356 0.171803
1 0.401178 0.511779 0.352476 0.511779 0.352476 0.189952 0.401178 0.189952
1 0.349615 0.501274 0.313341 0.501274 0.313341 0.209038 0.349615 0.209038
1 0.311923 0.501034 0.272139 0.501034 0.272139 0.227428 0.311923 0.227428
1 0.271587 0.471755 0.241755 0.471755 0.241755 0.225216 0.271587 0.225216
1 0.241803 0.470048 0.218774 0.470048 0.218774 0.237428 0.241803 0.237428
1 0.216490 0.459447 0.192067 0.459447 0.192067 0.250793 0.216490 0.250793
1 0.182861 0.473726 0.158918 0.473726 0.158918 0.283029 0.182861 0.283029
1 0.158462 0.467284 0.141875 0.467284 0.141875 0.283942 0.158462 0.283942
1 0.129325 0.465113 0.124958 0.286440 0.138319 0.286113 0.142686 0.464786
1 0.119405 0.457328 0.112768 0.292076 0.124273 0.291614 0.130910 0.456866
1 0.077861 0.433197 0.062668 0.433197 0.062668 0.313894 0.077861 0.313894
1 0.108699 0.452822 0.099546 0.298767 0.113344 0.297947 0.122497 0.452002
1 0.098122 0.453544 0.088969 0.299488 0.102767 0.298668 0.111920 0.452724
1 0.085706 0.448003 0.077443 0.308921 0.091217 0.308103 0.099480 0.447185
1 0.075104 0.443396 0.067372 0.313241 0.081170 0.312421 0.088902 0.442576
1 0.056978 0.288914 0.038530 0.230759 0.054776 0.225606 0.073224 0.283760
1 0.954567 1.000000 0.776947 1.000000 0.776947 0.795385 0.954567 0.795385
1 0.757452 1.000000 0.634856 1.000000 0.634856 0.761010 0.757452 0.761010
1 0.624543 1.000000 0.532861 1.000000 0.532861 0.715168 0.624543 0.715168
1 0.536298 1.000000 0.458365 1.000000 0.458365 0.665913 0.536298 0.665913
1 0.450361 0.959375 0.388462 0.959375 0.388462 0.629231 0.450361 0.629231
1 0.395240 0.905673 0.346178 0.905673 0.346178 0.607861 0.395240 0.607861
1 0.348173 0.854615 0.306394 0.854615 0.306394 0.582668 0.348173 0.582668
1 0.306394 0.815505 0.271899 0.815505 0.271899 0.565409 0.306394 0.565409
1 0.271899 0.777692 0.241394 0.777692 0.241394 0.550168 0.271899 0.550168
1 0.242716 0.749183 0.216202 0.749183 0.216202 0.532260 0.242716 0.532260
1 0.216851 0.720000 0.194303 0.720000 0.194303 0.521635 0.216851 0.521635
1 0.192981 0.706731 0.177740 0.706731 0.177740 0.515673 0.192981 0.515673
1 0.179712 0.681538 0.155192 0.681538 0.155192 0.513029 0.179712 0.513029
