0 0.554861 0.673296 0.517091 0.673182 0.517948 0.387076 0.555719 0.387189
0 0.669989 0.671718 0.616999 0.671718 0.616999 0.379630 0.669989 0.379630
0 0.621197 0.671718 0.567682 0.671718 0.567682 0.373148 0.621197 0.373148
0 0.708500 0.674682 0.655708 0.673258 0.663694 0.377222 0.716485 0.378646
0 0.438406 0.646156 0.383315 0.646156 0.383315 0.388888 0.438406 0.388888
0 0.381427 0.638889 0.347324 0.638889 0.347324 0.392593 0.381427 0.392593
0 0.348374 0.627777 0.318993 0.627777 0.318993 0.386110 0.348374 0.386110
0 0.321091 0.620370 0.294333 0.620370 0.294333 0.383333 0.321091 0.383333
0 0.295383 0.608333 0.273347 0.608333 0.273347 0.379629 0.295383 0.379629
0 0.276495 0.595371 0.259707 0.595371 0.259707 0.381482 0.276495 0.381482
0 0.507012 0.673296 0.469242 0.673182 0.470099 0.387076 0.507870 0.387189
