0 0.142755 0.701356 0.064633 0.701356 0.064633 0.340086 0.142755 0.340086
0 0.591783 0.646526 0.533567 0.646526 0.533567 0.341360 0.591783 0.341360
0 0.254337 0.692465 0.185011 0.692465 0.185011 0.340952 0.254337 0.340952
0 0.307237 0.683573 0.238483 0.683573 0.238483 0.341746 0.307237 0.341746
0 0.730749 0.655417 0.665551 0.655417 0.665551 0.343737 0.730749 0.343737
0 0.942065 0.690431 0.870640 0.690431 0.870640 0.360659 0.942065 0.360659
0 0.782215 0.659863 0.718162 0.659863 0.718162 0.343887 0.782215 0.343887
0 0.503576 0.655417 0.442456 0.655417 0.442456 0.339942 0.503576 0.339942
0 0.359688 0.671718 0.291421 0.671718 0.291421 0.340996 0.359688 0.340996
0 0.831382 0.662827 0.764396 0.662827 0.764396 0.345569 0.831382 0.345569
0 0.457104 0.662827 0.398418 0.662827 0.398418 0.340610 0.457104 0.340610
0 0.680891 0.649489 0.621273 0.649489 0.621273 0.342736 0.680891 0.342736
0 0.200881 0.693947 0.128517 0.693947 0.128517 0.340702 0.200881 0.340702
0 0.634151 0.646526 0.576411 0.646526 0.576411 0.342931 0.634151 0.342931
0 0.888247 0.685056 0.818549 0.685056 0.818549 0.354510 0.888247 0.354510
0 0.411696 0.673200 0.345144 0.673200 0.345144 0.340517 0.411696 0.340517
0 0.079694 0.707284 0.003044 0.707284 0.003044 0.342400 0.079694 0.342400
0 0.547588 0.648007 0.486694 0.648007 0.486694 0.340405 0.547588 0.340405
0 0.999365 0.709749 0.928510 0.709749 0.928510 0.363927 0.999365 0.363927
