1 0.421442 0.915241 0.207548 0.915241 0.207548 0.127308 0.421442 0.127308
1 0.566611 0.831202 0.425264 0.831202 0.425264 0.222787 0.566611 0.222787
1 0.690745 0.768173 0.590481 0.768173 0.590481 0.284880 0.690745 0.284880
1 0.754736 0.723294 0.668775 0.723294 0.668775 0.304928 0.754736 0.304928
1 0.808197 0.693678 0.736586 0.693678 0.736586 0.327838 0.808197 0.327838
1 0.841634 0.680313 0.788150 0.680313 0.788150 0.358389 0.841634 0.358389
1 0.874086 0.668845 0.828269 0.668845 0.828269 0.366995 0.874086 0.366995
1 0.915169 0.650720 0.869327 0.650720 0.869327 0.385144 0.915169 0.385144
1 0.869926 0.998798 0.826139 0.993886 0.855531 0.731851 0.899319 0.736763
1 0.832629 1.005180 0.786606 0.998438 0.824223 0.741681 0.870245 0.748423
1 0.807349 1.005783 0.763369 0.998423 0.804167 0.754625 0.848147 0.761985
1 0.799616 0.998438 0.746130 0.998438 0.746130 0.784303 0.799616 0.784303
1 0.756634 0.998438 0.710794 0.998438 0.710794 0.813919 0.756634 0.813919
1 0.699350 0.998437 0.615312 0.998437 0.615312 0.858798 0.699350 0.858798
1 0.624856 0.998438 0.534134 0.998438 0.534134 0.858798 0.624856 0.858798
