0 0.161988 0.828382 -0.039234 0.794103 0.001086 0.557416 0.202309 0.591694
0 0.297427 0.662433 -0.015689 0.634277 0.000000 0.459803 0.313116 0.487959
0 0.598513 0.655145 0.568281 0.655145 0.568281 0.242513 0.598513 0.242513
0 0.536800 0.754474 0.490376 0.754474 0.490376 0.281315 0.536800 0.281315
0 0.367376 0.513250 0.101658 0.475450 0.119592 0.349388 0.385310 0.387189
0 0.569797 0.699277 0.533449 0.699277 0.533449 0.256020 0.569797 0.256020
0 0.628778 0.620833 0.597288 0.620833 0.597288 0.219501 0.628778 0.219501
0 0.656422 0.582820 0.627016 0.582820 0.627016 0.200620 0.656422 0.200620
0 0.680657 0.549929 0.654503 0.549929 0.654503 0.195564 0.680657 0.195564
0 0.492755 0.822993 0.440133 0.822993 0.440133 0.317311 0.492755 0.317311
0 0.447836 0.888998 0.390656 0.888998 0.390656 0.344549 0.447836 0.344549
0 0.703584 0.517734 0.678252 0.517734 0.678252 0.185133 0.703584 0.185133
0 0.715503 0.501678 0.697377 0.501383 0.702755 0.170446 0.720881 0.170741
0 0.732212 0.473500 0.714117 0.473182 0.719576 0.163015 0.737670 0.163333
0 0.743170 0.452881 0.727242 0.452391 0.736434 0.153584 0.752361 0.154074
0 0.756468 0.436625 0.742757 0.436118 0.753340 0.149863 0.767051 0.150370
0 0.770656 0.414179 0.755908 0.413694 0.764896 0.140626 0.779643 0.141111
0 0.779716 0.401008 0.766123 0.400478 0.776543 0.133174 0.790136 0.133704
0 0.790126 0.378828 0.773698 0.378071 0.785252 0.127391 0.801679 0.128148
0 0.798562 0.368381 0.787209 0.367905 0.797671 0.118413 0.809024 0.118889
0 0.813431 0.356653 0.798951 0.356155 0.807135 0.118390 0.821616 0.118889
