0 0.993750 0.318056 0.956250 0.318056 0.956250 0.001389 0.993750 0.001389
0 0.958593 0.295833 0.924218 0.295833 0.924218 0.001389 0.958593 0.001389
0 0.927344 0.286111 0.892188 0.286111 0.892188 0.001389 0.927344 0.001389
0 0.897656 0.283333 0.868750 0.283333 0.868750 0.001389 0.897656 0.001389
0 0.871874 0.266667 0.846093 0.266667 0.846093 0.001389 0.871874 0.001389
0 0.852344 0.261111 0.824219 0.261111 0.824219 0.001389 0.852344 0.001389
0 0.825781 0.236111 0.803125 0.236111 0.803125 0.001389 0.825781 0.001389
0 0.804687 0.236111 0.782031 0.236111 0.782031 0.001389 0.804687 0.001389
0 0.785157 0.215276 0.763281 0.215276 0.763281 0.001388 0.785157 0.001388
0 0.768751 0.204167 0.748437 0.204167 0.748437 0.001389 0.768751 0.001389
0 0.750781 0.204167 0.730468 0.204167 0.730468 0.001389 0.750781 0.001389
0 0.735938 0.204167 0.715624 0.204167 0.715624 0.001389 0.735938 0.001389
0 0.721094 0.179167 0.700781 0.179167 0.700781 0.001389 0.721094 0.001389
0 0.709375 0.172224 0.688281 0.172224 0.688281 0.001389 0.709375 0.001389
0 0.698438 0.166667 0.677344 0.166667 0.677344 0.001389 0.698438 0.001389
0 0.684376 0.155556 0.666406 0.155556 0.666406 0.001388 0.684376 0.001388
0 0.685937 0.894444 0.255468 0.894444 0.255468 0.080556 0.685937 0.080556
0 0.672202 0.152517 0.658929 0.152079 0.663960 -0.000438 0.677233 0.000000
0 0.663274 0.152517 0.650000 0.152079 0.655031 -0.000438 0.668305 0.000000
0 0.653452 0.152517 0.640179 0.152079 0.645210 -0.000438 0.658483 0.000000
0 0.645417 0.152517 0.632143 0.152079 0.637174 -0.000438 0.650448 0.000000
0 0.636488 0.152517 0.623214 0.152079 0.628245 -0.000438 0.641519 0.000000
0 0.626116 0.140965 0.558036 0.140965 0.558036 0.000000 0.626116 0.000000
