0 0.879853 0.425001 0.830535 0.425001 0.830535 0.181481 0.879853 0.181481
0 0.840504 0.420370 0.798006 0.420370 0.798006 0.183334 0.840504 0.183334
0 0.724554 0.407407 0.684156 0.407407 0.684156 0.172223 0.724554 0.172223
0 0.688353 0.404630 0.649528 0.404630 0.649528 0.175926 0.688353 0.175926
0 0.652151 0.403890 0.613326 0.403890 0.613326 0.175186 0.652151 0.175186
0 0.617524 0.402778 0.578699 0.402778 0.578699 0.174074 0.617524 0.174074
0 0.617524 0.400926 0.578699 0.400926 0.578699 0.172222 0.617524 0.172222
0 0.582896 0.403704 0.544071 0.403704 0.544071 0.175000 0.582896 0.175000
0 0.550368 0.406482 0.514691 0.406482 0.514691 0.178704 0.550368 0.178704
0 0.520462 0.402778 0.484785 0.402778 0.484785 0.175000 0.520462 0.175000
0 0.485835 0.415741 0.453305 0.415741 0.453305 0.175000 0.485835 0.175000
0 0.454354 0.426852 0.419727 0.426852 0.419727 0.177778 0.454354 0.177778
0 0.701312 1.000067 0.699733 0.525732 0.997896 0.524740 0.999475 0.999074
0 0.665687 0.845103 0.462926 0.686831 0.704688 0.377109 0.907450 0.535381
0 0.424764 0.719140 0.306062 0.573785 0.614772 0.321683 0.733473 0.467037
0 0.259198 0.589513 0.202309 0.474622 0.518137 0.318237 0.575026 0.433129
0 0.160336 0.483514 0.126704 0.390110 0.423031 0.283412 0.456663 0.376816
0 0.125828 1.003135 0.073837 0.362558 0.123875 0.358497 0.175866 0.999074
0 0.297041 0.308827 0.295727 0.190065 0.315790 0.189843 0.317104 0.308605
0 0.342288 0.308605 0.320422 0.308455 0.321281 0.182636 0.343146 0.182785
