1 0.346990 0.242811 0.308406 0.183169 0.398948 0.124594 0.437533 0.184235
1 0.354431 0.994970 0.267306 0.898547 0.303549 0.865799 0.390674 0.962223
1 0.360484 0.906203 0.258970 0.793853 0.295214 0.761105 0.396728 0.873455
1 0.359971 0.834998 0.278707 0.751434 0.312313 0.718753 0.393577 0.802317
1 0.360273 0.744532 0.276873 0.685481 0.311434 0.636670 0.394834 0.695721
1 0.365694 0.635398 0.282694 0.604860 0.307695 0.536909 0.390695 0.567447
1 0.396370 0.567644 0.311827 0.567644 0.311827 0.501875 0.396370 0.501875
1 0.394713 0.472572 0.300769 0.472572 0.300769 0.390794 0.394713 0.390794
1 0.404111 0.410697 0.319014 0.410697 0.319014 0.328894 0.404111 0.328894
1 0.328559 0.304477 0.297520 0.240556 0.397835 0.191845 0.428873 0.255766
1 0.357020 0.181233 0.304672 0.118403 0.401466 0.037758 0.453814 0.100588
1 0.357595 0.098971 0.312966 0.054497 0.364736 0.002545 0.409366 0.047019
1 0.000867 0.996133 0.000802 0.996078 0.000889 0.995975 0.000954 0.996030
1 0.001117 0.996224 0.000995 0.996058 0.001218 0.995895 0.001339 0.996061
1 0.463560 0.252098 0.402370 0.132005 0.595502 0.033600 0.656693 0.153693
1 0.438174 0.317164 0.400392 0.187959 0.592354 0.131826 0.630136 0.261031
1 0.423131 0.414188 0.403131 0.278756 0.590570 0.251076 0.610570 0.386508
1 0.575444 0.528021 0.407058 0.508241 0.420831 0.390994 0.589216 0.410774
1 0.574536 0.643908 0.395095 0.604457 0.418566 0.497703 0.598006 0.537155
1 0.551111 0.789417 0.382086 0.692224 0.429058 0.610535 0.598084 0.707729
