0 0.869444 0.509374 0.537500 0.509374 0.537500 0.442187 0.869444 0.442187
0 0.919444 0.186719 0.558333 0.186719 0.558333 0.030469 0.919444 0.030469
0 0.783333 0.367188 0.494444 0.367188 0.494444 0.292188 0.783333 0.292188
0 0.780556 0.297656 0.491667 0.297656 0.491667 0.222656 0.780556 0.222656
0 0.552776 0.217187 0.491667 0.217187 0.491667 0.139844 0.552776 0.139844
0 0.547222 0.139062 0.487500 0.139062 0.487500 0.072656 0.547222 0.072656
0 0.527778 0.057030 0.490278 0.057030 0.490278 0.006249 0.527778 0.006249
0 0.524292 0.940055 0.515462 0.882481 0.749082 0.846651 0.757912 0.904226
0 0.506513 0.540865 0.506153 0.502009 0.801164 0.499275 0.801524 0.538131
0 0.493087 0.641308 0.490275 0.566295 0.752621 0.556460 0.755433 0.631473
0 0.742732 0.723437 0.492460 0.723437 0.492460 0.703794 0.742732 0.703794
0 0.742700 0.740862 0.492460 0.737277 0.492671 0.722533 0.742911 0.726119
0 0.739556 0.756473 0.490476 0.756473 0.490476 0.739509 0.739556 0.739509
0 0.733203 0.769431 0.490223 0.768526 0.490275 0.754687 0.733254 0.755593
