1 0.147668 0.744399 -0.001563 0.744399 -0.001563 0.015673 0.147668 0.015673
1 0.332908 0.665144 0.152427 0.665144 0.152427 0.071058 0.332908 0.071058
1 0.452283 0.604014 0.332908 0.604014 0.332908 0.107356 0.452283 0.107356
1 0.539182 0.564856 0.448461 0.564856 0.448461 0.120721 0.539182 0.120721
1 0.605072 0.540986 0.543966 0.540986 0.543966 0.161875 0.605072 0.161875
1 0.658510 0.512236 0.606106 0.512236 0.606106 0.174014 0.658510 0.174014
1 0.700938 0.494327 0.655841 0.494327 0.655841 0.204519 0.700938 0.204519
1 0.739400 0.489687 0.702259 0.489687 0.702259 0.216466 0.739400 0.216466
1 0.768582 0.475745 0.736755 0.475745 0.736755 0.221106 0.768582 0.221106
1 0.795770 0.463149 0.769903 0.463149 0.769903 0.238341 0.795770 0.238341
1 0.820961 0.456322 0.791947 0.456322 0.791947 0.247668 0.820961 0.247668
1 0.851346 0.470601 0.818198 0.470601 0.818198 0.264231 0.851346 0.264231
1 0.871610 0.461851 0.849519 0.461851 0.849519 0.277596 0.871610 0.277596
1 0.883774 0.451587 0.867140 0.451587 0.867140 0.279519 0.883774 0.279519
1 0.903605 0.444543 0.887621 0.444543 0.887621 0.288173 0.903605 0.288173
1 0.918004 0.441995 0.900722 0.441995 0.900722 0.288798 0.918004 0.288798
1 0.933653 0.436563 0.918318 0.436563 0.918318 0.292620 0.933653 0.292620
1 0.942932 0.434952 0.926298 0.434952 0.926298 0.300313 0.942932 0.300313
1 0.959128 0.302933 0.930693 0.290804 0.956402 0.230529 0.984837 0.242657
1 0.220841 1.000000 0.026515 1.000000 0.026515 0.781202 0.220841 0.781202
1 0.366587 1.000000 0.239448 1.000000 0.239448 0.752284 0.366587 0.752284
1 0.476153 1.000000 0.373822 1.000000 0.373823 0.704736 0.476153 0.704736
1 0.545385 1.000000 0.458581 1.000000 0.458581 0.660288 0.545385 0.660288
1 0.610505 0.960120 0.541251 0.960120 0.541251 0.631346 0.610505 0.631346
1 0.661153 0.902260 0.608437 0.902260 0.608437 0.601370 0.661153 0.601370
1 0.701299 0.855865 0.659663 0.855865 0.659663 0.572981 0.701299 0.572981
1 0.737909 0.812091 0.702020 0.812091 0.702020 0.557212 0.737909 0.557212
1 0.850600 0.676418 0.829062 0.676418 0.829062 0.511250 0.850600 0.511250
1 0.768052 0.779784 0.734303 0.779784 0.734303 0.541418 0.768052 0.541418
1 0.788871 0.741034 0.766611 0.741034 0.766611 0.531370 0.788871 0.531370
1 0.811106 0.715192 0.783126 0.715192 0.783126 0.519880 0.811106 0.519880
1 0.834808 0.698678 0.813990 0.698678 0.813990 0.511250 0.834808 0.511250
