1 0.288413 0.872091 0.068943 0.872091 0.068943 0.180505 0.288413 0.180505
1 0.404173 0.848014 0.266326 0.833526 0.327750 0.249125 0.465596 0.263613
1 0.550770 0.806082 0.448461 0.806082 0.448461 0.317452 0.550770 0.317452
1 0.628341 0.781322 0.535937 0.781322 0.535937 0.355409 0.628341 0.355409
1 0.695985 0.759880 0.618437 0.759880 0.618437 0.376875 0.695985 0.376875
1 0.744182 0.743149 0.683173 0.743149 0.683173 0.410240 0.744182 0.410240
1 0.788606 0.743798 0.740193 0.743798 0.740193 0.428149 0.788606 0.428149
1 0.823750 0.722596 0.781322 0.722596 0.781322 0.448702 0.823750 0.448702
1 0.854928 0.713293 0.815145 0.713293 0.815145 0.463293 0.854928 0.463293
1 0.876153 0.717284 0.848966 0.717284 0.848966 0.481202 0.876153 0.481202
1 0.921251 0.684784 0.886106 0.684784 0.886106 0.474567 0.921251 0.474567
1 0.939158 0.669543 0.918581 0.669543 0.918581 0.473245 0.939158 0.473245
1 0.470889 0.165385 0.356034 0.165385 0.356034 0.006971 0.470889 0.006971
1 0.563341 0.224135 0.470505 0.224135 0.470505 0.000000 0.563341 0.000000
1 0.659591 0.272260 0.580528 0.272260 0.580528 0.000000 0.659591 0.000000
1 0.724903 0.295192 0.661876 0.295192 0.661876 0.000000 0.724903 0.000000
1 0.774182 0.307788 0.708871 0.307788 0.708871 0.000000 0.774182 0.000000
1 0.805120 0.330721 0.754712 0.330721 0.754712 0.024736 0.805120 0.024736
1 0.839495 0.342163 0.803991 0.342163 0.803991 0.075168 0.839495 0.075168
1 0.873870 0.352476 0.829182 0.352476 0.829182 0.101514 0.873870 0.101514
1 0.894519 0.373101 0.856682 0.373101 0.856682 0.138197 0.894519 0.138197
1 0.913991 0.375409 0.885337 0.375409 0.885337 0.169135 0.913991 0.169135
1 0.978749 0.421010 0.956466 0.421010 0.956466 0.239567 0.978749 0.239567
1 0.930192 0.388389 0.907908 0.388389 0.907908 0.191034 0.930192 0.191034
1 0.948510 0.411466 0.923823 0.411466 0.923823 0.214111 0.948510 0.214111
1 0.958846 0.410673 0.939736 0.410673 0.939736 0.232404 0.958846 0.232404
