0 0.990625 0.634549 0.939062 0.634549 0.939062 0.551215 0.990625 0.551215
0 0.537500 0.592882 0.484375 0.592882 0.484375 0.506771 0.537500 0.506771
0 0.676562 0.620660 0.632812 0.620660 0.632812 0.506771 0.676562 0.506771
0 0.773438 0.620660 0.715625 0.620660 0.715625 0.512326 0.773438 0.512326
0 0.785000 0.617882 0.773228 0.617882 0.773228 0.509549 0.785000 0.509549
0 0.795833 0.619365 0.784063 0.619365 0.784063 0.511029 0.795833 0.511029
0 0.805000 0.620846 0.793228 0.620846 0.793228 0.512513 0.805000 0.512513
0 0.814167 0.620846 0.802395 0.620846 0.802395 0.512513 0.814167 0.512513
0 0.824167 0.623810 0.812395 0.623810 0.812395 0.515476 0.824167 0.515476
0 0.835000 0.626774 0.823228 0.626774 0.823228 0.518440 0.835000 0.518440
0 0.841667 0.626774 0.829895 0.626774 0.829895 0.518440 0.841667 0.518440
0 0.850000 0.626774 0.838228 0.626774 0.838228 0.518440 0.850000 0.518440
0 0.859167 0.629737 0.847395 0.629737 0.847395 0.521404 0.859167 0.521404
0 0.867500 0.631221 0.855728 0.631221 0.855728 0.522885 0.867500 0.522885
0 0.875000 0.631221 0.863228 0.631221 0.863228 0.522885 0.875000 0.522885
0 0.882500 0.631221 0.870730 0.631221 0.870730 0.522885 0.882500 0.522885
0 0.890833 0.631221 0.879062 0.631221 0.879062 0.522885 0.890833 0.522885
