1 0.291942 0.999352 0.275596 0.739530 0.344187 0.735215 0.360533 0.995037
1 0.054087 0.997596 0.009952 0.997596 0.009952 0.937380 0.054087 0.937380
1 0.015881 0.858508 -0.001074 0.858419 -0.000000 0.653319 0.016955 0.653408
1 0.037032 0.877691 0.018594 0.877594 0.019770 0.652837 0.038208 0.652934
1 0.061338 0.899821 0.037324 0.899695 0.038590 0.657871 0.062604 0.657997
1 0.094370 0.927460 0.063049 0.927296 0.064356 0.677732 0.095677 0.677896
1 0.108375 0.996517 0.096896 0.710713 0.133861 0.709228 0.145340 0.995032
1 0.145355 0.998653 0.133521 0.704010 0.170486 0.702525 0.182320 0.997168
1 0.184957 0.999522 0.173495 0.715544 0.221197 0.713619 0.232659 0.997596
1 0.234885 0.998657 0.218537 0.738810 0.271125 0.735502 0.287473 0.995348
1 0.502308 0.997596 0.399183 0.997596 0.399183 0.765216 0.502308 0.765216
1 0.648438 0.997596 0.508053 0.997596 0.508053 0.796731 0.648438 0.796731
1 0.903389 0.997596 0.678029 0.997596 0.678029 0.881731 0.903389 0.881731
1 0.033799 0.606654 0.027171 0.369367 0.050840 0.368706 0.057468 0.605993
1 0.056712 0.609655 0.049692 0.358335 0.074971 0.357629 0.081991 0.608949
1 0.084745 0.620587 0.077093 0.346631 0.107442 0.345783 0.115094 0.619739
1 0.116307 0.630038 0.107891 0.328713 0.147515 0.327606 0.155931 0.628931
1 0.191697 0.646309 0.181781 0.291303 0.225370 0.290085 0.235286 0.645091
1 0.238340 0.666942 0.227071 0.263493 0.294256 0.261616 0.305525 0.665065
1 0.309589 0.681257 0.289959 0.231662 0.370579 0.228142 0.390209 0.677737
1 0.405823 0.720211 0.377387 0.177614 0.474874 0.172505 0.503310 0.715102
1 0.517294 0.759028 0.484102 0.125690 0.625062 0.118303 0.658254 0.751641
1 0.692148 0.867048 0.649998 0.062766 0.882227 0.050596 0.924377 0.854878
