0 0.189692 0.953353 0.123538 0.811517 0.306759 0.726060 0.372913 0.867896
0 0.145595 0.851597 0.088393 0.761618 0.319835 0.614483 0.377037 0.704462
0 0.656141 0.811503 0.309581 0.464943 0.340223 0.434301 0.686783 0.780861
0 0.672220 0.899470 0.291826 0.519076 0.327846 0.483056 0.708240 0.863450
0 0.619059 0.584620 0.352827 0.318388 0.375680 0.295536 0.641911 0.561768
0 0.289611 1.106199 0.211190 0.917192 0.306631 0.877593 0.385052 1.066600
0 0.634610 0.684297 0.335911 0.385598 0.357537 0.363972 0.656236 0.662671
0 0.619653 0.538061 0.374705 0.293114 0.393899 0.273920 0.638847 0.518867
0 0.680400 0.976898 0.275845 0.572343 0.315764 0.532425 0.720318 0.936979
0 0.626503 0.638324 0.340901 0.352722 0.363386 0.330238 0.648987 0.615839
0 0.643567 0.741537 0.330381 0.428351 0.356257 0.402475 0.669443 0.715661
0 0.618008 0.499240 0.387904 0.269137 0.406094 0.250947 0.636197 0.481051
0 0.611343 0.462881 0.405990 0.242021 0.421947 0.227185 0.627299 0.448044
0 0.612978 0.427714 0.419901 0.226143 0.431025 0.215488 0.624102 0.417059
0 0.602527 0.400005 0.426498 0.205789 0.438575 0.194843 0.614605 0.389059
0 0.601942 0.373737 0.436809 0.192989 0.448395 0.182404 0.613529 0.363151
0 0.599973 0.350601 0.439439 0.174639 0.450926 0.164159 0.611460 0.340121
