0 0.208936 0.739532 0.187800 0.356070 0.330427 0.348208 0.351562 0.731671
0 0.342393 0.709496 0.334642 0.351369 0.395132 0.350060 0.402884 0.708186
0 0.391584 0.700555 0.383832 0.342428 0.447716 0.341046 0.455468 0.699172
0 0.451472 0.689913 0.440618 0.347253 0.494291 0.345553 0.505144 0.688213
0 0.507074 0.677727 0.494661 0.351878 0.542368 0.350060 0.554781 0.675909
0 0.546511 0.668801 0.538729 0.352873 0.591947 0.351562 0.599728 0.667490
0 0.590036 0.658297 0.580693 0.354659 0.632512 0.353065 0.641855 0.656702
0 0.636836 0.649261 0.630716 0.355481 0.674579 0.354567 0.680700 0.648347
0 0.671101 0.638787 0.664978 0.351032 0.710637 0.350060 0.716759 0.637816
0 0.705656 0.638787 0.699534 0.351032 0.745192 0.350060 0.751315 0.637816
0 0.739000 0.631146 0.735932 0.356576 0.781250 0.356070 0.784318 0.630640
0 0.773581 0.620583 0.770510 0.358049 0.811298 0.357572 0.814369 0.620106
0 0.809599 0.610732 0.803589 0.358328 0.835337 0.357572 0.841346 0.609976
0 0.990985 0.627404 0.838341 0.627404 0.838341 0.356971 0.990985 0.356971
