0 0.713888 0.770883 0.629201 0.770883 0.629201 0.321185 0.713888 0.321185
0 0.994185 0.843251 0.884697 0.843251 0.884697 0.341056 0.994185 0.341056
0 0.815198 0.789902 0.724734 0.789902 0.724734 0.324855 0.815198 0.324855
0 0.385857 0.782862 0.298489 0.782862 0.298489 0.315215 0.385857 0.315215
0 0.454666 0.783974 0.373170 0.783974 0.373170 0.315762 0.454666 0.315762
0 0.633934 0.766192 0.551708 0.766192 0.551708 0.317014 0.633934 0.317014
0 0.546055 0.778046 0.462549 0.778046 0.462549 0.323521 0.546055 0.323521
0 0.900904 0.813613 0.803486 0.813613 0.803486 0.332008 0.900904 0.332008
0 0.312189 0.779898 0.221527 0.779898 0.221527 0.320377 0.312189 0.320377
0 0.999475 0.853050 0.969207 0.853050 0.969207 0.342739 0.999475 0.342739
0 0.565391 0.321548 0.560336 0.211481 0.591167 0.210065 0.596222 0.320132
0 0.041969 0.440515 0.020986 0.224444 0.050505 0.221578 0.071487 0.437649
