0 0.895989 0.696911 0.817720 0.696911 0.817720 0.314934 0.895989 0.314934
0 0.189889 0.662081 0.118489 0.662081 0.118489 0.310085 0.189889 0.310085
0 0.961500 0.701356 0.878641 0.701356 0.878641 0.319037 0.961500 0.319037
0 0.775195 0.682457 0.705010 0.682457 0.705010 0.312708 0.775195 0.312708
0 0.129047 0.667179 0.056958 0.667179 0.056958 0.314021 0.129047 0.314021
0 0.294418 0.654861 0.231549 0.654861 0.231549 0.304769 0.294418 0.304769
0 0.716933 0.682457 0.649241 0.682457 0.649241 0.311691 0.716933 0.311691
0 0.551008 0.670971 0.538636 0.309715 0.600323 0.307602 0.612695 0.668859
0 0.997902 0.711696 0.945762 0.711696 0.945762 0.322086 0.997902 0.322086
0 0.833870 0.688019 0.758786 0.688019 0.758786 0.314927 0.833870 0.314927
0 0.241230 0.660486 0.177602 0.660486 0.177602 0.305880 0.241230 0.305880
0 0.658943 0.673935 0.593028 0.673935 0.593028 0.309995 0.658943 0.309995
0 0.542530 0.665044 0.480222 0.665044 0.480222 0.305432 0.542530 0.305432
0 0.357418 0.654670 0.283676 0.654670 0.283676 0.304007 0.357418 0.304007
0 0.492416 0.660598 0.430285 0.660598 0.430285 0.313328 0.492416 0.313328
0 0.444794 0.654670 0.380797 0.654670 0.380797 0.313804 0.444794 0.313804
0 0.071562 0.679813 -0.000751 0.679813 -0.000751 0.317114 0.071562 0.317114
