0 0.652100 0.655417 0.585466 0.655417 0.585466 0.276854 0.652100 0.276854
0 0.900257 0.668755 0.821986 0.668755 0.821986 0.277996 0.900257 0.277996
0 0.132418 0.692465 0.062774 0.692465 0.062774 0.296237 0.132418 0.296237
0 0.971157 0.689501 0.886645 0.689501 0.886645 0.279457 0.971157 0.279457
0 0.773540 0.661344 0.697157 0.661344 0.697157 0.275789 0.773540 0.275789
0 0.837697 0.665791 0.758686 0.665791 0.758686 0.277753 0.837697 0.277753
0 0.260398 0.665791 0.188022 0.665791 0.188022 0.284745 0.260398 0.284745
0 0.708965 0.658381 0.638551 0.658381 0.638551 0.274712 0.708965 0.274712
0 0.431600 0.650971 0.356402 0.650971 0.356402 0.273478 0.431600 0.273478
0 0.540706 0.656899 0.470004 0.656899 0.470004 0.273488 0.540706 0.273488
0 0.196944 0.668755 0.127081 0.668755 0.127081 0.287257 0.196944 0.287257
0 0.317920 0.656899 0.247049 0.656899 0.247049 0.280993 0.317920 0.280993
0 0.485607 0.652453 0.413923 0.652453 0.413923 0.271295 0.485607 0.271295
0 0.067289 0.708767 0.000154 0.708767 0.000154 0.306057 0.067289 0.306057
0 0.374238 0.652453 0.302653 0.652453 0.302653 0.277217 0.374238 0.277217
0 0.595287 0.655417 0.526829 0.655417 0.526829 0.275802 0.595287 0.275802
0 0.999475 0.692755 0.954531 0.692755 0.954531 0.285822 0.999475 0.285822
