0 0.888982 0.999074 0.535287 0.830145 0.718850 0.445809 1.072545 0.614738
0 0.631918 0.425881 0.593848 0.425881 0.593848 0.186507 0.631918 0.186507
0 0.693939 0.423978 0.657325 0.423978 0.657325 0.182363 0.693939 0.182363
0 0.662797 0.423936 0.627379 0.423936 0.627379 0.185940 0.662797 0.185940
0 0.525881 0.770761 0.408604 0.626483 0.711894 0.379953 0.829171 0.524231
0 0.360779 0.625413 0.304512 0.513857 0.622642 0.353398 0.678909 0.464954
0 0.239035 0.515339 0.215546 0.435294 0.533699 0.341933 0.557188 0.421978
0 0.491922 0.395694 0.489614 0.213725 0.520462 0.213333 0.522770 0.395303
0 0.471180 0.376390 0.468242 0.211833 0.487933 0.211481 0.490871 0.376038
0 0.447169 0.349616 0.445490 0.220993 0.464848 0.220741 0.466527 0.349363
0 0.425343 0.349616 0.423664 0.220993 0.443022 0.220741 0.444701 0.349363
0 0.401838 0.359990 0.400159 0.231367 0.419517 0.231114 0.421196 0.359737
