0 0.510670 0.980370 0.167940 0.966452 0.199638 0.185902 0.542368 0.199820
0 0.850734 0.812410 0.611478 0.797776 0.653173 0.116076 0.892428 0.130709
0 0.576974 0.246392 0.546875 0.178786 0.793219 0.069113 0.823317 0.136719
0 0.505096 0.198230 0.486779 0.150240 0.722815 0.060150 0.741131 0.108140
0 0.452912 0.179177 0.432692 0.126202 0.642341 0.046183 0.662560 0.099159
0 0.392816 0.159646 0.372596 0.106671 0.582245 0.026652 0.602464 0.079627
0 0.340090 0.137786 0.324519 0.093149 0.534309 0.019967 0.549880 0.064603
0 0.292013 0.128771 0.276442 0.084135 0.486232 0.010952 0.501803 0.055589
0 0.245593 0.107690 0.231370 0.063101 0.422977 0.001985 0.437200 0.046574
0 0.155496 0.297906 0.136719 0.234375 0.463494 0.137791 0.482272 0.201322
0 0.104415 0.264853 0.085637 0.201322 0.412412 0.104738 0.431190 0.168269
0 0.056338 0.230298 0.037560 0.166767 0.364335 0.070183 0.383113 0.133714
0 0.038022 0.185401 0.027043 0.141226 0.301522 0.073012 0.312500 0.117188
0 0.010978 0.167372 0.000000 0.123197 0.274478 0.054984 0.285457 0.099159
0 0.000000 0.138221 -0.011666 0.091558 0.216700 0.034467 0.228365 0.081130
0 0.894314 0.189131 0.862380 0.126202 0.965662 0.073790 0.997596 0.136719
0 0.834868 0.160316 0.817308 0.127704 0.933510 0.065134 0.951070 0.097746
0 0.834868 0.160316 0.817308 0.127704 0.933510 0.065134 0.951070 0.097746
0 0.750381 0.137084 0.731671 0.099159 0.851182 0.040200 0.869892 0.078125
0 0.676314 0.119748 0.661058 0.081130 0.793037 0.028990 0.808293 0.067608
0 0.866257 0.113099 0.832332 0.067608 0.933623 -0.007931 0.967548 0.037560
0 0.810668 0.107089 0.776743 0.061599 0.878034 -0.013940 0.911959 0.031550
0 0.756582 0.101080 0.722656 0.055589 0.823947 -0.019950 0.857873 0.025541
