0 0.126373 0.697036 -0.035064 0.663381 0.001417 0.488388 0.162854 0.522043
0 0.252676 0.589882 -0.006098 0.535197 0.020764 0.408081 0.279538 0.462767
0 0.572135 0.632991 0.540299 0.632991 0.540299 0.281099 0.572135 0.281099
0 0.539172 0.670961 0.501824 0.670961 0.501824 0.302389 0.539172 0.302389
0 0.459938 0.806458 0.405132 0.806458 0.405132 0.343215 0.459938 0.343215
0 0.502814 0.726534 0.460886 0.726534 0.460886 0.320754 0.502814 0.320754
0 0.408464 0.883696 0.348974 0.883696 0.348974 0.367122 0.408464 0.367122
0 0.279822 0.961002 0.275193 0.408338 0.342078 0.407778 0.346707 0.960442
0 0.600426 0.587417 0.575346 0.587268 0.577228 0.270592 0.602308 0.270741
0 0.622364 0.547330 0.599790 0.547256 0.600721 0.259557 0.623295 0.259630
0 0.643340 0.519163 0.624974 0.519100 0.625915 0.244752 0.644281 0.244815
0 0.661543 0.488241 0.642476 0.487966 0.646201 0.229725 0.665268 0.230000
0 0.679954 0.464587 0.661910 0.464269 0.666111 0.225978 0.684155 0.226296
0 0.693047 0.445389 0.677859 0.445004 0.683659 0.216651 0.698846 0.217037
0 0.708971 0.417317 0.695614 0.416821 0.703327 0.209134 0.716684 0.209630
