0 0.819626 0.998438 0.600706 0.998438 0.600706 0.907357 0.819626 0.907357
0 0.625497 1.040808 0.471377 0.991281 0.533552 0.797808 0.687671 0.847336
0 0.638315 0.467748 0.261813 0.467748 0.261813 0.437772 0.638315 0.437772
0 0.508763 0.986864 0.395064 0.967266 0.440190 0.705468 0.553889 0.725066
0 0.828375 0.605966 0.340202 0.605966 0.340202 0.560345 0.828375 0.560345
0 0.717363 0.530216 0.300303 0.530216 0.300303 0.498947 0.717363 0.498947
0 0.679889 0.502130 0.279304 0.502130 0.279304 0.469295 0.679889 0.469295
0 0.960154 0.701971 0.390120 0.701971 0.390120 0.647853 0.960154 0.647853
0 0.897073 0.654473 0.365806 0.654473 0.365806 0.603510 0.897073 0.603510
0 0.615011 0.436591 0.253137 0.436591 0.253137 0.408251 0.615011 0.408251
0 0.769320 0.564332 0.311484 0.564332 0.311484 0.527470 0.769320 0.527470
0 0.570734 0.409918 0.248282 0.409918 0.248282 0.383627 0.570734 0.383627
0 0.552435 0.386265 0.244423 0.380563 0.244815 0.359403 0.552827 0.365105
0 0.519822 0.365670 0.240549 0.357396 0.241111 0.338417 0.520384 0.346690
0 0.497590 0.345544 0.233190 0.336246 0.233704 0.321627 0.498104 0.330925
0 0.470930 0.328343 0.231365 0.320173 0.231852 0.305888 0.471417 0.314058
0 0.450173 0.311767 0.225781 0.302101 0.226296 0.290148 0.450688 0.299814
