0 0.182943 0.687338 0.113558 0.687338 0.113558 0.297178 0.182943 0.297178
0 0.859601 0.671718 0.779183 0.664786 0.812846 0.274315 0.893264 0.281248
0 0.759642 0.662998 0.687890 0.662998 0.687890 0.274418 0.759642 0.274418
0 0.825787 0.666547 0.747633 0.666547 0.747633 0.279151 0.825787 0.279151
0 0.118536 0.696911 0.044622 0.696911 0.044622 0.309243 0.118536 0.309243
0 0.364984 0.658381 0.292756 0.658381 0.292756 0.280991 0.364984 0.280991
0 0.960870 0.690983 0.877753 0.690983 0.877753 0.282815 0.960870 0.282815
0 0.050375 0.711000 0.000445 0.711000 0.000445 0.309678 0.050375 0.309678
0 0.999258 0.700855 0.944052 0.700855 0.944052 0.289137 0.999258 0.289137
0 0.306769 0.665791 0.235544 0.665791 0.235544 0.283833 0.306769 0.283833
0 0.701814 0.658380 0.629104 0.658380 0.629104 0.275118 0.701814 0.275118
0 0.246137 0.671718 0.176366 0.671718 0.176366 0.290312 0.246137 0.290312
0 0.532176 0.649489 0.458306 0.649489 0.458306 0.272519 0.532176 0.272519
0 0.643761 0.655417 0.573129 0.655417 0.573129 0.278385 0.643761 0.278385
0 0.588485 0.655417 0.516453 0.655417 0.516453 0.273393 0.588485 0.273393
0 0.477111 0.649489 0.403158 0.649489 0.403158 0.272603 0.477111 0.272603
0 0.422262 0.653935 0.349537 0.653935 0.349537 0.275480 0.422262 0.275480
