0 0.187905 0.619339 -0.029724 0.569359 0.001469 0.433534 0.219098 0.483514
0 0.045402 0.731137 -0.056172 0.698535 0.000000 0.523526 0.101574 0.556128
0 0.420771 0.852312 0.364625 0.852312 0.364625 0.348798 0.420771 0.348798
0 0.468634 0.786057 0.420468 0.786057 0.420468 0.322663 0.468634 0.322663
0 0.367349 0.947646 0.301459 0.947646 0.301459 0.374209 0.367349 0.374209
0 0.581972 0.614830 0.550478 0.614830 0.550478 0.271856 0.581972 0.271856
0 0.547182 0.688281 0.512444 0.688281 0.512444 0.281783 0.547182 0.281783
0 0.510515 0.720535 0.468869 0.720535 0.468869 0.303427 0.510515 0.303427
0 0.608779 0.563288 0.580533 0.563288 0.580533 0.260234 0.608779 0.260234
0 0.606925 0.539827 0.604269 0.250603 0.630494 0.250362 0.633151 0.539586
0 0.654316 0.515034 0.634627 0.514634 0.640333 0.233304 0.660021 0.233704
0 0.672696 0.485341 0.655614 0.484995 0.660777 0.229655 0.677859 0.230000
0 0.689323 0.458797 0.674082 0.458321 0.681505 0.220265 0.696747 0.220741
0 0.703281 0.444004 0.689192 0.443502 0.697349 0.214683 0.711438 0.215185
0 0.715277 0.418741 0.699919 0.418028 0.709721 0.207064 0.725079 0.207778
0 0.292291 0.512118 0.053286 0.512118 0.053286 0.389680 0.292291 0.389680
