0 0.758638 0.989974 0.245223 0.989974 0.245223 0.082587 0.758638 0.082587
0 0.969524 0.273871 0.936612 0.273871 0.936612 0.003699 0.969524 0.003699
0 0.942372 0.259296 0.911932 0.259296 0.911932 0.004492 0.942372 0.004492
0 0.998868 0.294797 0.964666 0.294797 0.964666 0.005994 0.998868 0.005994
0 0.869519 0.222237 0.844023 0.222237 0.844023 0.003785 0.869519 0.003785
0 0.892773 0.232261 0.866491 0.232261 0.866491 0.003381 0.892773 0.003381
0 0.915945 0.242428 0.889269 0.242428 0.889269 0.003521 0.915945 0.003521
0 0.848617 0.212807 0.826757 0.212807 0.826757 0.001224 0.848617 0.001224
0 0.829939 0.202111 0.807159 0.202111 0.807159 0.001087 0.829939 0.001087
0 0.778268 0.171840 0.757540 0.171840 0.757540 0.001369 0.778268 0.001369
0 0.811189 0.201024 0.788409 0.201024 0.788409 0.000000 0.811189 0.000000
0 0.797796 0.185422 0.775016 0.185422 0.775016 0.000000 0.797796 0.000000
0 0.766661 0.160018 0.749107 0.160018 0.749107 0.000000 0.766661 0.000000
0 0.753268 0.160018 0.735714 0.160018 0.735714 0.000000 0.753268 0.000000
0 0.742554 0.160018 0.725000 0.160018 0.725000 0.000000 0.742554 0.000000
0 0.725893 0.136201 0.713771 0.135752 0.718825 -0.000450 0.730947 0.000000
0 0.724107 0.136201 0.711986 0.135752 0.717040 -0.000450 0.729161 0.000000
0 0.715179 0.136201 0.703058 0.135752 0.708111 -0.000450 0.720232 0.000000
0 0.705357 0.136201 0.693236 0.135752 0.698290 -0.000450 0.710411 0.000000
0 0.687054 0.140558 0.618273 0.139608 0.620215 -0.000950 0.688995 0.000000
