0 0.262998 0.967893 0.092833 0.797728 0.169939 0.720621 0.340104 0.890786
0 0.578733 0.631603 0.293071 0.345941 0.316973 0.322040 0.602635 0.607702
0 0.572356 0.542673 0.318648 0.288965 0.337767 0.269846 0.591475 0.523554
0 0.576117 0.586015 0.303776 0.313674 0.324874 0.292577 0.597214 0.564917
0 0.587839 0.690818 0.291602 0.394581 0.318471 0.367712 0.614708 0.663949
0 0.561369 0.494709 0.333099 0.266440 0.349802 0.249737 0.578072 0.478006
0 0.583614 0.748606 0.270545 0.435537 0.303942 0.402141 0.617011 0.715210
0 0.545770 0.440936 0.341627 0.236794 0.356467 0.221954 0.560609 0.426096
0 0.540106 0.406780 0.347867 0.214862 0.360927 0.201780 0.553166 0.393698
0 0.532410 0.374540 0.359403 0.194966 0.372580 0.182270 0.545587 0.361844
0 0.533204 0.346603 0.366128 0.178140 0.379214 0.165161 0.546291 0.333624
0 0.531535 0.321043 0.373121 0.160639 0.384364 0.149535 0.542778 0.309940
0 0.527060 0.294055 0.381309 0.141763 0.389514 0.133910 0.535265 0.286202
