1 0.165281 0.663842 -0.074880 0.423681 -0.038896 0.387697 0.201265 0.627858
1 0.140991 0.721210 -0.085572 0.494647 -0.046681 0.455756 0.179882 0.682319
1 0.118622 0.763024 -0.096264 0.548138 -0.070988 0.522862 0.143898 0.737749
1 1.035566 0.647320 0.529934 0.141688 0.689917 -0.018295 1.195549 0.487337
1 0.903323 0.750394 0.452135 0.299206 0.573686 0.177655 1.024874 0.628843
1 0.780803 0.837899 0.407414 0.464510 0.489088 0.382835 0.862477 0.756225
1 0.675792 0.884575 0.351016 0.559799 0.425891 0.484924 0.750667 0.809700
1 0.588270 0.939019 0.293648 0.644396 0.351015 0.587029 0.645638 0.881651
1 0.517305 0.967218 0.248927 0.698840 0.306294 0.641473 0.574672 0.909851
1 0.461858 0.989587 0.222665 0.750394 0.269341 0.703719 0.508533 0.942911
1 0.414213 1.017786 0.189605 0.793178 0.222665 0.760117 0.447274 0.984725
1 0.366568 1.036263 0.165298 0.834993 0.205174 0.795116 0.406445 0.996386
1 0.341616 1.047618 0.146159 0.852161 0.171128 0.827191 0.366585 1.022648
1 0.397691 0.231131 0.229498 0.062937 0.358817 -0.066382 0.527011 0.101811
1 0.322816 0.362403 0.126424 0.166012 0.224637 0.067799 0.421029 0.264191
1 0.256694 0.457693 0.045718 0.246717 0.119625 0.172811 0.330601 0.383786
1 0.217804 0.551045 -0.020403 0.312838 0.042795 0.249640 0.281002 0.487847
1 0.184760 0.607443 -0.065124 0.357559 -0.010680 0.303115 0.239204 0.552999
1 0.100162 0.787331 -0.088479 0.598689 -0.069034 0.579244 0.119607 0.767885
1 0.098514 0.804516 -0.080405 0.625597 -0.071974 0.617166 0.106945 0.796085
