0 0.903579 0.845103 0.811239 0.625779 0.986346 0.552055 1.078686 0.771379
0 0.732267 0.674132 0.702949 0.522043 0.995080 0.465731 1.024397 0.617819
0 0.507621 0.766548 0.464052 0.766548 0.464052 0.287484 0.507621 0.287484
0 0.404130 0.628946 0.372829 0.628946 0.372829 0.223586 0.404130 0.223586
0 0.467524 0.711760 0.429743 0.711760 0.429743 0.259139 0.467524 0.259139
0 0.372441 0.584533 0.345084 0.584533 0.345084 0.209274 0.372441 0.209274
0 0.432007 0.662233 0.401453 0.662233 0.401453 0.247069 0.432007 0.247069
0 0.559377 0.832825 0.507101 0.832825 0.507101 0.334755 0.559377 0.334755
0 0.609360 0.894162 0.551412 0.894162 0.551412 0.353135 0.609360 0.353135
0 0.628597 0.526090 0.616696 0.408310 0.890448 0.380649 0.902350 0.498429
0 0.346878 0.547822 0.319955 0.547822 0.319955 0.195972 0.346878 0.195972
0 0.998327 0.929013 0.955625 0.929013 0.955625 0.753064 0.998327 0.753064
0 0.323718 0.528102 0.301326 0.528102 0.301326 0.184892 0.323718 0.184892
0 0.284148 0.502482 0.282803 0.176296 0.300345 0.176224 0.301690 0.502409
0 0.269937 0.484727 0.268112 0.168889 0.285595 0.168788 0.287420 0.484626
0 0.256012 0.458185 0.250274 0.161481 0.267846 0.161142 0.273584 0.457845
0 0.245071 0.428583 0.236633 0.154074 0.252665 0.153581 0.261104 0.428090
0 0.230821 0.413711 0.224041 0.141111 0.237485 0.140777 0.244266 0.413377
0 0.220543 0.397540 0.212498 0.131852 0.225542 0.131457 0.233587 0.397145
