0 0.997596 0.331659 0.847812 0.331659 0.847812 0.254087 0.997596 0.254087
0 0.735065 0.965450 0.661515 0.357673 0.878012 0.331474 0.951563 0.939250
0 0.155065 1.008849 0.092623 0.492853 0.276329 0.470622 0.338772 0.986618
0 0.124038 0.997596 0.000481 0.997596 0.000481 0.512067 0.124038 0.512067
0 0.931947 0.122380 0.713341 0.122380 0.713341 0.000000 0.931947 0.000000
0 0.727596 0.148510 0.546995 0.148510 0.546995 0.000000 0.727596 0.000000
0 0.354519 0.205529 0.228582 0.205529 0.228582 0.000000 0.354519 0.000000
0 0.204832 0.269687 0.064639 0.269687 0.064639 0.000000 0.204832 0.000000
0 0.059880 0.293462 0.007596 0.293462 0.007596 0.001178 0.059880 0.001178
0 0.518750 0.998438 0.293750 0.998438 0.293750 0.415625 0.518750 0.415625
0 0.728125 0.992187 0.507812 0.992187 0.507812 0.384375 0.728125 0.384375
