1 0.097255 0.257716 0.021281 0.209688 0.110604 0.068390 0.186577 0.116417
1 0.170238 0.265003 0.075227 0.215120 0.152934 0.067112 0.247945 0.116995
1 0.280714 0.242275 0.186978 0.208345 0.236617 0.071210 0.330354 0.105141
1 0.412988 0.235437 0.316651 0.209804 0.350834 0.081339 0.447170 0.106973
1 0.002391 0.000530 0.002208 0.000234 0.002380 0.000128 0.002563 0.000423
1 0.912646 0.237042 0.836594 0.114859 0.907738 0.070577 0.983789 0.192759
1 0.824402 0.241634 0.748350 0.119450 0.819492 0.075169 0.895544 0.197353
1 0.695366 0.235791 0.654973 0.097656 0.735403 0.074137 0.775795 0.212272
1 0.599139 0.235575 0.558747 0.097439 0.639178 0.073920 0.679570 0.212056
1 0.518294 0.215648 0.418606 0.215648 0.418606 0.082716 0.518294 0.082716
1 0.002290 0.001071 0.001958 0.000564 0.002195 0.000409 0.002527 0.000915
1 0.907327 0.943701 0.785938 0.924931 0.877048 0.335679 0.998438 0.354448
1 0.771875 0.949939 0.647674 0.918484 0.796112 0.332372 0.920313 0.363827
1 0.674330 0.941006 0.499330 0.928342 0.539062 0.379297 0.714063 0.391961
1 0.538976 0.949665 0.390148 0.947935 0.396484 0.402734 0.545313 0.404464
1 0.294859 0.981114 0.201172 0.437891 0.380440 0.406973 0.474127 0.950197
1 0.113788 1.008590 0.042969 0.463281 0.205743 0.442142 0.276563 0.987450
1 0.069641 1.050448 -0.110046 0.665959 0.004688 0.612339 0.184375 0.996828
