0 0.091318 0.765205 -0.034872 0.739044 0.001407 0.564051 0.127597 0.590212
0 0.435682 0.807378 0.393202 0.807378 0.393202 0.335050 0.435682 0.335050
0 0.352996 0.941644 0.301442 0.941644 0.301442 0.384735 0.352996 0.384735
0 0.198241 0.636285 -0.014980 0.611818 0.000000 0.481275 0.213221 0.505743
0 0.544208 0.633491 0.517178 0.633491 0.517178 0.264690 0.544208 0.264690
0 0.567775 0.598175 0.542551 0.598175 0.542551 0.257455 0.567775 0.257455
0 0.518817 0.663584 0.488581 0.663584 0.488581 0.276350 0.518817 0.276350
0 0.281292 0.538162 0.031060 0.492406 0.049453 0.391818 0.299685 0.437574
0 0.395338 0.868856 0.347150 0.868856 0.347150 0.365144 0.395338 0.365144
0 0.493352 0.703470 0.464608 0.703470 0.464608 0.299010 0.493352 0.299010
0 0.466559 0.751539 0.431357 0.751539 0.431357 0.314919 0.466559 0.314919
0 0.589241 0.563809 0.565841 0.563809 0.565841 0.247357 0.589241 0.247357
0 0.604088 0.544065 0.586738 0.543924 0.589156 0.246526 0.606506 0.246667
0 0.618374 0.521811 0.600840 0.521700 0.602613 0.241000 0.620147 0.241111
0 0.630723 0.508654 0.615110 0.508363 0.620274 0.231561 0.635887 0.231852
0 0.643234 0.493802 0.628541 0.493510 0.633786 0.229708 0.648479 0.230000
0 0.654095 0.467141 0.640217 0.466748 0.647192 0.220348 0.661070 0.220741
0 0.664997 0.461307 0.651207 0.460942 0.657773 0.212968 0.671564 0.213333
