0 0.766792 0.996621 0.246680 0.996621 0.246680 0.082710 0.766792 0.082710
0 0.972342 0.276800 0.938872 0.276800 0.938872 0.005278 0.972342 0.005278
0 0.943236 0.259086 0.913742 0.259086 0.913742 0.004005 0.943236 0.004005
0 0.999648 0.289148 0.968310 0.289148 0.968310 0.003406 0.999648 0.003406
0 0.870940 0.220427 0.844742 0.220427 0.844742 0.003482 0.870940 0.003482
0 0.918897 0.250383 0.890347 0.250383 0.890347 0.004175 0.918897 0.004175
0 0.894379 0.233183 0.867375 0.233183 0.867375 0.003041 0.894379 0.003041
0 0.849099 0.211841 0.827359 0.211841 0.827359 0.001091 0.849099 0.001091
0 0.830222 0.201735 0.807660 0.201735 0.807660 0.000559 0.830222 0.000559
0 0.779070 0.172151 0.758352 0.172151 0.758352 0.001498 0.779070 0.001498
