0 0.182617 0.600354 -0.040468 0.525921 0.000000 0.404635 0.223085 0.479069
0 0.096537 0.677177 -0.000000 0.677177 0.000000 0.507234 0.096537 0.507234
0 0.436351 0.822074 0.382767 0.822074 0.382767 0.357177 0.436351 0.357177
0 0.378176 0.937215 0.314490 0.937215 0.314490 0.389288 0.378176 0.389288
0 0.482955 0.764707 0.436245 0.764707 0.436245 0.336072 0.482955 0.336072
0 0.521365 0.693890 0.485513 0.693890 0.485513 0.314129 0.521365 0.314129
0 0.250356 1.000019 0.229067 0.418322 0.301364 0.415676 0.322653 0.997373
0 0.526338 0.645374 0.522575 0.304375 0.549843 0.304074 0.553606 0.645073
0 0.579223 0.609807 0.550682 0.609807 0.550682 0.287407 0.579223 0.287407
0 0.606925 0.569795 0.578384 0.569795 0.578384 0.268889 0.606925 0.268889
0 0.625394 0.543121 0.598531 0.543121 0.598531 0.255926 0.625394 0.255926
0 0.641817 0.509317 0.621196 0.509037 0.624710 0.250091 0.645331 0.250370
0 0.659170 0.482766 0.643022 0.482362 0.649119 0.238855 0.665268 0.239259
0 0.676926 0.456030 0.660486 0.455564 0.666876 0.229970 0.683316 0.230435
0 0.689318 0.444307 0.673242 0.443832 0.679623 0.227674 0.695698 0.228148
