1 1.000000 0.994062 0.789856 0.994062 0.789856 0.244615 1.000000 0.244615
1 0.782981 0.961058 0.598702 0.961058 0.598702 0.325745 0.782981 0.325745
1 0.591827 0.934928 0.452933 0.934928 0.452933 0.400000 0.591827 0.400000
1 0.457067 0.899159 0.352548 0.899159 0.352548 0.427500 0.457067 0.427500
1 0.342933 0.871659 0.246659 0.871659 0.246659 0.452260 0.342933 0.452260
1 0.246659 0.846923 0.180649 0.846923 0.180649 0.461875 0.246659 0.461875
1 0.183413 0.820793 0.122909 0.820793 0.122909 0.476995 0.183413 0.476995
1 0.125769 0.797115 0.064495 0.797115 0.064495 0.489135 0.125769 0.489135
1 0.067692 0.785168 0.028702 0.785168 0.028702 0.497885 0.067692 0.497885
1 0.031875 0.789159 -0.000000 0.789159 0.000000 0.500288 0.031875 0.500288
1 0.803053 0.235938 0.617404 0.235938 0.617404 0.000000 0.803053 0.000000
1 0.607788 0.267572 0.466130 0.267572 0.466130 0.000000 0.607788 0.000000
1 0.463389 0.307452 0.346490 0.307452 0.346490 0.000000 0.463389 0.000000
1 0.346490 0.334952 0.263990 0.334952 0.263990 0.000000 0.346490 0.000000
1 0.263990 0.345962 0.195240 0.345962 0.195240 0.000000 0.263990 0.000000
1 0.197981 0.366587 0.133365 0.366587 0.133365 0.039303 0.197981 0.039303
1 0.136106 0.400962 0.082476 0.400962 0.082476 0.081923 0.136106 0.081923
1 0.085216 0.409207 0.046731 0.409207 0.046731 0.109423 0.085216 0.109423
1 0.053606 0.417452 0.010962 0.417452 0.010962 0.149303 0.053606 0.149303
