0 0.573428 0.188668 0.322716 0.167909 0.330084 0.078930 0.580796 0.099689
0 0.709615 0.850602 0.307993 0.848197 0.309015 0.677523 0.710637 0.679928
0 0.314396 0.689364 0.312500 0.630349 0.686599 0.618329 0.688495 0.677345
0 0.309889 0.636780 0.307993 0.577764 0.682091 0.565745 0.683987 0.624761
0 0.311807 0.578856 0.309495 0.529688 0.661058 0.513161 0.663369 0.562330
0 0.314351 0.525919 0.312500 0.474099 0.649038 0.462079 0.650889 0.513900
0 0.308818 0.480507 0.307993 0.420012 0.638522 0.415505 0.639346 0.475999
0 0.311085 0.430376 0.309495 0.382452 0.626502 0.371935 0.628092 0.419860
0 0.305075 0.383802 0.303486 0.335877 0.620493 0.325361 0.622083 0.373285
0 0.313886 0.346928 0.312500 0.299820 0.618990 0.290805 0.620376 0.337914
0 0.312321 0.304873 0.310998 0.260757 0.611478 0.251743 0.612802 0.295859
0 0.315064 0.267168 0.314002 0.226202 0.603966 0.218690 0.605028 0.259656
0 0.322371 0.197760 0.321514 0.167608 0.585938 0.160096 0.586794 0.190248
0 0.326878 0.226306 0.326022 0.196154 0.590445 0.188642 0.591301 0.218794
