1 1.000000 0.761923 0.849712 0.761923 0.849712 0.023822 1.000000 0.023822
1 0.829087 0.679423 0.673245 0.679423 0.673245 0.074255 0.829087 0.074255
1 0.664062 0.611803 0.548317 0.611803 0.548317 0.084567 0.664062 0.084567
1 0.549471 0.563678 0.461226 0.563678 0.461226 0.131538 0.549471 0.131538
1 0.463534 0.546490 0.394760 0.546490 0.394760 0.162476 0.463534 0.162476
1 0.397067 0.523582 0.343197 0.523582 0.343197 0.179688 0.397067 0.179688
1 0.344351 0.506394 0.298510 0.506394 0.298510 0.198005 0.344351 0.198005
1 0.296707 0.493918 0.257572 0.493918 0.257572 0.220048 0.296707 0.220048
1 0.262885 0.469399 0.226394 0.469399 0.226394 0.223365 0.262885 0.223365
1 0.225745 0.472043 0.204519 0.472043 0.204519 0.232644 0.225745 0.232644
1 0.207837 0.456130 0.174687 0.456130 0.174687 0.245240 0.207837 0.245240
1 0.164736 0.464087 0.142187 0.464087 0.142187 0.272428 0.164736 0.272428
1 0.140192 0.466082 0.125601 0.466082 0.125601 0.279062 0.140192 0.279062
1 0.128269 0.452813 0.111010 0.452813 0.111010 0.281058 0.128269 0.281058
1 0.110361 0.446178 0.096418 0.446178 0.096418 0.287019 0.110361 0.287019
1 0.099087 0.443534 0.083822 0.443534 0.083822 0.291010 0.099087 0.291010
1 0.084495 0.432909 0.071226 0.432909 0.071226 0.295649 0.084495 0.295649
1 0.068582 0.434231 0.056635 0.434231 0.056635 0.294976 0.068582 0.294976
1 0.993101 1.000000 0.774447 1.000000 0.774447 0.775264 0.993101 0.775264
1 0.770312 1.000000 0.627308 1.000000 0.627308 0.750529 0.770312 0.750529
1 0.653438 0.996803 0.515913 0.996803 0.515913 0.687260 0.653438 0.687260
1 0.540673 1.000000 0.448534 1.000000 0.448534 0.669375 0.540673 0.669375
1 0.451298 0.958293 0.385288 0.958293 0.385288 0.621250 0.451298 0.621250
1 0.385288 0.906058 0.338534 0.906058 0.338534 0.600625 0.385288 0.600625
1 0.333029 0.853798 0.293149 0.853798 0.293149 0.578630 0.333029 0.578630
1 0.296827 0.806418 0.258365 0.806418 0.258365 0.556394 0.296827 0.556394
1 0.263678 0.769279 0.230529 0.769279 0.230529 0.544471 0.263678 0.544471
1 0.235817 0.744062 0.211274 0.744062 0.211274 0.525216 0.235817 0.525216
1 0.209952 0.722187 0.186755 0.722187 0.186755 0.519928 0.209952 0.519928
1 0.192716 0.698317 0.167524 0.698317 0.167524 0.509303 0.192716 0.509303
1 0.168846 0.684375 0.147620 0.684375 0.147620 0.502019 0.168846 0.502019
1 0.033841 0.293976 0.015589 0.235735 0.040822 0.227827 0.059074 0.286068
