0 0.345437 0.330168 0.319235 0.113647 0.927014 0.040096 0.953217 0.256618
0 0.394933 0.524063 0.368730 0.307541 0.976510 0.233990 1.002712 0.450512
0 0.997596 0.907019 0.480841 0.907019 0.480841 0.692500 0.997596 0.692500
0 0.997596 0.997812 0.512716 0.997812 0.512716 0.916611 0.997596 0.916611
0 0.126562 0.269087 0.000000 0.269087 0.000000 0.086923 0.126562 0.086923
0 0.162212 0.469087 -0.000000 0.469087 0.000000 0.269087 0.162212 0.269087
0 0.209736 0.776034 -0.000000 0.776034 0.000000 0.625529 0.209736 0.625529
0 0.275072 0.938413 -0.000000 0.938413 0.000000 0.799784 0.275072 0.799784
0 0.290913 0.998438 -0.000000 0.998438 0.000000 0.944351 0.290913 0.944351
0 0.995313 0.701563 0.421875 0.701563 0.421875 0.485938 0.995313 0.485938
