0 0.143368 0.642380 -0.031806 0.607332 0.000272 0.447004 0.175446 0.482052
0 0.383865 0.895184 0.324095 0.895184 0.324095 0.310975 0.383865 0.310975
0 0.484106 0.753293 0.438422 0.753293 0.438422 0.275473 0.484106 0.275473
0 0.437779 0.817268 0.382963 0.817268 0.382963 0.294184 0.437779 0.294184
0 0.555520 0.653138 0.520064 0.653138 0.520064 0.243389 0.555520 0.243389
0 0.324672 0.983598 0.259902 0.983598 0.259902 0.341652 0.324672 0.341652
0 0.584392 0.613861 0.553500 0.613861 0.553500 0.231694 0.584392 0.231694
0 0.243194 0.535355 -0.018716 0.492380 -0.000000 0.378318 0.261910 0.421293
0 0.521018 0.702202 0.482134 0.702202 0.482134 0.256928 0.521018 0.256928
0 0.030088 0.704789 -0.034801 0.686411 0.001679 0.557610 0.066568 0.575989
0 0.611264 0.583493 0.584185 0.583493 0.584185 0.217937 0.611264 0.217937
0 0.635766 0.544920 0.611174 0.544920 0.611174 0.204798 0.635766 0.204798
0 0.308828 0.459754 0.057920 0.429805 0.069763 0.330585 0.320672 0.360534
