1 0.093317 0.818510 0.071034 0.818510 0.071034 0.630625 0.093317 0.630625
1 0.591414 0.862202 0.576317 0.141446 0.759643 0.137606 0.774740 0.858362
1 0.571010 0.810529 0.442668 0.810529 0.442668 0.215649 0.571010 0.215649
1 0.447260 0.755505 0.349856 0.755505 0.349856 0.274111 0.447260 0.274111
1 0.347692 0.714423 0.281370 0.714423 0.281370 0.310986 0.347692 0.310986
1 0.290216 0.679663 0.232188 0.679663 0.232188 0.330889 0.290216 0.330889
1 0.236058 0.659712 0.186875 0.659712 0.186875 0.334760 0.236058 0.334760
1 0.197933 0.650865 0.156466 0.650865 0.156466 0.352981 0.197933 0.352981
1 0.166418 0.627644 0.129952 0.627644 0.129952 0.365144 0.166418 0.365144
1 0.141130 0.615216 0.112356 0.615216 0.112356 0.373005 0.141130 0.373005
1 0.119255 0.603317 0.090481 0.603317 0.090481 0.376466 0.119255 0.376466
1 0.104279 0.598702 0.074736 0.598702 0.074736 0.396034 0.104279 0.396034
1 0.086635 0.597933 0.062067 0.597933 0.062067 0.398341 0.086635 0.398341
1 0.076274 0.599471 0.046346 0.599471 0.046346 0.413317 0.076274 0.413317
1 0.554880 1.000000 0.441875 1.000000 0.441875 0.903582 0.554880 0.903582
1 0.445841 1.000000 0.347163 1.000000 0.347163 0.848678 0.445841 0.848678
1 0.347163 1.000000 0.284303 1.000000 0.284303 0.796154 0.347163 0.796154
1 0.290673 1.000000 0.230192 1.000000 0.230192 0.763534 0.290673 0.763534
1 0.239736 1.000000 0.194375 1.000000 0.194375 0.731707 0.239736 0.731707
1 0.215072 0.989615 0.167308 0.989615 0.167308 0.713389 0.215072 0.713389
1 0.178462 0.946635 0.142644 0.946635 0.142644 0.687933 0.178462 0.687933
1 0.145048 0.905264 0.118774 0.905264 0.118774 0.673606 0.145048 0.673606
1 0.075721 0.784303 0.045553 0.784303 0.045553 0.606755 0.075721 0.606755
1 0.123558 0.877404 0.102067 0.877404 0.102067 0.655313 0.123558 0.655313
1 0.108437 0.845577 0.083750 0.845577 0.083750 0.636202 0.108437 0.636202
1 0.077404 0.795433 0.061466 0.795433 0.061466 0.617115 0.077404 0.617115
