1 0.685602 0.290384 0.598509 0.290384 0.598509 0.180361 0.685602 0.180361
1 0.087428 0.159736 0.000841 0.159736 0.000841 0.109303 0.087428 0.109303
1 0.055628 0.255984 0.011288 0.194279 0.173434 0.077766 0.217774 0.139471
1 0.158569 0.262399 0.103634 0.209902 0.195013 0.114281 0.249948 0.166779
1 0.996120 0.001192 0.995920 0.001005 0.996363 0.000533 0.996563 0.000720
1 0.249180 0.262572 0.194244 0.210075 0.285603 0.114471 0.340539 0.166968
1 0.362849 0.269325 0.292792 0.221356 0.358933 0.124761 0.428989 0.172730
1 0.476697 0.280658 0.390847 0.251934 0.426909 0.144150 0.512760 0.172874
1 0.578796 0.292590 0.489991 0.275006 0.512070 0.163492 0.600875 0.181075
1 0.786442 0.297259 0.699352 0.297259 0.699352 0.197548 0.786442 0.197548
1 0.895312 0.308702 0.791034 0.308702 0.791034 0.210169 0.895312 0.210169
1 0.077983 0.995739 -0.000000 0.411931 0.131746 0.394333 0.209729 0.978141
1 0.218608 0.998438 0.085086 0.436080 0.216154 0.404960 0.349676 0.967318
1 0.362671 1.001077 0.242756 0.471591 0.386642 0.439004 0.506557 0.968491
1 0.595028 0.998437 0.423153 0.998437 0.423153 0.473011 0.595028 0.473011
1 0.695297 1.007062 0.568039 0.998438 0.604575 0.459336 0.731832 0.467961
1 0.848411 1.011424 0.683097 0.998437 0.725711 0.455966 0.891025 0.468952
1 0.998438 0.998438 0.883381 0.998438 0.883381 0.494319 0.998438 0.494319
