0 0.666691 0.913274 0.544433 0.218850 0.876180 0.160444 0.998438 0.854868
0 0.423017 0.978065 0.291719 0.255925 0.639038 0.192776 0.770337 0.914916
0 0.037590 0.982320 0.027309 0.253689 0.477941 0.247331 0.488221 0.975962
0 0.005349 0.320012 -0.005670 0.268830 0.267004 0.210129 0.278022 0.261311
0 0.000841 0.274940 -0.005595 0.227741 0.191180 0.200908 0.197617 0.248107
0 0.000841 0.244892 -0.003049 0.200158 0.124929 0.189029 0.128819 0.233763
0 0.251743 0.279447 0.240724 0.228265 0.513398 0.169564 0.524417 0.220746
0 0.193149 0.256911 0.185539 0.204780 0.427597 0.169443 0.435207 0.221574
0 0.119531 0.241887 0.111921 0.189756 0.353979 0.154419 0.361589 0.206550
0 0.070170 0.215632 0.063942 0.178786 0.309604 0.137266 0.315831 0.174112
0 0.449540 0.237160 0.441046 0.192308 0.669931 0.148958 0.678426 0.193810
0 0.372664 0.215700 0.365925 0.178786 0.574245 0.140759 0.580984 0.177674
0 0.308060 0.196169 0.301322 0.159255 0.509642 0.121228 0.516380 0.158143
0 0.683661 0.209691 0.676923 0.172776 0.885243 0.134750 0.891981 0.171664
0 0.599527 0.191662 0.592788 0.154748 0.801108 0.116721 0.807847 0.153635
0 0.516895 0.181145 0.510156 0.144231 0.718476 0.106204 0.725214 0.143118
0 0.791835 0.167623 0.785096 0.130709 0.993416 0.092683 1.000154 0.129597
