0 0.134388 0.720621 0.058669 0.720621 0.058669 0.316077 0.134388 0.316077
0 0.702940 0.676164 0.630144 0.676164 0.630144 0.288289 0.702940 0.288289
0 0.579762 0.667272 0.510857 0.667272 0.510857 0.283570 0.579762 0.283570
0 0.871354 0.726549 0.780665 0.718107 0.820286 0.292478 0.910975 0.300920
0 0.937671 0.745814 0.841155 0.734977 0.890922 0.291744 0.987437 0.302581
0 0.766755 0.690983 0.690989 0.690983 0.690989 0.293941 0.766755 0.293941
0 0.408309 0.673200 0.339900 0.673200 0.339900 0.291670 0.408309 0.291670
0 0.838939 0.707284 0.753703 0.707284 0.753703 0.296673 0.838939 0.296673
0 0.284185 0.696911 0.214381 0.696911 0.214381 0.300706 0.284185 0.300706
0 0.642277 0.670236 0.572349 0.670236 0.572349 0.283366 0.642277 0.283366
0 0.063327 0.745814 0.000018 0.745814 0.000018 0.318016 0.063327 0.318016
0 0.345648 0.688019 0.275930 0.688019 0.275930 0.294292 0.345648 0.294292
0 0.222182 0.702072 0.149214 0.702072 0.149214 0.300371 0.222182 0.300371
0 0.465632 0.668755 0.397348 0.668755 0.397348 0.286745 0.465632 0.286745
0 0.520956 0.665791 0.453292 0.665791 0.453292 0.283388 0.520956 0.283388
0 0.999475 0.746629 0.966883 0.746629 0.966883 0.308240 0.999475 0.308240
