0 0.647283 0.567864 0.446005 0.366586 0.486235 0.326356 0.687513 0.527634
0 0.476847 0.761873 0.256591 0.541616 0.298731 0.499476 0.518987 0.719733
0 0.747703 0.504394 0.558828 0.275467 0.592990 0.247282 0.781865 0.476209
0 0.860983 0.455087 0.667726 0.198424 0.725908 0.154616 0.919165 0.411279
0 0.446940 0.804355 0.216401 0.573816 0.260345 0.529872 0.490884 0.760411
0 0.411226 0.840069 0.175998 0.604841 0.220101 0.560738 0.455329 0.795966
0 0.373060 0.884521 0.132379 0.643841 0.177405 0.598815 0.418086 0.839495
0 0.343612 0.934927 0.091713 0.683028 0.141445 0.633296 0.393344 0.885195
0 0.302485 0.981818 0.044421 0.723754 0.096183 0.671993 0.354247 0.930057
0 0.617231 0.593725 0.417349 0.393843 0.453243 0.357949 0.653125 0.557831
0 0.722500 0.518286 0.520817 0.316603 0.559293 0.278127 0.760976 0.479810
0 0.503080 0.720450 0.291465 0.508835 0.329785 0.470515 0.541400 0.682130
0 0.787784 0.475820 0.601494 0.247645 0.634353 0.220818 0.820643 0.448993
0 0.588821 0.624230 0.387944 0.423353 0.424134 0.387163 0.625011 0.588040
0 0.832463 0.453433 0.644571 0.218843 0.678706 0.191503 0.866598 0.426093
0 0.563120 0.654122 0.359971 0.450973 0.395143 0.415801 0.598292 0.618950
0 0.532505 0.686834 0.325378 0.479707 0.361905 0.443181 0.569031 0.650307
0 0.936950 0.431483 0.743693 0.174820 0.785030 0.143695 0.978287 0.400358
0 0.685286 0.542436 0.484177 0.341327 0.522652 0.302852 0.723761 0.503961
