1 1.000000 0.352452 0.861514 0.352452 0.861514 0.245192 1.000000 0.245192
1 0.731074 0.946028 0.657525 0.338251 0.874046 0.312049 0.947595 0.919826
1 0.549151 0.992903 0.475602 0.385126 0.692123 0.358924 0.765672 0.966701
1 0.372594 1.007752 0.301462 0.419949 0.481709 0.398137 0.552841 0.985940
1 0.110697 1.000000 0.000000 1.000000 0.000000 0.496010 0.110697 0.496010
1 0.907548 0.131971 0.727692 0.131971 0.727692 0.000000 0.907548 0.000000
1 0.730986 0.153438 0.521418 0.153438 0.521418 0.000000 0.730986 0.000000
1 0.363005 0.211178 0.244183 0.211178 0.244183 0.000000 0.363005 0.000000
1 0.212837 0.267284 0.069279 0.267284 0.069279 0.000000 0.212837 0.000000
1 0.054423 0.305240 0.003269 0.305240 0.003269 0.000000 0.054423 0.000000
