0 0.114651 0.731582 -0.028361 0.710364 0.000745 0.514186 0.143757 0.535404
0 0.225331 0.586812 -0.008248 0.572634 0.000000 0.436755 0.233578 0.450933
0 0.507745 0.644508 0.472589 0.644508 0.472589 0.244044 0.507745 0.244044
0 0.534749 0.600577 0.505035 0.600577 0.505035 0.233363 0.534749 0.233363
0 0.476537 0.675205 0.440305 0.675205 0.440305 0.266954 0.476537 0.266954
0 0.443559 0.727324 0.401841 0.727324 0.401841 0.290504 0.443559 0.290504
0 0.560934 0.552985 0.533998 0.552985 0.533998 0.221157 0.560934 0.221157
0 0.405290 0.789840 0.350554 0.789840 0.350554 0.314231 0.405290 0.314231
0 0.296125 0.501183 0.034350 0.489367 0.038959 0.387251 0.300735 0.399067
0 0.584001 0.520760 0.560625 0.520760 0.560625 0.211977 0.584001 0.211977
0 0.584260 0.484995 0.578648 0.200879 0.604407 0.200370 0.610019 0.484486
0 0.608604 0.450912 0.604174 0.187782 0.626443 0.187407 0.630873 0.450537
0 0.627300 0.421274 0.627062 0.183722 0.645331 0.183704 0.645569 0.421255
0 0.655747 0.400855 0.641311 0.400455 0.647684 0.170341 0.662120 0.170741
0 0.658933 0.367946 0.657179 0.163457 0.671564 0.163333 0.673318 0.367823
0 0.325708 0.852513 0.297560 0.355603 0.341658 0.353105 0.369806 0.850015
