1 1.000000 0.739928 0.843630 0.739928 0.843630 0.031731 1.000000 0.031731
1 0.844784 0.681490 0.666010 0.681490 0.666010 0.067260 0.844784 0.067260
1 0.670601 0.620745 0.545697 0.620745 0.545697 0.111947 0.670601 0.111947
1 0.547981 0.566899 0.459736 0.566899 0.459736 0.131442 0.547981 0.131442
1 0.462043 0.539399 0.397861 0.539399 0.397861 0.156635 0.462043 0.156635
1 0.396370 0.506130 0.341322 0.506130 0.341322 0.175817 0.396370 0.175817
1 0.347308 0.496851 0.304856 0.496851 0.304856 0.195048 0.347308 0.195048
1 0.302212 0.494183 0.256442 0.494183 0.256442 0.213606 0.302212 0.213606
1 0.265721 0.474303 0.228606 0.474303 0.228606 0.205649 0.265721 0.205649
1 0.230577 0.467668 0.204712 0.467668 0.204712 0.234159 0.230577 0.234159
1 0.207380 0.460361 0.180841 0.460361 0.180841 0.240144 0.207380 0.240144
1 0.174207 0.465024 0.147692 0.465024 0.147692 0.267332 0.174207 0.267332
1 0.148341 0.458389 0.129111 0.458389 0.129111 0.273293 0.148341 0.273293
1 0.132067 0.451827 0.115264 0.451827 0.115264 0.273750 0.132067 0.273750
1 0.111538 0.442476 0.094471 0.442476 0.094471 0.281490 0.111538 0.281490
1 0.096611 0.436346 0.081418 0.436346 0.081418 0.288942 0.096611 0.288942
1 0.084351 0.439279 0.068365 0.439279 0.068365 0.293221 0.084351 0.293221
1 0.042043 0.309054 0.016386 0.240065 0.041034 0.230898 0.066691 0.299887
1 0.960409 1.000000 0.770192 1.000000 0.770192 0.780048 0.960409 0.780048
1 0.763317 1.000000 0.629231 1.000000 0.629231 0.751394 0.763317 0.751394
1 0.625793 1.000000 0.526106 1.000000 0.526106 0.699832 0.625793 0.699832
1 0.537548 1.000000 0.455048 1.000000 0.455048 0.659712 0.537548 0.659712
1 0.453894 0.954327 0.387428 0.954327 0.387428 0.617308 0.453894 0.617308
1 0.389351 0.900168 0.339207 0.900168 0.339207 0.594591 0.389351 0.594591
1 0.336034 0.846851 0.295433 0.846851 0.295433 0.572308 0.336034 0.572308
1 0.297043 0.804663 0.264399 0.804663 0.264399 0.558774 0.297043 0.558774
1 0.262813 0.770457 0.230192 0.770457 0.230192 0.536490 0.262813 0.536490
1 0.232572 0.740216 0.208702 0.740216 0.208702 0.528534 0.232572 0.528534
1 0.210962 0.712933 0.185553 0.712933 0.185553 0.511202 0.210962 0.511202
1 0.187212 0.700769 0.164543 0.700769 0.164543 0.508462 0.187212 0.508462
1 0.168413 0.677548 0.147957 0.677548 0.147957 0.499063 0.168413 0.499063
