0 0.898749 0.580796 0.809769 0.573428 0.830529 0.322716 0.919508 0.330084
0 0.318510 0.710637 0.147835 0.709615 0.150240 0.307993 0.320915 0.309015
0 0.321093 0.688495 0.309073 0.314396 0.368089 0.312500 0.380108 0.686599
0 0.373677 0.683987 0.361658 0.309889 0.420673 0.307993 0.432692 0.682091
0 0.436108 0.663369 0.419581 0.311807 0.468750 0.309495 0.485277 0.661058
0 0.484538 0.650889 0.472518 0.314351 0.524339 0.312500 0.536358 0.649038
0 0.522438 0.639347 0.517931 0.308818 0.578426 0.307993 0.582933 0.638522
0 0.578578 0.628092 0.568061 0.311085 0.615986 0.309495 0.626502 0.626502
0 0.625152 0.622083 0.614636 0.305075 0.662560 0.303486 0.673077 0.620493
0 0.660524 0.620376 0.651510 0.313886 0.698618 0.312500 0.707632 0.618990
0 0.702579 0.612802 0.693564 0.312321 0.737680 0.310998 0.746695 0.611478
0 0.738782 0.605028 0.731270 0.315064 0.772236 0.314002 0.779748 0.603966
0 0.808190 0.586794 0.800678 0.322371 0.830829 0.321514 0.838341 0.585938
0 0.779644 0.591301 0.772132 0.326878 0.802284 0.326022 0.809796 0.590445
