0 0.094019 0.776934 -0.056308 0.707696 0.016725 0.549131 0.167051 0.618369
0 0.401905 0.910613 0.357091 0.910613 0.357091 0.400921 0.401905 0.400921
0 0.439858 0.843503 0.398840 0.843503 0.398840 0.382904 0.439858 0.382904
0 0.218258 0.676832 -0.015110 0.651639 0.000000 0.511670 0.233368 0.536863
0 0.360603 0.985614 0.306005 0.985614 0.306005 0.405528 0.360603 0.405528
0 0.469162 0.787038 0.437214 0.787038 0.437214 0.352284 0.469162 0.352284
0 0.515747 0.707681 0.491673 0.707681 0.491673 0.326025 0.515747 0.326025
0 0.534931 0.670335 0.511703 0.670335 0.511703 0.320539 0.534931 0.320539
0 0.494447 0.743374 0.467477 0.743374 0.467477 0.342387 0.494447 0.342387
0 0.556167 0.638344 0.534207 0.638344 0.534207 0.305578 0.556167 0.305578
0 0.277330 0.596241 0.011989 0.565356 0.025110 0.452629 0.290451 0.483514
0 0.569986 0.611207 0.554237 0.610949 0.559278 0.303816 0.575026 0.304074
0 0.583409 0.587602 0.565882 0.587033 0.575338 0.296097 0.592865 0.296667
0 0.596457 0.563953 0.581332 0.563400 0.591380 0.288706 0.606506 0.289259
0 0.607675 0.543069 0.593951 0.542687 0.601177 0.283321 0.614900 0.283704
0 0.616999 0.519080 0.604659 0.518650 0.613053 0.277718 0.625394 0.278148
0 0.627072 0.511670 0.614732 0.511240 0.623127 0.270309 0.635467 0.270739
0 0.634807 0.504594 0.622571 0.504003 0.634144 0.264221 0.646380 0.264811
0 0.643202 0.495702 0.630966 0.495112 0.642539 0.255329 0.654774 0.255919
0 0.650757 0.488292 0.638521 0.487701 0.650094 0.247919 0.662329 0.248509
0 0.660830 0.474955 0.648594 0.474364 0.660167 0.234582 0.672403 0.235172
