0 0.694287 0.047947 0.470370 -0.175970 0.496886 -0.202487 0.720803 0.021431
0 0.655923 0.054884 0.447720 -0.153320 0.472027 -0.177627 0.680230 0.030577
0 0.626400 0.070658 0.425071 -0.130672 0.449930 -0.155530 0.651259 0.045799
0 0.607863 0.085267 0.408498 -0.114098 0.428938 -0.134538 0.628303 0.064827
0 0.580057 0.089502 0.392477 -0.098077 0.410707 -0.116307 0.598287 0.071272
0 0.560661 0.101042 0.377010 -0.082610 0.396897 -0.102497 0.580548 0.081154
0 0.528068 0.098279 0.362094 -0.067694 0.378114 -0.083715 0.544088 0.082259
0 0.513152 0.113195 0.347179 -0.052779 0.363198 -0.068799 0.529172 0.097175
0 0.485162 0.111721 0.333919 -0.039521 0.349388 -0.054990 0.500630 0.096252
0 0.466809 0.114362 0.323424 -0.029024 0.337788 -0.043388 0.481173 0.099998
0 0.454103 0.127068 0.310718 -0.016318 0.325081 -0.030682 0.468467 0.112704
0 0.443607 0.137564 0.300222 -0.005822 0.314586 -0.020186 0.457971 0.123199
0 0.415434 0.130382 0.289726 0.004674 0.304089 -0.009689 0.429797 0.116018
0 0.401686 0.134311 0.280887 0.013513 0.295803 -0.001403 0.416601 0.119395
0 0.390022 0.138116 0.273153 0.021246 0.288069 0.006330 0.404938 0.123199
0 0.374432 0.137993 0.265418 0.028979 0.278125 0.016273 0.387138 0.125286
0 0.606328 0.951043 0.030821 0.375537 0.335209 0.071150 0.910715 0.646656
0 0.366811 0.142835 0.266200 0.030235 0.275639 0.021801 0.376251 0.134401
0 0.357867 0.147781 0.257256 0.035180 0.266695 0.026746 0.367306 0.139347
0 0.350922 0.154726 0.250311 0.042124 0.259751 0.033690 0.360362 0.146291
0 0.345240 0.160408 0.244629 0.047807 0.254068 0.039373 0.354679 0.151974
0 0.338927 0.166721 0.238316 0.054120 0.247755 0.045686 0.348366 0.158287
0 0.292887 0.203394 0.190964 0.101471 0.235316 0.057120 0.337239 0.159042
