0 0.151540 0.838893 -0.044885 0.799483 0.000847 0.571549 0.197272 0.610959
0 0.288658 0.659684 -0.015225 0.631528 0.000000 0.467213 0.303882 0.495369
0 0.628110 0.631077 0.596924 0.631077 0.596924 0.227786 0.628110 0.227786
0 0.599356 0.664528 0.568642 0.664528 0.568642 0.250867 0.599356 0.250867
0 0.537238 0.767015 0.491918 0.767015 0.491918 0.291224 0.537238 0.291224
0 0.570368 0.715243 0.533796 0.715243 0.533796 0.262620 0.570368 0.262620
0 0.656510 0.590191 0.627594 0.590191 0.627594 0.205421 0.656510 0.205421
0 0.373176 0.524282 0.110500 0.497897 0.122634 0.377105 0.385310 0.403490
0 0.680675 0.554289 0.654643 0.554289 0.654643 0.200143 0.680675 0.200143
0 0.492898 0.832764 0.441898 0.832764 0.441898 0.334245 0.492898 0.334245
0 0.448039 0.895128 0.394083 0.895128 0.394083 0.353797 0.448039 0.353797
0 0.700545 0.527848 0.679765 0.527629 0.683313 0.190892 0.704092 0.191111
0 0.716505 0.501278 0.696399 0.500941 0.701825 0.177811 0.721931 0.178148
0 0.729916 0.479103 0.712455 0.478656 0.720209 0.175849 0.737671 0.176296
0 0.746743 0.459656 0.731794 0.459478 0.735314 0.165007 0.750262 0.165185
0 0.758442 0.434533 0.742707 0.434284 0.747120 0.155677 0.762854 0.155926
0 0.768977 0.421285 0.752551 0.420643 0.763217 0.147876 0.779643 0.148519
0 0.779936 0.407948 0.767717 0.407580 0.775818 0.138891 0.788038 0.139259
0 0.791124 0.384261 0.778804 0.383899 0.786211 0.131490 0.798531 0.131852
0 0.800055 0.368030 0.788334 0.367540 0.798353 0.127659 0.810073 0.128148
0 0.809444 0.351724 0.796295 0.351020 0.808467 0.123740 0.821616 0.124444
0 0.819053 0.348975 0.806733 0.348115 0.822938 0.116176 0.835257 0.117037
