0 0.237063 0.585480 0.112380 0.575721 0.135533 0.279905 0.260216 0.289663
0 0.291466 0.585937 0.189442 0.577952 0.212279 0.286185 0.314303 0.294171
0 0.356070 0.582933 0.253415 0.577012 0.270242 0.285246 0.372897 0.291166
0 0.414663 0.584435 0.312009 0.578515 0.328836 0.286748 0.431490 0.292668
0 0.477764 0.584435 0.375110 0.578515 0.391937 0.286748 0.494591 0.292668
0 0.542368 0.581430 0.439713 0.575510 0.456540 0.283743 0.559195 0.289663
0 0.600962 0.584435 0.498307 0.578515 0.515134 0.286748 0.617788 0.292668
0 0.661058 0.582933 0.558403 0.577012 0.575230 0.285246 0.677885 0.291166
0 0.724076 0.584896 0.621004 0.580544 0.633406 0.286814 0.736478 0.291166
0 0.785745 0.586701 0.682082 0.585001 0.686902 0.290969 0.790565 0.292668
0 0.848846 0.583696 0.745183 0.581997 0.750003 0.287964 0.853666 0.289663
0 0.817556 0.585879 0.807848 0.294646 0.912259 0.291166 0.921967 0.582399
0 0.880657 0.581372 0.870949 0.290139 0.975361 0.286659 0.985068 0.577892
