0 0.061718 0.690278 0.000782 0.690278 0.000782 0.461110 0.061718 0.461110
0 1.000000 0.658333 0.965624 0.658333 0.965624 0.458333 1.000000 0.458333
0 0.929688 0.763889 0.807813 0.763889 0.807813 0.451389 0.929688 0.451389
0 0.822656 0.769444 0.705468 0.769444 0.705468 0.459722 0.822656 0.459722
0 0.700781 0.726389 0.597657 0.726389 0.597657 0.451389 0.700781 0.451389
0 0.596876 0.697222 0.516406 0.697222 0.516406 0.463889 0.596876 0.463889
0 0.515625 0.676389 0.436719 0.676389 0.436719 0.459723 0.515625 0.459723
0 0.442188 0.668056 0.371094 0.668056 0.371094 0.465278 0.442188 0.465278
0 0.374218 0.644444 0.310156 0.644444 0.310156 0.462500 0.374218 0.462500
0 0.310156 0.633333 0.249219 0.633333 0.249219 0.459723 0.310156 0.459723
0 0.253906 0.633333 0.192969 0.633333 0.192969 0.458333 0.253906 0.458333
