1 0.669352 0.716563 0.516923 0.716563 0.516923 0.172236 0.669352 0.172236
1 0.514639 0.634038 0.422956 0.634038 0.422956 0.202019 0.514639 0.202019
1 0.445937 0.601827 0.374303 0.601827 0.374303 0.221442 0.445937 0.221442
1 0.392620 0.572380 0.336898 0.572380 0.336898 0.238148 0.392620 0.238148
1 0.349639 0.548509 0.305866 0.548509 0.305866 0.248486 0.349639 0.248486
1 0.315409 0.536563 0.275625 0.536563 0.275625 0.257236 0.315409 0.257236
1 0.292644 0.503245 0.248991 0.503245 0.248991 0.241803 0.292644 0.241803
1 0.271081 0.497187 0.241250 0.497187 0.241250 0.271634 0.271081 0.271634
1 0.530456 0.998438 0.443366 0.998438 0.443366 0.651587 0.530456 0.651587
1 0.449087 0.998438 0.386058 0.998438 0.386058 0.630963 0.449087 0.630963
1 0.405530 0.945745 0.346514 0.945745 0.346514 0.616155 0.405530 0.616155
1 0.363077 0.909255 0.320648 0.909255 0.320648 0.631394 0.363077 0.631394
1 0.333245 0.862188 0.301419 0.862188 0.301419 0.606202 0.333245 0.606202
1 0.306058 0.833005 0.279519 0.833005 0.279519 0.605530 0.306058 0.605530
1 0.285505 0.795866 0.258294 0.795866 0.258294 0.593606 0.285505 0.593606
1 0.272236 0.781273 0.241058 0.781273 0.241058 0.584977 0.272236 0.584977
1 0.342948 0.138925 0.147835 0.091342 0.154297 0.064844 0.349410 0.112426
