0 0.884869 0.995734 0.510817 0.925481 0.645882 0.206350 1.019934 0.276603
0 0.586869 0.941210 0.301983 0.884916 0.442146 0.175607 0.727031 0.231902
0 0.328814 0.886946 0.040565 0.838341 0.159467 0.133187 0.447716 0.181791
0 0.161423 0.163981 -0.002885 0.129390 0.006966 0.082596 0.171274 0.117188
0 0.348471 0.172728 0.139623 0.132736 0.144719 0.106125 0.353567 0.146117
0 0.428099 0.159206 0.219251 0.119214 0.224346 0.092603 0.433194 0.132595
0 0.501716 0.144182 0.292868 0.104190 0.297964 0.077579 0.506812 0.117571
0 0.501716 0.144182 0.292868 0.104190 0.297964 0.077579 0.506812 0.117571
0 0.578483 0.196526 0.355434 0.151916 0.361386 0.122157 0.584435 0.166767
0 0.667125 0.186009 0.444076 0.141399 0.450028 0.111640 0.673077 0.156250
0 0.769651 0.241149 0.534350 0.186993 0.541442 0.156180 0.776743 0.210337
0 0.836690 0.214030 0.602464 0.171274 0.608623 0.137533 0.842849 0.180288
0 0.895283 0.203513 0.661058 0.160757 0.667217 0.127016 0.901442 0.169772
0 0.736028 0.174967 0.501803 0.132212 0.507962 0.098471 0.742188 0.141226
0 0.173502 0.154524 -0.000007 0.120226 0.006780 0.085894 0.180288 0.120192
0 0.996113 0.287311 0.749699 0.229868 0.760152 0.185032 1.006565 0.242475
0 0.998517 0.243742 0.752103 0.186298 0.762555 0.141462 1.008969 0.198906
