0 0.597657 0.998611 0.423437 0.998611 0.423437 0.590278 0.597657 0.590278
0 0.660937 0.998611 0.592968 0.998611 0.592968 0.577778 0.660937 0.577778
0 0.729688 0.998611 0.661718 0.998611 0.661718 0.577778 0.729688 0.577778
0 0.797657 0.998611 0.729688 0.998611 0.729688 0.579167 0.797657 0.579167
0 0.877343 0.998611 0.792968 0.998611 0.792968 0.569444 0.877343 0.569444
0 0.973437 0.998611 0.859375 0.998611 0.859375 0.572222 0.973437 0.572222
0 0.063393 0.677633 -0.003250 0.674751 0.002232 0.548015 0.068875 0.550898
0 0.119643 0.661756 0.072309 0.660744 0.074697 0.548997 0.122031 0.550008
0 0.162946 0.652228 0.125893 0.652228 0.125893 0.547435 0.162946 0.547435
0 0.203571 0.660167 0.173110 0.659364 0.176012 0.549197 0.206473 0.550000
0 0.202835 0.667464 0.199710 0.552931 0.234375 0.551985 0.237500 0.666518
