0 0.347088 0.828403 0.319699 0.611593 0.738104 0.558736 0.765494 0.775546
0 0.379968 0.631039 0.345028 0.415316 0.761690 0.347831 0.796630 0.563554
0 0.335109 0.397221 0.303260 0.200577 0.698257 0.136601 0.730106 0.333245
0 0.300028 0.146744 0.277668 0.008687 0.646919 -0.051119 0.669279 0.086938
0 0.275385 0.878029 -0.000000 0.878029 0.000000 0.675072 0.275385 0.675072
0 0.253942 0.609063 -0.000000 0.609063 0.000000 0.414327 0.253942 0.414327
0 0.242380 0.382981 -0.000000 0.382981 0.000000 0.219615 0.242380 0.219615
0 1.000000 0.879687 0.861202 0.879687 0.861202 0.656899 1.000000 0.656899
0 1.000000 0.623918 0.829856 0.623918 0.829856 0.442380 1.000000 0.442380
0 0.999808 0.402788 0.806755 0.402788 0.806755 0.211370 0.999808 0.211370
0 0.232163 0.151298 -0.000000 0.151298 0.000000 0.000000 0.232163 0.000000
0 1.000000 0.172596 0.766803 0.172596 0.766803 0.000000 1.000000 0.000000
