0 0.127885 0.846392 -0.055674 0.799136 0.001120 0.578523 0.184680 0.625779
0 0.280913 0.668254 -0.015415 0.638616 0.000839 0.476105 0.297167 0.505743
0 0.619543 0.630618 0.590839 0.630618 0.590839 0.233142 0.619543 0.233142
0 0.529733 0.773736 0.485505 0.773736 0.485505 0.294625 0.529733 0.294625
0 0.564831 0.717575 0.525753 0.717575 0.525753 0.282316 0.564831 0.282316
0 0.647578 0.594908 0.619934 0.594908 0.619934 0.213791 0.647578 0.213791
0 0.671778 0.559463 0.646584 0.559463 0.646584 0.205846 0.671778 0.205846
0 0.487472 0.840788 0.434114 0.840788 0.434114 0.331290 0.487472 0.331290
0 0.592590 0.670813 0.561452 0.670813 0.561452 0.252267 0.592590 0.252267
0 0.442112 0.908284 0.384356 0.908284 0.384356 0.357023 0.442112 0.357023
0 0.692605 0.534722 0.670553 0.534722 0.670553 0.194172 0.692605 0.194172
0 0.372475 0.523543 0.099958 0.506696 0.107126 0.390747 0.379643 0.407594
0 0.705337 0.510931 0.685255 0.510357 0.694504 0.186833 0.714586 0.187407
0 0.718277 0.485683 0.702276 0.485166 0.712226 0.177631 0.728227 0.178148
0 0.737645 0.464886 0.722005 0.464663 0.726228 0.168666 0.741868 0.168889
0 0.749436 0.442747 0.734581 0.442429 0.740655 0.159311 0.755509 0.159630
0 0.761076 0.422080 0.743607 0.421497 0.752731 0.147936 0.770199 0.148519
0 0.772746 0.404457 0.756146 0.403767 0.767241 0.136718 0.783841 0.137407
0 0.782028 0.389395 0.771358 0.389093 0.778416 0.138958 0.789087 0.139259
0 0.790302 0.377574 0.777610 0.377091 0.786888 0.133221 0.799580 0.133704
0 0.801915 0.359979 0.789481 0.359438 0.799738 0.123903 0.812172 0.124444
