1 0.964639 0.219062 0.930937 0.219062 0.930937 0.195866 0.964639 0.195866
1 0.926514 0.219616 0.908822 0.219616 0.908822 0.193102 0.926514 0.193102
1 0.995472 0.254521 0.872934 0.229713 0.878605 0.201700 1.001144 0.226507
1 0.923090 0.289502 0.762742 0.238636 0.772919 0.206556 0.933267 0.257422
1 0.942451 0.355048 0.888966 0.355048 0.888966 0.291081 0.942451 0.291081
1 0.995938 0.344544 0.930049 0.344544 0.930049 0.278655 0.995938 0.278655
1 0.998438 0.223486 0.959111 0.223486 0.959111 0.190889 0.998438 0.190889
1 0.972509 0.276550 0.844248 0.229867 0.853934 0.203258 0.982194 0.249941
1 0.963056 0.286170 0.802116 0.246342 0.813458 0.200512 0.974398 0.240341
1 0.113220 1.009837 0.004261 0.404830 0.185076 0.372266 0.294034 0.977273
1 0.331954 0.927817 0.287269 0.367097 0.401989 0.357955 0.446674 0.918675
1 0.416178 0.873651 0.414687 0.339795 0.524149 0.339489 0.525640 0.873345
1 0.602115 0.817695 0.521306 0.816761 0.527146 0.311566 0.607955 0.312500
1 0.662163 0.784791 0.582447 0.780187 0.610625 0.292271 0.690341 0.296875
1 0.713057 0.748692 0.648564 0.741768 0.698292 0.278587 0.762784 0.285511
1 0.760619 0.701886 0.712783 0.695807 0.767505 0.265227 0.815341 0.271306
1 0.807494 0.686261 0.759658 0.680182 0.814380 0.249602 0.862216 0.255681
