0 0.567580 0.369109 0.400624 0.202154 0.421771 0.181007 0.588726 0.347962
0 0.544862 0.393135 0.377907 0.226180 0.399054 0.205034 0.566008 0.371988
0 0.526356 0.422116 0.359401 0.255161 0.380548 0.234014 0.547503 0.400970
0 0.503835 0.448566 0.336880 0.281611 0.358027 0.260464 0.524982 0.427419
0 0.482624 0.476326 0.315668 0.309371 0.336815 0.288224 0.503771 0.455180
0 0.469334 0.505328 0.302379 0.338373 0.323526 0.317227 0.490481 0.484182
0 0.447446 0.527217 0.280491 0.360262 0.301638 0.339115 0.468593 0.506070
0 0.425842 0.550132 0.258885 0.383176 0.280032 0.362029 0.446988 0.528985
0 0.431887 0.592535 0.243980 0.404628 0.264756 0.383852 0.452663 0.571759
0 0.805001 0.728113 0.659084 0.377140 0.953865 0.254585 1.099782 0.605558
0 0.580189 0.746030 0.544878 0.378966 0.751242 0.359114 0.786554 0.726178
0 0.538986 0.780472 0.408839 0.749193 0.489747 0.412551 0.619893 0.443830
0 0.351267 0.543225 0.236443 0.428402 0.249502 0.415343 0.364326 0.530167
0 0.321158 0.548798 0.221772 0.454160 0.233965 0.441356 0.333351 0.535994
0 0.291730 0.555082 0.208393 0.475307 0.220086 0.463092 0.303423 0.542868
0 0.282409 0.570691 0.199071 0.490915 0.210764 0.478701 0.294101 0.558477
0 0.404175 0.800504 0.305645 0.770652 0.397886 0.466201 0.496415 0.496052
0 0.293392 0.797575 0.225223 0.762728 0.354532 0.509769 0.422701 0.544617
