0 0.814640 1.050386 0.590277 0.997198 0.636152 0.803684 0.860515 0.856872
0 0.633319 1.024711 0.480550 0.998438 0.530935 0.705468 0.683705 0.731741
0 0.781876 0.509490 0.294496 0.509490 0.294496 0.465486 0.781876 0.465486
0 0.683207 0.433728 0.256979 0.433728 0.256979 0.403711 0.683207 0.403711
0 0.638146 0.405932 0.237605 0.405932 0.237605 0.376413 0.638146 0.376413
0 0.600029 0.375507 0.221793 0.375507 0.221793 0.347733 0.600029 0.347733
0 0.523730 0.882302 0.405591 0.877303 0.416468 0.620263 0.534608 0.625263
0 0.855924 0.560368 0.335360 0.560368 0.335360 0.508228 0.855924 0.508228
0 0.914285 0.611134 0.358977 0.611134 0.358977 0.552574 0.914285 0.552574
0 0.560904 0.348096 0.209964 0.348096 0.209964 0.324805 0.560904 0.324805
0 0.723032 0.468199 0.279281 0.468199 0.279281 0.431906 0.723032 0.431906
0 0.538067 0.326291 0.199481 0.326291 0.199481 0.304168 0.538067 0.304168
0 0.516874 0.307567 0.195045 0.303120 0.195296 0.284901 0.517126 0.289348
0 0.496116 0.288524 0.181717 0.285572 0.181852 0.271260 0.496251 0.274212
0 0.478328 0.273326 0.174245 0.268746 0.174444 0.255520 0.478527 0.260100
0 0.451581 0.264365 0.166644 0.257752 0.167037 0.240830 0.451974 0.247442
0 0.435225 0.249903 0.155573 0.243395 0.155926 0.228238 0.435578 0.234746
0 0.417585 0.236213 0.148255 0.230750 0.148518 0.217745 0.417849 0.223208
0 0.396783 0.224093 0.144576 0.217622 0.144815 0.208301 0.397022 0.214772
0 0.379005 0.213794 0.140829 0.207604 0.141111 0.196759 0.379286 0.202949
