1 0.414255 0.810528 0.162115 0.810528 0.162115 0.771755 0.414255 0.771755
1 0.428894 0.832403 0.193966 0.832403 0.193966 0.804759 0.428894 0.804759
1 0.856707 0.597236 0.407019 0.597236 0.407019 0.504927 0.856707 0.504927
1 0.344231 0.664879 -0.000000 0.664879 0.000000 0.590865 0.344231 0.590865
1 0.388798 0.730937 0.024231 0.730937 0.024231 0.675216 0.388798 0.675216
1 0.805793 0.671250 0.423726 0.671250 0.423726 0.597236 0.805793 0.597236
1 0.760433 0.719783 0.437260 0.719783 0.437260 0.669639 0.760433 0.669639
1 0.733558 0.752187 0.436899 0.752187 0.436899 0.713437 0.733558 0.713437
1 0.397380 0.766394 0.082308 0.766394 0.082308 0.716490 0.397380 0.716490
1 0.413125 0.787885 0.123365 0.787885 0.123365 0.751033 0.413125 0.751033
1 0.427356 0.846226 0.216995 0.846226 0.216995 0.826634 0.427356 0.826634
1 0.712067 0.777909 0.456490 0.777909 0.456490 0.744520 0.712067 0.744520
1 0.691731 0.799784 0.448798 0.799784 0.448798 0.769111 0.691731 0.769111
1 0.679063 0.819351 0.453029 0.819351 0.453029 0.795937 0.679063 0.795937
1 0.660264 0.836995 0.456106 0.836995 0.456106 0.810528 0.660264 0.810528
1 0.647212 0.853510 0.456106 0.853510 0.456106 0.827403 0.647212 0.827403
1 0.643389 0.863486 0.461851 0.863486 0.461851 0.843149 0.643389 0.843149
1 0.634207 0.874615 0.467236 0.874615 0.467236 0.856972 0.634207 0.856972
1 0.605000 0.917597 0.478365 0.917597 0.478365 0.904158 0.605000 0.904158
1 0.604231 0.906851 0.481418 0.906851 0.481418 0.894183 0.604231 0.894183
1 0.619976 0.901851 0.474519 0.901851 0.474519 0.885361 0.619976 0.885361
1 0.634207 0.886129 0.465697 0.886129 0.465697 0.871153 0.634207 0.871153
1 0.469135 0.932573 0.341731 0.932573 0.341731 0.917212 0.469135 0.917212
1 0.432308 0.872307 0.249615 0.872307 0.249615 0.852740 0.432308 0.852740
1 0.440024 0.891105 0.280337 0.891105 0.280337 0.874999 0.440024 0.874999
1 0.438486 0.883822 0.266899 0.883822 0.266899 0.864639 0.438486 0.864639
1 0.453029 0.903774 0.294904 0.903774 0.294904 0.886514 0.453029 0.886514
1 0.456875 0.912596 0.310649 0.912596 0.310649 0.898413 0.456875 0.898413
