0 0.161925 0.815000 -0.042784 0.774087 0.000957 0.555227 0.205666 0.596140
0 0.290507 0.647440 -0.006483 0.630505 0.002695 0.469543 0.299685 0.486478
0 0.601971 0.650177 0.569613 0.650177 0.569613 0.238917 0.601971 0.238917
0 0.658293 0.580123 0.628693 0.580123 0.628693 0.199771 0.658293 0.199771
0 0.570953 0.697349 0.535601 0.697349 0.535601 0.255956 0.570953 0.255956
0 0.373775 0.509598 0.117677 0.480935 0.130051 0.370381 0.386149 0.399045
0 0.630579 0.615565 0.600323 0.615565 0.600323 0.216743 0.630579 0.216743
0 0.682594 0.542466 0.657434 0.542466 0.657434 0.189758 0.682594 0.189758
0 0.538403 0.747976 0.492329 0.747976 0.492329 0.277477 0.538403 0.277477
0 0.449476 0.874719 0.394882 0.874719 0.394882 0.345673 0.449476 0.345673
0 0.494361 0.812999 0.443331 0.812999 0.443331 0.323873 0.494361 0.323873
0 0.705119 0.512331 0.680313 0.512331 0.680313 0.179434 0.705119 0.179434
0 0.718643 0.493105 0.697158 0.492748 0.702544 0.168532 0.724030 0.168889
0 0.733899 0.469347 0.715017 0.468985 0.720887 0.162971 0.739769 0.163333
0 0.746174 0.448665 0.732180 0.448319 0.739416 0.155580 0.753410 0.155926
0 0.761501 0.426415 0.746695 0.426118 0.752245 0.150073 0.767051 0.150370
0 0.773122 0.410150 0.758546 0.409686 0.767166 0.138795 0.781742 0.139259
0 0.782205 0.392556 0.768520 0.392033 0.778551 0.129477 0.792235 0.130000
0 0.791549 0.378973 0.780860 0.378635 0.788892 0.124107 0.799580 0.124444
0 0.803339 0.361222 0.792995 0.360890 0.800779 0.118557 0.811123 0.118889
0 0.813938 0.349443 0.799435 0.348843 0.809211 0.112733 0.823715 0.113333
