0 0.918153 0.753751 0.064924 0.753751 0.064924 0.305045 0.918153 0.305045
0 0.272487 0.076377 0.003331 0.076377 0.003331 0.044049 0.272487 0.044049
0 0.294867 0.048030 0.003592 0.048030 0.003592 0.014316 0.294867 0.014316
0 0.259329 0.101869 0.004575 0.101869 0.004575 0.071165 0.259329 0.071165
0 0.230943 0.148238 0.005385 0.148238 0.005385 0.122345 0.230943 0.122345
0 0.222156 0.167512 0.004068 0.167512 0.004068 0.142648 0.222156 0.142648
0 0.311151 0.017594 0.006633 0.017594 0.006633 -0.000781 0.311151 -0.000781
0 0.204861 0.203878 0.000557 0.203878 0.000557 0.181033 0.204861 0.181033
0 0.212212 0.187131 0.001371 0.187131 0.001371 0.162894 0.212212 0.162894
0 0.248722 0.126319 0.011526 0.126319 0.011526 0.098605 0.248722 0.098605
0 0.181894 0.239141 0.000415 0.239141 0.000415 0.218559 0.181894 0.218559
0 0.191711 0.221508 -0.000000 0.221508 0.000000 0.199826 0.191711 0.199826
0 0.177021 0.255616 -0.000462 0.251631 0.000000 0.231059 0.177483 0.235045
0 0.177021 0.267223 -0.000462 0.263238 0.000000 0.242666 0.177483 0.246652
0 0.177021 0.281509 -0.000462 0.277524 0.000000 0.256952 0.177483 0.260938
0 0.148904 0.295897 -0.001177 0.287289 0.000000 0.266774 0.150080 0.275382
0 0.148904 0.305718 -0.001177 0.297110 0.000000 0.276595 0.150081 0.285203
0 0.148904 0.316433 -0.001177 0.307825 0.000000 0.287310 0.150080 0.295918
0 0.148904 0.325361 -0.001177 0.316753 0.000000 0.296238 0.150081 0.304846
0 0.133418 0.326642 -0.000000 0.326642 0.000000 0.306060 0.133418 0.306060
0 0.133418 0.337356 -0.000000 0.337356 0.000000 0.316774 0.133418 0.316774
0 0.135006 0.402455 -0.000000 0.402455 0.000000 0.333705 0.135006 0.333705
