0 0.837577 0.692063 0.805049 0.275917 0.875551 0.270406 0.908079 0.686552
0 0.771966 0.693777 0.734695 0.291799 0.798943 0.285842 0.836213 0.687820
0 0.906186 0.691108 0.860069 0.261403 0.941868 0.252624 0.987986 0.682329
0 0.708053 0.698507 0.671839 0.304716 0.736515 0.298769 0.772728 0.692560
0 0.204858 0.693800 0.134781 0.693800 0.134781 0.320791 0.204858 0.320791
0 0.548347 0.702386 0.478231 0.702386 0.478231 0.345985 0.548347 0.345985
0 0.149121 0.686024 0.075683 0.686024 0.075683 0.314864 0.149121 0.314864
0 0.479130 0.705966 0.415544 0.705966 0.415544 0.353394 0.479130 0.353394
0 0.088856 0.676429 0.011966 0.676429 0.011966 0.298562 0.088856 0.298562
0 0.425082 0.706437 0.359684 0.706437 0.359684 0.356358 0.425082 0.356358
0 0.266884 0.698648 0.199002 0.698648 0.199002 0.335611 0.266884 0.335611
0 0.372019 0.704747 0.308693 0.704747 0.308693 0.351912 0.372019 0.351912
0 0.320007 0.703649 0.253607 0.703649 0.253607 0.347466 0.320007 0.347466
0 0.601639 0.703465 0.531614 0.703465 0.531614 0.337093 0.601639 0.337093
0 0.709417 0.693225 0.645240 0.693225 0.645240 0.309542 0.709417 0.309542
0 0.999475 0.676704 0.967989 0.676704 0.967989 0.249404 0.999475 0.249404
